8495153370.02959,657255757.4984,24243960306.1276,790172734.358597,35771366100.4527,8431168645.4552,175753409.889968,1627722714.66061,2784729895.15962,4750863961.142,488022466.38056,5911500316.46961,11264634400.9406,1010217466.06067,18426912675.5543,46631052825.3764,26995232846.0977,7663305333.41159,4277168.48312679,26138337730.2403,28285635203.0476,975861183.605711,826915733.97802,16159483726.6062,143915862.185216,4425957478.56084,365303486.606648,257263283.705088,41504433096.8487,4394232568.87617
689680902.678468,62981107.8491858,4448350943.48437,30103700.3146964,26567898948.5172,2456053602.66903,840.776586428811,454486155.710946,512216415.323796,4208368555.37615,5184.6268989242,557566402.098172,1307280671.98204,29969543.5614077,13635664552.1957,9933402815.13597,11076988534.8697,3782940572.22914,1944.14268793618,869792465.249923,6763571663.66513,62928697.1687702,428900.965449605,6394890702.86004,83.742294720473,356652539.75556,1668144.81692719,10806.5393291467,14520411918.2012,42643518.2442115
5459.44909786001,49332546.9772356,2433265006.02316,1382529.53732177,11980868972.8183,92552195.028985,837.392694761236,437274331.929646,362751694.29557,2351013085.21364,3628.08004444931,4103300.04496522,253945702.609391,134769.63868634,13632163684.2499,932195311.169098,5072454827.05791,2153654467.49284,1943.98006493238,798049743.53813,1922823550.14712,23886330.2813147,1447.72281622175,3297710667.59109,83.0030831351872,178256766.199677,10912.6042388874,10769.2947136653,2877281299.65978,18153.7316009695
5316.20477072006,17462774.4525093,288753111.205154,19386.6434248319,11973700681.7657,57406.8690832915,837.17632954555,255224018.700356,1498211.56492478,1535047749.42564,3627.09055174736,8535.95106119,11000568.2900388,1341.88740891287,13127387024.3435,11464399.6844795,5072137866.91641,350727160.278572,1943.44143904588,767073397.005126,1046873865.6242,17847434.6255492,95.7350629846097,2167867201.40792,82.9832120189043,14033555.6919275,5535.47321003493,10766.6009372115,2591345657.05435,17.1302453102314
5312.34504108485,11165995.2489702,117489261.48649,5462.62472908965,11970873686.3619,1959.91673839959,836.48465811743,255223769.359939,70973.2366469007,1208283279.16363,3624.1475241374,6565.57148008025,10916601.8324819,1341.03631643636,13127332710.3713,10601185.5617242,5070711968.7914,157645986.724571,1942.10898628671,766398705.107614,171815612.694229,11304299.3892342,95.3233021501939,789750277.489487,82.907525165944,1704.59759619157,5530.77435795293,10758.5266999281,1931079744.01846,17.11817163352
5304.51156817377,11165946.2777703,117077817.67062,5462.62465308755,11970873686.3619,1957.7681834145,835.137663607743,255223769.359939,18053.3879941334,1208283279.16036,3619.19403201417,6565.54608615484,5006.08096572155,1339.01277174897,13127332710.3713,2724.22220134601,5070711968.7914,156463724.027151,1939.48489754117,766398705.107614,171812529.059355,11304292.2573644,95.2023068019759,789750277.489268,82.7958450985047,1619.61727898435,5523.18033975646,10742.3384659065,1931079744.01846,17.0930073934119
5297.47393909486,11165946.2777703,117077817.67062,5462.62465308755,11970873686.3619,1955.12648375433,833.931676878092,255223769.359939,18053.3879941334,1208283279.16036,3614.01253380935,6565.54608615484,5006.08096572155,1337.17112664663,13127332710.3713,2724.22220134601,5070711968.7914,156463724.027151,1936.68499187217,766398705.107614,171812529.059355,11304292.2573644,95.0672283487912,789750277.489268,82.6735882981627,1619.61727898435,5514.93089950679,10725.1712933843,1931079744.01846,17.0671396281631
5289.44313883898,11165946.2777703,117077817.67062,5462.62465308755,11970873686.3619,1952.30804931683,832.838780427402,255223769.359939,18053.3879941334,1208283279.16036,3608.91440077542,6565.54608615484,5006.08096572155,1335.19676789701,13127332710.3713,2724.22220134601,5070711968.7914,156463724.027151,1933.82229672884,766398705.107614,171812529.059355,11304292.2573644,94.9319667465781,789750277.489268,82.5451232213898,1619.61727898435,5507.08093483063,10709.2746987637,1931079744.01846,17.0403754047832
5282.9046746901,11165946.2777703,117077817.67062,5462.62465308755,11970873686.3619,1949.35712235814,831.632091099656,255223769.359939,18053.3879941334,1208283279.16036,3604.08241422462,6565.54608615484,5006.08096572155,1333.25754610903,13127332710.3713,2724.22220134601,5070711968.7914,156463724.027151,1931.03861344886,766398705.107614,171812529.059355,11304292.2573644,94.7889842428656,789750277.489268,82.4361318920737,1619.61727898435,5498.79199694558,10694.1356902294,1931079744.01846,17.0174439116618
5275.36949341112,11165946.2777703,117077817.67062,5462.62465308755,11970873686.3619,1946.4663573064,830.382162678929,255223769.359939,18053.3879941334,1208283279.16036,3598.5501400242,6565.54608615484,5006.08096572155,1331.25346881212,13127332710.3713,2724.22220134601,5070711968.7914,156463724.027151,1928.24309012673,766398705.107614,171812529.059355,11304292.2573644,94.6597199284068,789750277.489268,82.3205130573537,1619.61727898435,5490.90154223235,10678.297546397,1931079744.01846,16.9899505148765
5267.39602716988,11165946.2777703,117077817.67062,5462.62465308755,11970873686.3619,1943.52018147415,829.236698245982,255223769.359939,18053.3879941334,1208283279.16036,3593.56289394472,6565.54608615484,5006.08096572155,1329.40216628373,13127332710.3713,2724.22220134601,5070711968.7914,156463724.027151,1925.14096085829,766398705.107614,171812529.059355,11304292.2573644,94.5264994156003,789750277.489268,82.205959061283,1619.61727898435,5482.95000887849,10662.5594379246,1931079744.01846,16.963339563854
5260.42750084562,11165946.2777703,117077817.67062,5462.62465308755,11970873686.3619,1940.92922668925,827.997482495461,255223769.359939,18053.3879941334,1208283279.16036,3588.65541981361,6565.54608615484,5006.08096572155,1327.57488997051,13127332710.3713,2724.22220134601,5070711968.7914,156463724.027151,1922.3120957375,766398705.107614,171812529.059355,11304292.2573644,94.3937502836497,789750277.489268,82.092096666045,1619.61727898435,5475.18223479511,10647.5767033523,1931079744.01846,16.941099296433
5253.3250692972,11165946.2777703,117077817.67062,5462.62465308755,11970873686.3619,1938.07712018276,826.696921524365,255223769.359939,18053.3879941334,1208283279.16036,3583.16389593126,6565.54608615484,5006.08096572155,1325.69215872117,13127332710.3713,2724.22220134601,5070711968.7914,156463724.027151,1919.20191466575,766398705.107614,171812529.059355,11304292.2573644,94.2498363525605,789750277.489268,81.9585191617853,1619.61727898435,5467.72198328167,10631.4150718626,1931079744.01846,16.9191576520454
5245.67130744241,11165946.2777703,117077817.67062,5462.62465308755,11970873686.3619,1935.33848863136,825.519121795017,255223769.359939,18053.3879941334,1208283279.16036,3577.25251173883,6565.54608615484,5006.08096572155,1323.77599302916,13127332710.3713,2724.22220134601,5070711968.7914,156463724.027151,1916.32249321623,766398705.107614,171812529.059355,11304292.2573644,94.122302981126,789750277.489268,81.8471454965872,1619.61727898435,5460.23250198938,10615.2206575437,1931079744.01846,16.8931654020427
