1565.8058400424,1557.05391347813,768.676722086928,1772.69813635675,2513.63494146556,2509.08753601275,2230.31654225494,2563.23225055218,1876.04232312464,2636.40099099938,1642.11368993972,1558.84534391011,1809.46350356556,2687.39856117513,877.646369560842,2339.02652155421,2646.54195128164,3015.41175097971,1370.81111679714,2219.66852900035,2907.10505338204,1234.14283725773,1469.21714071309,1187.80206274144,2131.87270056244,1403.98955572404,1449.54181524463,2138.01225384061,1745.23191672058,1312.74152407037
1471.87518913843,1557.05373950698,768.676716776377,1772.69813366942,2508.49107240065,2503.21055366339,2154.60609181231,2449.89892481823,1876.04228247505,2636.40095850457,1642.0795197845,1513.40791504533,1809.46348990677,2535.96694570863,877.646367524926,2335.73726793034,2632.99107093843,3002.95472271885,1357.35091791822,2219.28716353356,2718.54340372534,1234.14283055099,1469.01729173866,1187.64069172991,2131.87229476146,1403.96021590194,1449.54018136992,2138.01224171145,1745.23171750508,1309.4195695267
1464.81616162828,1557.05373950698,768.676716776377,1772.69813366942,2508.49016880049,2499.75098806357,2154.08824872927,2443.10756934816,1876.04228247504,2636.40095850457,1642.07951978449,1513.40738347365,1809.46348990677,2535.96694570863,877.646367524926,2335.73726770717,2632.99107023391,3002.34473300339,1357.3503721043,2219.28716353356,2718.50300430011,1234.14283055099,1469.01729173412,1187.64069050368,2131.87229476146,1403.96021590187,1449.54018136992,2138.01224171145,1745.23171750501,1309.41748971824
1441.32438398533,1557.05373950698,768.676716776377,1772.69813366942,2508.49016880049,2499.74443107367,2154.08824267889,2443.10756934816,1876.04228247504,2636.40095850457,1642.07951978449,1513.40738346263,1809.46348990677,2535.96694570863,877.646367524926,2335.73726770717,2632.99107023391,3002.2463004587,1357.35037210124,2219.28716353356,2698.86941397261,1234.14283055099,1469.01729173412,1187.64069050365,2131.87229476146,1403.96021590187,1449.54018136992,2138.01224171145,1745.23171750501,1309.41748971824
1441.32438398533,1557.05373950698,768.676716776377,1772.69813366942,2508.49016880049,2499.74443107308,2154.08824267889,2443.10756934816,1876.04228247504,2636.40095850457,1642.07951978449,1513.40738346263,1809.46348990677,2535.96694570863,877.646367524926,2335.73726770717,2632.99107023391,3002.24571103949,1357.35037210124,2219.28716353356,2698.8694139726,1234.14283055099,1469.01729173412,1187.64069050365,2131.87229476146,1403.96021590187,1449.54018136992,2138.01224171145,1745.23171750501,1309.41748971824
1441.32438398533,1557.05373950698,768.676716776377,1772.69813366942,2508.49016880049,2499.74443107308,2154.08824267889,2443.10756934816,1876.04228247504,2636.40095850457,1642.07951978449,1513.40738346263,1809.46348990677,2535.96694570863,877.646367524926,2335.73726770717,2632.99107023391,3002.24571103949,1357.35037210124,2219.28716353356,2698.8694139726,1234.14283055099,1469.01729173412,1187.64069050365,2131.87229476146,1403.96021590187,1449.54018136992,2138.01224171145,1745.23171750501,1309.41748971824
1441.32438398533,1557.05373950698,768.676716776377,1772.69813366942,2508.49016880049,2499.74443107308,2154.08824267889,2443.10756934816,1876.04228247504,2636.40095850457,1642.07951978449,1513.40738346263,1809.46348990677,2535.96694570863,877.646367524926,2335.73726770717,2632.99107023391,3002.24571103949,1357.35037210124,2219.28716353356,2698.8694139726,1234.14283055099,1469.01729173412,1187.64069050365,2131.87229476146,1403.96021590187,1449.54018136992,2138.01224171145,1745.23171750501,1309.41748971824
1441.32438398533,1557.05373950698,768.676716776377,1772.69813366942,2508.49016880049,2499.74443107308,2154.08824267889,2443.10756934816,1876.04228247504,2636.40095850457,1642.07951978449,1513.40738346263,1809.46348990677,2535.96694570863,877.646367524926,2335.73726770717,2632.99107023391,3002.24571103949,1357.35037210124,2219.28716353356,2698.8694139726,1234.14283055099,1469.01729173412,1187.64069050365,2131.87229476146,1403.96021590187,1449.54018136992,2138.01224171145,1745.23171750501,1309.41748971824
1441.32438398533,1557.05373950698,768.676716776377,1772.69813366942,2508.49016880049,2499.74443107308,2154.08824267889,2443.10756934816,1876.04228247504,2636.40095850457,1642.07951978449,1513.40738346263,1809.46348990677,2535.96694570863,877.646367524926,2335.73726770717,2632.99107023391,3002.24571103949,1357.35037210124,2219.28716353356,2698.8694139726,1234.14283055099,1469.01729173412,1187.64069050365,2131.87229476146,1403.96021590187,1449.54018136992,2138.01224171145,1745.23171750501,1309.41748971824
1441.32438398533,1557.05373950698,768.676716776377,1772.69813366942,2508.49016880049,2499.74443107308,2154.08824267889,2443.10756934816,1876.04228247504,2636.40095850457,1642.07951978449,1513.40738346263,1809.46348990677,2535.96694570863,877.646367524926,2335.73726770717,2632.99107023391,3002.24571103949,1357.35037210124,2219.28716353356,2698.8694139726,1234.14283055099,1469.01729173412,1187.64069050365,2131.87229476146,1403.96021590187,1449.54018136992,2138.01224171145,1745.23171750501,1309.41748971824
1441.32438398533,1557.05373950698,768.676716776377,1772.69813366942,2508.49016880049,2499.74443107308,2154.08824267889,2443.10756934816,1876.04228247504,2636.40095850457,1642.07951978449,1513.40738346263,1809.46348990677,2535.96694570863,877.646367524926,2335.73726770717,2632.99107023391,3002.24571103949,1357.35037210124,2219.28716353356,2698.8694139726,1234.14283055099,1469.01729173412,1187.64069050365,2131.87229476146,1403.96021590187,1449.54018136992,2138.01224171145,1745.23171750501,1309.41748971824
1441.32438398533,1557.05373950698,768.676716776377,1772.69813366942,2508.49016880049,2499.74443107308,2154.08824267889,2443.10756934816,1876.04228247504,2636.40095850457,1642.07951978449,1513.40738346263,1809.46348990677,2535.96694570863,877.646367524926,2335.73726770717,2632.99107023391,3002.24571103949,1357.35037210124,2219.28716353356,2698.8694139726,1234.14283055099,1469.01729173412,1187.64069050365,2131.87229476146,1403.96021590187,1449.54018136992,2138.01224171145,1745.23171750501,1309.41748971824
1441.32438398533,1557.05373950698,768.676716776377,1772.69813366942,2508.49016880049,2499.74443107308,2154.08824267889,2443.10756934816,1876.04228247504,2636.40095850457,1642.07951978449,1513.40738346263,1809.46348990677,2535.96694570863,877.646367524926,2335.73726770717,2632.99107023391,3002.24571103949,1357.35037210124,2219.28716353356,2698.8694139726,1234.14283055099,1469.01729173412,1187.64069050365,2131.87229476146,1403.96021590187,1449.54018136992,2138.01224171145,1745.23171750501,1309.41748971824
1441.32438398533,1557.05373950698,768.676716776377,1772.69813366942,2508.49016880049,2499.74443107308,2154.08824267889,2443.10756934816,1876.04228247504,2636.40095850457,1642.07951978449,1513.40738346263,1809.46348990677,2535.96694570863,877.646367524926,2335.73726770717,2632.99107023391,3002.24571103949,1357.35037210124,2219.28716353356,2698.8694139726,1234.14283055099,1469.01729173412,1187.64069050365,2131.87229476146,1403.96021590187,1449.54018136992,2138.01224171145,1745.23171750501,1309.41748971824
