20372.550135926,767.092877290891,3705.02847808735,11092.2692731344,29212.3028668725,1356.78607537875,1219.40065881589,21314.3027919506,10422.5527989256,18367.8918662483,2422.08753878711,180.978650740444,33111.0119224019,2580.94073190274,6461.98317236667,4039.85980851388,2339.73271035913,6059.94753701689,158.492946674541,8610.42640435892,995.717906430155,8055.49861970058,6303.56669583152,16885.3081353874,17613.7593980308,1344.74427183073,7328.73311118031,16090.9443092497,5513.85647515702,8715.29686721741
1347.29654156943,142.230890470397,344.671279925517,1197.74705812317,1468.44241226462,215.02051726093,128.182110870238,11799.1784680443,3976.47186113618,10738.1689674282,1300.0684268835,168.458580172397,7527.76650964278,90.6358457868716,1224.90670040639,1033.50798828116,963.346735473318,249.1115741793,120.785763883951,2433.46509091021,191.314839328865,472.02843484764,768.617074204168,4122.44330226632,1582.00692266059,343.468503480414,499.616016534,12427.2336909228,3874.99976068151,1006.50506015111
903.544916246142,56.9367016630358,342.201007910907,1185.69931905269,175.672421408738,214.406653213994,127.168419857485,7005.27844466298,539.760454695648,9783.27154792695,154.007900722862,150.174332826788,2259.77021143241,88.1454231158532,418.478045707261,160.320871621819,351.456199444478,216.721916862029,116.102903171072,2408.20874171568,123.46703363832,365.361007239115,400.272319892698,4114.77158317817,567.21005990545,301.302321760411,363.466475824818,8699.70052040948,3820.76519088174,215.405842280555
403.785498420869,41.6348867411327,336.489641073372,395.606237717701,165.020540109681,192.300041826675,103.961870107972,1423.24445180706,146.601947483771,322.89580117613,134.100107666706,123.378451504028,1722.27748866905,50.0037037559719,176.702972383353,118.120784197339,240.583071486884,205.339636158371,114.495699569168,2399.28684270727,112.48055446986,364.269236859858,344.551272448765,3720.81117775726,527.366029273804,286.958607254186,217.617857816597,481.379471303047,106.815683726449,211.021009560128
390.924726972078,34.4199992731674,335.443797802096,395.60623317252,136.792026086896,185.802809827554,89.1465332860803,419.760622446783,138.911488572563,320.152436109365,108.208656516248,123.372393704095,785.448783486772,49.9095148996657,173.352248406211,90.2601069389291,239.291661886175,205.337508383272,114.32198006562,631.245300671712,95.4991975360381,350.987607770514,344.530573962686,89.6356447130393,521.482746659487,286.86756984515,217.61774990707,481.293642222384,52.8761651624966,180.280848958939
388.579262447158,34.4198597625116,335.443797801402,395.60623317252,136.792026086896,185.802809827417,89.1465332860803,419.760622446783,138.911487876102,320.140564443985,108.208656516248,123.372393704095,785.448783486772,49.909514899663,173.352248406211,90.2600904833628,239.291661886175,205.337508383272,114.321979750332,631.244573387706,95.4990679962041,350.987607770514,344.530573962686,89.6356447130393,521.482746210379,286.86756984515,217.61774990707,481.293642222384,52.8284326104035,165.24218260642
388.579262447158,34.4198597625116,335.443797801402,395.60623317252,136.792026086896,185.802809827417,89.1465332860803,419.760622446783,138.911487876102,320.140564443985,108.208656516248,123.372393704095,785.448783486772,49.909514899663,173.352248406211,90.2600904833628,239.291661886175,205.337508383272,114.321979750332,631.244573387706,95.4990679962041,350.987607770514,344.530573962686,89.6356447130393,521.482746210379,286.86756984515,217.61774990707,481.293642222384,52.8284326104035,165.24218260642
388.579262447158,34.4198597625116,335.443797801402,395.60623317252,136.792026086896,185.802809827417,89.1465332860803,419.760622446783,138.911487876102,320.140564443985,108.208656516248,123.372393704095,785.448783486772,49.909514899663,173.352248406211,90.2600904833628,239.291661886175,205.337508383272,114.321979750332,631.244573387706,95.4990679962041,350.987607770514,344.530573962686,89.6356447130393,521.482746210379,286.86756984515,217.61774990707,481.293642222384,52.8284326104035,165.24218260642
388.579262447158,34.4198597625116,335.443797801402,395.60623317252,136.792026086896,185.802809827417,89.1465332860803,419.760622446783,138.911487876102,320.140564443985,108.208656516248,123.372393704095,785.448783486772,49.909514899663,173.352248406211,90.2600904833628,239.291661886175,205.337508383272,114.321979750332,631.244573387706,95.4990679962041,350.987607770514,344.530573962686,89.6356447130393,521.482746210379,286.86756984515,217.61774990707,481.293642222384,52.8284326104035,165.24218260642
388.579262447158,34.4198597625116,335.443797801402,395.60623317252,136.792026086896,185.802809827417,89.1465332860803,419.760622446783,138.911487876102,320.140564443985,108.208656516248,123.372393704095,785.448783486772,49.909514899663,173.352248406211,90.2600904833628,239.291661886175,205.337508383272,114.321979750332,631.244573387706,95.4990679962041,350.987607770514,344.530573962686,89.6356447130393,521.482746210379,286.86756984515,217.61774990707,481.293642222384,52.8284326104035,165.24218260642
388.579262447158,34.4198597625116,335.443797801402,395.60623317252,136.792026086896,185.802809827417,89.1465332860803,419.760622446783,138.911487876102,320.140564443985,108.208656516248,123.372393704095,785.448783486772,49.909514899663,173.352248406211,90.2600904833628,239.291661886175,205.337508383272,114.321979750332,631.244573387706,95.4990679962041,350.987607770514,344.530573962686,89.6356447130393,521.482746210379,286.86756984515,217.61774990707,481.293642222384,52.8284326104035,165.24218260642
388.579262447158,34.4198597625116,335.443797801402,395.60623317252,136.792026086896,185.802809827417,89.1465332860803,419.760622446783,138.911487876102,320.140564443985,108.208656516248,123.372393704095,785.448783486772,49.909514899663,173.352248406211,90.2600904833628,239.291661886175,205.337508383272,114.321979750332,631.244573387706,95.4990679962041,350.987607770514,344.530573962686,89.6356447130393,521.482746210379,286.86756984515,217.61774990707,481.293642222384,52.8284326104035,165.24218260642
388.579262447158,34.4198597625116,335.443797801402,395.60623317252,136.792026086896,185.802809827417,89.1465332860803,419.760622446783,138.911487876102,320.140564443985,108.208656516248,123.372393704095,785.448783486772,49.909514899663,173.352248406211,90.2600904833628,239.291661886175,205.337508383272,114.321979750332,631.244573387706,95.4990679962041,350.987607770514,344.530573962686,89.6356447130393,521.482746210379,286.86756984515,217.61774990707,481.293642222384,52.8284326104035,165.24218260642
388.579262447158,34.4198597625116,335.443797801402,395.60623317252,136.792026086896,185.802809827417,89.1465332860803,419.760622446783,138.911487876102,320.140564443985,108.208656516248,123.372393704095,785.448783486772,49.909514899663,173.352248406211,90.2600904833628,239.291661886175,205.337508383272,114.321979750332,631.244573387706,95.4990679962041,350.987607770514,344.530573962686,89.6356447130393,521.482746210379,286.86756984515,217.61774990707,481.293642222384,52.8284326104035,165.24218260642
