19256185298.9908,6393818199.53896,9455893595.50555,7285362187.32093,36016679811.9112,21710831838.5574,27872153684.3598,24388941534.5167,7503951228.8891,8359494083.70777,13363091390.7883,14934624017.4568,35068049730.0466,27194573716.6499,40388497489.2081,6634805313.68061,17925781997.2882,16758857934.8478,8919518011.69936,4470495186.75114,1861554922.08306,12341180782.6661,20924355475.5548,26949365509.4916,20565490221.2159,21307585990.0465,24239583224.9527,57748629345.9149,12218443187.0909,31546602052.8373
11765642039.6529,4122348102.39822,8454277126.3764,4416117915.76578,34705932789.5744,20006669313.4952,24712144686.5857,21175828389.7699,5133748527.08926,6761791363.56285,11533660755.9016,12911385378.1912,32294114349.8669,23059229445.1153,38907849544.2059,5655441280.72085,16768432635.2966,15757526839.8994,6302786613.97114,3697374965.97357,213955088.599283,10913741068.4266,20070527012.7571,24409387207.2824,19148450104.2989,20450731443.2933,16336478020.7258,51712188701.569,10697968846.5793,30450279905.3791
5250824965.74252,795063082.351654,2447148453.79901,361430241.016698,28703339567.6864,14414612034.5514,8515862050.02684,533364972.747357,849165858.721312,1665573072.24602,1892128515.74341,4543904223.62448,24004677258.1731,2330564528.4709,27005742132.6211,233294755.392575,10644673392.4865,12642841287.0334,33543349.1060534,1473241633.6143,21069250.9302054,1939909754.36022,15627701629.9784,20030510292.3534,10358261243.4629,15690109552.4342,8992971658.00018,28818580577.6163,4807025954.37291,20746922488.0594
4068684238.65416,60415795.5044334,862691019.296349,252063452.390394,12791769219.6543,1377419478.82254,3776096371.13246,348447917.276364,15518459.5491912,233650646.169838,666344561.44305,1555494893.37117,3896690563.91383,89054355.0836984,1094525788.05544,90805685.8977276,66746970.9740719,3688144498.53757,5601755.64100583,1378578118.48342,19167359.477158,1465626148.54753,5289782643.26315,8565473542.84158,8673631150.98541,5816527111.04289,3997916909.69882,25058529971.1406,3804518557.45373,14227808539.9893
1034792946.58793,3237235.06241313,14311523.2266936,34432388.9494907,2650878113.58122,157326741.161661,1151754774.9637,110178840.336312,10951220.5856143,10068283.0591021,13996869.6080477,170757636.284533,31930185.6008087,3766698.49237208,2596411.40974026,30634054.8153057,1096173.07324321,406973929.111666,4847761.0100946,1014899608.238,18858167.7700537,551228381.019444,930274130.501594,2006721575.79492,7985543265.77855,298138430.378537,2480732635.90097,24707356615.4327,770192375.052152,13978952241.5896
7288961.578432,3081935.58678558,8116533.41004028,16732953.7811289,1144181175.53329,11970012.6886577,649296.836620928,102254033.94778,10687791.5567258,641229.123321655,5348667.8650073,186199.400613318,2324682.56088838,3451595.05025378,2182149.81293995,9094935.25257014,96629.5296860183,2328466.18821883,4360925.13283515,228346500.724286,15504544.0545581,59300926.0672575,4418647.46833641,7385212.27455515,2401977486.04756,10026319.833413,305270385.790388,24655455108.1958,41801180.4647982,2707220571.67743
6621465.49996525,2367432.80212156,5514554.80480382,2716108.11462009,1144181175.53329,11426256.9827109,638312.466762116,51559421.9549291,6229579.77523809,618875.278416615,5229403.74929073,95545.8251211458,2232580.15458738,1823767.05410122,1478911.2938144,8772038.18583605,88625.2537780266,1814776.11754361,2956352.29321747,12311720.2184692,9000476.11867773,590278.552511424,101378.565256485,4240482.05499037,2400229482.52285,1748962.8911072,23131185.0073817,7838736399.59147,6070495.46437213,1045310576.28902
3506445.07207884,1463072.88633952,2555473.94392581,2686809.73794892,1137945894.80395,6919305.62872658,618996.451594436,21139948.3129893,2924345.42982288,337514.393444275,5061542.26295075,68895.8943416697,1269463.5158317,626135.696557128,763743.071695192,3483186.21316076,51987.9041571684,1774704.15253439,1890244.68525083,962279.456312131,4917587.0374869,401858.70214754,90554.8358841364,3324081.23932125,305253565.897582,1704524.72436912,2939695.62248306,7838502128.80256,4731528.60598728,617809661.53087
1518147.8053295,696359.594360447,936003.339639415,2560348.4533283,601135586.015676,2363736.50815519,594399.134134903,66924.7212651917,870631.764113229,150345.731890424,4852347.82622389,40505.2371829007,422009.396378368,376260.334751327,513947.871641616,1042406.22205927,27986.6778473222,1696109.77550746,669359.679696907,934982.222504973,2056263.9125052,92048.5276399387,41633.7372449663,1185346.62503871,305118318.711264,1637157.62316341,2863366.41206561,7832392448.29569,1642526.55658274,617611696.790605
311929.625040001,200169.293425055,270712.042563296,2399204.84706535,78165077.6144517,599252.822294592,554924.417897001,65412.0866674175,129714.106647505,41790.7046980655,4526305.51245184,31343.1704710527,91564.5997442066,375459.331096251,512009.34727673,120623.302046488,12745.1686972503,1595591.58718416,100404.140281885,876882.078472152,239154.840054923,17432.9130657165,27262.2237967326,295385.385874188,90179123.8037698,1575473.72667974,2697992.50896128,7832392448.2603,449403.491680693,617245764.099237
41470.2382768391,30367.8731202419,70402.8666732461,2164927.47494665,78165077.0848339,70354.9146055665,495410.582858948,58985.6560488737,52552.5582583671,20553.1484767438,4026467.20715513,29209.1469176436,28199.8611722209,375459.331094977,512009.347257562,17619.040700303,9581.48130023194,1503547.1312471,18750.0321604123,797873.028745255,28674.322888221,11016.0366667661,25389.1253226349,58766.1100045593,4355393.52815646,1575473.72667974,2426576.80195458,7832392448.2603,57701.7106258725,616677249.345943
24086.1637194111,17209.1376647855,58250.8566489875,1796351.10061454,78165077.0848339,15856.0116486868,413365.514924506,51075.9735947288,50844.1856581773,17682.7457543514,3301719.49325295,28964.1204712364,24803.8058363529,375459.331094977,512009.347257562,12979.7560934364,9344.3939081422,1503547.1312471,18750.0321604123,674470.620352313,23708.6902376798,10871.9787234233,25345.2503853091,36925.3022793518,4355376.05180148,1575473.72667974,2110093.48471449,7832392448.2603,25009.1232253555,615844418.872366
23823.4232497386,16864.9519114053,58042.9870902639,1376151.05828741,78165077.0848339,14833.271269788,317888.425328663,40811.6753264863,50837.1410253616,17618.5369938196,2597464.57173075,28957.6023934196,24748.7464648784,375459.331094977,512009.347257562,12965.5606074077,9337.27521851256,1503547.1312471,18750.0321604123,509982.13861102,23692.1232172075,10871.644987172,25345.1293513531,36593.4092998149,4355376.05180148,1575473.72667974,1634372.29059882,7832392448.2603,24336.8691883876,614860567.721674
23822.80528539,16864.251161064,58042.5738779562,884440.506827096,78165077.0848339,14831.8397315343,218049.51359795,28426.889428049,50837.1403590719,17618.429231525,2469676.08508912,28957.583797325,24748.6063781348,375459.331094977,512009.347257562,12965.5578097318,9337.25822769574,1503547.1312471,18750.0321604123,347464.606443197,23692.1217951105,10871.6449343398,25345.1293316606,36593.1086201781,4355376.05180148,1575473.72667974,1046848.8963253,7832392448.2603,24335.0311470508,614111604.688093
23822.805247158,16864.2511266641,58042.5738563315,469389.580455659,78165077.0848339,14831.8395911199,120036.283030836,17600.5246045822,50837.1403590719,17618.4292248605,2469676.08508912,28957.5837964953,24748.6063637617,375459.331094977,512009.347257562,12965.5578097315,9337.25822711046,1503547.1312471,18750.0321604123,181347.339422115,23692.1217951105,10871.6449343398,25345.1293316606,36593.1086058002,4355376.05180148,1575473.72667974,570258.151750345,7832392448.2603,24335.0310209096,614111604.688093
23822.805247158,16864.2511266641,58042.5738563315,463055.570923188,78165077.0848339,14831.8395911199,50141.8431688751,9921.41529960131,50837.1403590719,17618.4292248605,2469676.08508912,28957.5837964953,24748.6063637617,375459.331094977,512009.347257562,12965.5578097315,9337.25822711046,1503547.1312471,18750.0321604123,87332.9733846666,23692.1217951105,10871.6449343398,25345.1293316606,36593.1086058002,4355376.05180148,1575473.72667974,473592.416649265,7832392448.2603,24335.0310209096,614111604.688093
