5708744306.57851,14815713660.5126,11741841469.6613,3180644744.90419,3594192856.05063,5702933139.46194,7859712040.17722,14231133141.745,10134756527.5758,10938125232.355,7300965600.39514,18972208578.008,16389232752.2494,608474575.266422,1176625078.17981,2516266877.79619,10164766317.5439,21731279569.1078,8384617396.68462,6595962778.36592,5482004356.34517,3089218064.37968,4014282750.05657,2121676091.43953,20128572023.3959,7019760885.63474,9468966019.48421,6243596693.06288,10074418276.8708,2170806022.88522
782929379.515234,12393473397.1077,8761497922.02425,1943676966.22019,1078391078.89955,1019279133.39016,6319603135.53343,11686455718.3402,6771746617.4921,8401817337.51328,6457749122.14937,17135516881.7543,6418372939.01385,146959326.221782,738513251.408871,2096101192.84536,5690406046.99731,15487836090.2458,6442570414.22816,1600585751.76957,854334863.957944,1873969826.31948,2948987783.77817,869881484.253948,17449738328.1581,5096783701.89542,5974716706.35095,2335247982.01453,7361117384.9533,1438981104.50387
320005700.033036,825387096.936533,496087332.080403,435000684.089397,214889086.293995,209793447.759957,2305263387.77265,2612251787.96188,321900245.352374,2439831043.79836,1164347618.20267,7223985803.92981,9457932.12069689,44915739.2604316,427611596.855811,305688603.422661,862919336.021033,3170866526.57719,769701107.981139,158409165.779997,854395.268183813,388821796.779799,19362961.3478512,494106766.914791,5473274110.73926,566302125.102999,1657029057.37206,1598725411.3472,72387721.5851022,621221810.494812
166424576.162058,550890039.108566,399112980.340513,341299778.418166,84940.0494022232,196982552.021371,3935724.44764716,2070957711.93489,166019551.597913,779736786.608433,5905345.8751485,2566159938.77797,47915.1700063937,202641.137019688,245249211.503094,201422986.435197,692163694.986044,2492416664.9134,741194.10442685,123619185.184881,854395.268183813,224575514.355425,8180914.45131253,222804144.192087,4684673085.81455,18406002.6856086,288915440.621513,641608243.054165,245106.54483322,537586.761442582
17379.8412028587,51207783.4017744,92733.4633261896,44571.8760502021,607.540510630163,41261.390973684,33723.3234174063,1434707.4916157,16222.6559125496,46502.4639460716,33067.3469451189,1518563.96351847,17468.0470590402,5281.56179872145,23386.3379532856,32951.6320808118,12872.6349478554,279858.373964082,2176.35664057459,442469.849080625,31953.7178677249,9435.10647628684,25233.4845402836,18655.9658619645,6117228.47420039,8770.83721911178,5482.20635785439,1885.36235509323,11145.2093815058,17507.9718142682
15213.1118744045,3647.26138917599,2478.21266926807,10506.8473162975,601.709993330583,12057.4273403817,33709.5251546001,36548.3794425836,13360.7350089793,34643.9837510604,32858.9424813095,16795.7928942363,17467.9057551254,5281.24755099181,10033.8591373394,29120.8837583133,11002.3159754718,3632.61085100245,2167.56521195102,7067.89490622275,27288.2205197045,1658.22645955645,25026.5858811863,16201.3571912086,3286.0225699115,8750.5979797088,4635.53536225416,752.188098887085,11137.1327313536,17504.8651330677
15212.6251796021,3646.86511026885,2478.19891538768,10506.8269358696,601.642853800915,12057.3907539979,33702.7967417152,36547.6546259683,13360.440310496,34627.0192163882,32854.6847414175,16794.197854246,15112.1722001627,5059.34531328374,10033.5311368282,29076.0460674719,11002.2843686924,3632.46334303395,2167.25677278628,7065.43948703528,27283.8073172473,1658.20104096483,25023.9854340425,16199.07274381,3272.85694963562,8749.70492973998,4635.230060553,751.940583534968,6331.36879387968,17502.4271822344
5070.70245624809,881.937237898695,995.099656731892,10505.8745723508,601.437456828296,2225.78447075809,33678.0307325396,36541.3974088781,13357.643256496,4360.43710773351,32846.9222657858,16786.8141162127,9559.59421978491,376.537080608401,10031.7795261763,2798.11893034987,11000.0597072957,1189.46496643346,2166.44839107448,3404.31460215451,27281.1718297952,1658.08066388719,25018.9832274946,16194.4128575493,908.354033488541,8748.02047528318,4634.37679297848,740.067766741557,5564.17551563102,17500.199580328
5070.59148642585,877.501007414065,994.792248410428,10503.5972915226,601.036522778161,2222.81621808986,33664.8998336027,36523.5488016113,13357.6037454352,4355.72608702917,32821.2844143452,16771.4101755412,3722.29177981852,376.360519375101,10031.7722775388,2797.88556529144,10999.9363076479,1188.37889964946,2166.29480744865,3403.3393387078,27262.6117202336,1658.07514899745,25006.9686471363,16178.6367889474,908.179657981774,8742.20811131078,4633.09486926357,740.042542490462,5563.2577069696,17500.1746610201
1217.38832626907,877.501006412749,994.7141485497,10498.8443281679,600.524585094138,2222.81600001133,33664.8093014666,36483.7934197816,13354.6297858142,4350.65206496818,32773.9877768668,16750.8605870458,3633.41855154205,376.330047660882,10031.7722773668,2797.87913463151,10999.9363035561,970.58398996058,2166.29471052093,3402.64447809487,27234.0057638348,1658.07514883204,24994.0085264614,16158.7986712243,908.137641540931,8732.1999414923,4630.25148437746,740.042508762702,5563.24611837482,17500.174660334
1148.72232696553,877.501006412749,994.7141485497,10490.4282915274,599.612210242921,2222.81600001133,33615.2774683481,36477.0474545344,13351.563132508,4350.65206496818,32720.0401998292,16728.1602558071,3633.41854206735,376.330047536545,10031.7722773668,2797.87913461294,10999.9363035561,970.498410358586,2166.29471052031,3402.64447809487,27177.3876337337,1658.07514883204,24971.3145999107,16129.7167019831,908.137640026293,8714.60632995561,4626.0245606698,740.042508762637,5563.24611837266,17500.174660334
1148.7223269546,877.501006412749,994.7141485497,10480.9031962945,598.341096243725,2222.81600001133,33592.64351851,36477.0474545344,13351.5631324992,4350.65206496818,32681.5754210477,16728.160044946,3633.41854206735,376.330047536545,10031.7722773668,2797.87913461294,10999.9363035561,970.498410358586,2166.29471052031,3402.64447809487,27117.9858455266,1658.07514883204,24945.9896256859,16085.4461791354,908.137640026293,8714.59156286984,4625.92412733299,740.042508762637,5563.24611837266,17500.174660334
1148.7223269546,877.501006412749,994.7141485497,10463.4044168102,597.271702918143,2222.81600001133,33592.64351851,36477.0474545344,13351.5631324992,4350.65206496818,32681.5754209501,16728.160044946,3633.41854206735,376.330047536545,10031.7722773668,2797.87913461294,10999.9363035561,970.498410358586,2166.29471052031,3402.64447809487,27117.9857388781,1658.07514883204,24945.9896210829,16008.8058128649,908.137640026293,8714.59156286984,4625.92412733299,740.042508762637,5563.24611837266,17500.174660334
1148.7223269546,877.501006412749,994.7141485497,10427.3339135133,597.271702918143,2222.81600001133,33592.64351851,36477.0474545344,13351.5631324992,4350.65206496818,32681.5754209501,16728.160044946,3633.41854206735,376.330047536545,10031.7722773668,2797.87913461294,10999.9363035561,970.498410358586,2166.29471052031,3402.64447809487,27117.9857388781,1658.07514883204,24945.9896210829,15884.9780071029,908.137640026293,8714.59156286984,4625.92412733299,740.042508762637,5563.24611837266,17500.174660334
1148.7223269546,877.501006412749,994.7141485497,10379.7318606012,597.271702918143,2222.81600001133,33592.64351851,36477.0474545344,13351.5631324992,4350.65206496818,32681.5754209501,16728.160044946,3633.41854206735,376.330047536545,10031.7722773668,2797.87913461294,10999.9363035561,970.498410358586,2166.29471052031,3402.64447809487,27117.9857388781,1658.07514883204,24945.9896210829,15747.4954462291,908.137640026293,8714.59156286984,4625.92412733299,740.042508762637,5563.24611837266,17500.174660334
1148.7223269546,877.501006412749,994.7141485497,10298.6815084182,597.271702918143,2222.81600001133,33592.64351851,36477.0474545344,13351.5631324992,4350.65206496818,32681.5754209501,16728.160044946,3633.41854206735,376.330047536545,10031.7722773668,2797.87913461294,10999.9363035561,970.498410358586,2166.29471052031,3402.64447809487,27117.9857388781,1658.07514883204,24945.9896210829,15747.4954462291,908.137640026293,8714.59156286984,4625.92412733299,740.042508762637,5563.24611837266,17500.174660334
