291.098177724606,10755.4548308949,2919.46926387621,1871.52131227955,7964.50989851567,196.79190813714,15782.5394602228,23258.6601250409,5150.70920222472,24064.5198611741,4525.81363379759,682.066175664906,428.420546110094,13084.1561395811,604.236586658797,884.265694259536,9283.87342407038,2770.6285455768,22414.4997907106,859.853742909742,27161.029647706,3530.95058320369,192.223078566619,16486.8624083048,10304.948858302,954.87388398641,9536.07383594537,16278.7531206451,2673.56118506481,9302.4857143431
290.927140657982,10743.7426753287,2912.60434469257,1867.95646121009,7956.95097299488,196.783893911361,15775.4843003078,23228.9858419076,5143.87693580281,24043.9675219517,4524.47558455865,643.912077712466,427.848058139057,13075.9199134557,603.685080030981,839.850473319849,9274.02329457106,2769.00950603399,22386.318439333,841.770903542295,27119.1192841818,3529.77420630517,192.216406617154,16477.1463980808,10295.4762718967,954.040680075372,9536.07383594537,16267.4402538413,2673.07698412999,9290.93569707541
290.39461632517,10725.3228456686,2907.8855582828,1862.71422933451,7949.17774436499,196.764504702505,15769.9326684013,23190.7053870774,5132.62178500076,24025.3268697876,4523.37554631667,643.911127466564,426.974442788841,13062.9377746644,603.003444892335,838.640546087161,9259.37552478357,2766.37426650551,22345.2306799589,837.692111336004,27085.9264753717,3528.79641419601,192.208877351428,16461.7705534707,10284.7806325823,953.19885420461,9531.17589455554,16255.8692431027,2672.45535997813,9277.24497233134
289.580579915671,10686.5488978968,2897.31714853257,1850.57224659863,7931.48774705233,196.737726381931,15748.1245644066,23106.3698364617,5109.12222934102,23974.9744836737,4521.09266146399,643.866735972174,424.183583722913,13035.7533034151,601.526375764849,835.673771030579,9228.69695135706,2760.72441995379,22247.8934064205,833.478144962552,27009.5807369641,3525.83176314014,192.197338356088,16427.8806872149,10260.9496190665,951.198250154165,9515.12075089088,16228.6445441747,2671.39467433268,9253.07282425137
287.932531889026,10604.4450000526,2864.88230557611,1817.68616775289,7902.51759027667,196.681451960415,15714.8186461418,22897.7272070505,5054.27074542723,23839.1698830166,4515.58556174247,643.745862077096,416.791922036227,12977.196533632,598.806213421608,835.673762643464,9144.16035361764,2751.19179403642,22052.291823778,833.473453615632,26855.6424855136,3519.332575979,192.179435311523,16353.8233152485,10209.251084308,947.743666449309,9475.3057541299,16166.1064247637,2668.60042639537,9180.32672431142
285.74989081064,10454.4621648176,2822.49683736345,1761.62428942223,7845.51956776166,196.597877172384,15646.5150145645,22503.5493353754,4960.35579313417,23536.3143332242,4505.23305165508,643.533020739686,396.032728380103,12863.0052420306,594.749944441528,835.673762643464,8972.31312559412,2731.80909920093,21731.5383316569,833.473453615632,26506.8064473027,3509.14013528943,192.163206080475,16221.0638555511,10113.6328988873,941.520396681184,9377.20992648741,16056.1415912286,2664.31816900965,9029.46799147425
284.60915464993,10326.7253942061,2783.34085159353,1713.31854914647,7790.48710712827,196.553945698922,15568.7119946859,22136.6262385749,4880.9215605765,23182.9562220257,4494.95252699892,643.354765651707,379.3101056609,12777.7730882341,591.65898382852,835.673762643464,8773.53438306965,2717.00363879271,21450.7121745415,833.473453615632,26248.4709414961,3500.15238113246,192.1583860545,16111.5540209668,10031.2328723114,937.171702925863,9255.99648354703,15969.4017132653,2660.57549753196,8846.07167561124
283.863689393004,10224.495682274,2754.70205752866,1676.88815464826,7746.0682892861,196.530842074975,15489.3256302619,21749.1869772093,4812.25191156953,22782.4647800412,4484.62747749627,643.194447120591,366.724552935206,12694.8501393603,589.692599848329,835.673762643464,8571.05252000382,2703.69547195791,21215.9413116993,833.473453615632,25996.709604796,3492.47006283006,192.15705805328,16012.1715354181,9958.94888300852,933.545180576351,9089.62428811499,15886.2057585128,2657.25231521005,8667.14647081351
283.400022433214,10128.8901571392,2727.63488599675,1650.67703773402,7707.55382849374,196.519790092149,15401.400204421,21468.5802948086,4761.09661824179,22388.7108809053,4473.31439682573,643.040572449784,359.081190368033,12620.6642025445,588.367050725664,835.673762643464,8419.51716851361,2695.11628137027,20987.5886360456,833.473453615632,25769.9039235237,3485.86243339664,192.156681819253,15923.6482844228,9907.46452809401,931.00693666695,8903.90947751358,15806.222777453,2653.71568557241,8484.98480691723
283.134093622801,10043.1108474637,2709.6643547558,1629.96980649337,7672.06234999774,196.51285223091,15291.7658501137,21212.7208472568,4716.44831811303,22021.8336969283,4462.05647084157,642.935297439267,353.963069173603,12557.3120086318,587.497538299573,835.673762643464,8295.25319204911,2688.40568831612,20776.5495654208,833.473453615632,25538.8604684543,3479.28408735346,192.15657998973,15840.0035325433,9861.74651541162,929.255021343983,8689.1717996488,15731.7042094268,2650.69738133126,8343.66494140591
282.958780806135,9975.69479590166,2694.25330926897,1613.30492465412,7641.9686714667,196.509504126187,15165.0229938562,20963.6508843594,4678.07414327329,21692.7004715375,4450.34788772267,642.847850555806,350.808180862572,12492.7287044698,586.874804785076,835.673762643464,8186.35366412543,2682.06023928347,20589.7259005041,833.473453615632,25348.1468773792,3473.53818830835,192.156552367941,15765.6495858208,9816.61701302989,927.917860523443,8528.30306573219,15657.3900626694,2647.84384545091,8209.22785285411
282.869647935574,9911.78819556108,2681.78784791817,1601.03620053737,7611.13379660559,196.507453605994,15000.6646636271,20739.8461344665,4649.54246595255,21426.4117408076,4435.27594532338,642.776587052176,348.793075756636,12434.5297359198,586.445992066491,835.673762643464,8094.18810811086,2677.03614422305,20430.3396027657,833.473453615632,25187.570480204,3467.21728283293,192.156545143114,15688.9754975519,9775.415187561,926.997612811741,8383.70854876236,15571.7063311547,2645.16961379169,8108.02249072074
282.816845692166,9860.93132455767,2672.41922831537,1589.77828946352,7585.35840454287,196.506292857601,14775.5052492231,20548.7346308479,4623.85919058332,21163.4441053837,4415.83196197076,642.717139199244,347.597763317764,12377.7702714505,586.150082995724,835.673762643464,8006.36126551094,2672.76089131574,20291.8278554528,833.473453615632,25042.2569254543,3461.99205799029,192.156543200003,15612.2875264775,9735.98811039047,926.298335082846,8256.07466613587,15490.1081196294,2642.28402880155,8021.96977145555
282.785124746566,9811.16269155896,2664.54840207341,1581.94816962193,7561.48743646809,196.505654633557,14520.7041708902,20369.8516275892,4602.06645800313,20904.9530280759,4392.4560307257,642.66802069194,346.778498127552,12325.3016903824,585.954117406964,835.673762643464,7930.04314307879,2669.02166658198,20154.257511469,833.473453615632,24879.3815303308,3456.04552952465,192.156542665034,15542.5489362809,9697.23360617653,925.847924792225,8147.83747145717,15389.1930718776,2639.37297278654,7937.43381056446
