2507534582.40504,145072.123494609,2444323765.50549,22816452531.4498,494710.612294107,31840873779.3474,16543002303.4939,9306019997.51276,704431093.57501,13854964657.9803,12099782529.4343,4681060118.90557,22080972511.1213,27422082814.4281,2141897746.8055,8845020333.48023,10976414890.5339,1816472794.34567,14001563607.172,589714702.216167,1161185197.49718,7044142871.2741,5514.67656575797,24274914335.7046,230280634.25136,16841689476.5439,8437.65537314161,32313822458.8354,12257374775.8292,14626814500.2896
21060.5195883542,118459.080673133,173665068.215391,15339766632.295,30140.0607377183,13903463645.8227,2222400177.6243,302748878.191922,1933271.48085512,4762228096.11712,9017083754.80212,2633029.01910584,17682263713.7946,16941446826.8193,758191092.75045,5795712036.67444,1964958658.08609,1047028996.69072,11148262563.3253,77107.5106154669,97393791.3246757,852373419.92871,3269.87555261857,13991527969.6945,161412.472851762,15472814236.7147,8302.9355151943,27562577852.3737,7938032788.95846,5374522.07402375
20884.8948422885,115466.484630918,232926.74363701,21072556.6779766,9812.68868838266,3706528.30563157,52806.8739501659,172975.369841343,28199.0676639505,112515.479174912,327348.906819752,63040.8208009471,281063.733093737,2000397.36330315,251155.510455479,1092302.58755506,26995.3044084945,94832.6147596776,1440516.10508034,75419.2365041386,27103.329702413,183967.700066799,3041.27423500905,824602.728837192,76275.2783066339,58213008.850693,8196.79872877413,1845688251.07399,655124.321513071,21168.6579061406
8582.27238488258,115330.292349038,134189.624584587,29224.9444966975,9812.68868838266,28243.3439181813,5630.8166443791,65074.753586261,26620.7931621572,67152.5745869602,275084.204306039,60739.5388452414,66363.5722603704,39286.3879006652,251155.510455479,4170.8810887692,17860.2737332923,93480.9338781524,20390.3348748556,75116.4835981782,21092.0950319034,12507.1477496876,3038.36527413976,3783.7990652636,76116.4833649859,39911.7515919535,8196.79872877413,87724.4906770152,42959.2866452076,7834.54283094104
8582.27238488258,115325.724646933,134189.624584587,29150.0432718946,9812.68868838266,28211.8495373156,5630.8166443791,64843.5592121983,26600.5631809068,66831.46708484,273386.083464946,60701.5293211712,65132.8956010729,37089.9252220743,251155.510455479,4062.88780775028,17859.5163271367,91687.4134706325,20012.3927718271,75111.2492062757,21089.4134008695,12432.3355894423,3038.25533978839,2821.34402637708,76116.4833649859,22935.5103572541,8142.71892731298,87017.2211188884,42918.460381908,2861.00576497607
8582.27238488258,111214.527262846,134189.624584587,29149.8432851431,9812.68868838266,28211.8495373156,5630.8166443791,64830.1230693689,26600.2177853845,66831.46708484,273386.083464946,60564.6019417165,65132.8956010729,37089.9252220743,251155.510455479,4062.88780775028,17859.5163271367,91685.345825439,20012.3927718271,74706.0253412765,21084.9897251326,12432.3355894423,3037.80099443909,2821.34402637708,75282.7538072391,22935.5103572541,8125.65824499301,87017.2211188884,42918.460381908,2861.00576497607
8582.27238488258,22062.3485930768,1121.98182412743,29142.7923244473,6731.62541090264,28209.1347627133,5630.8166443791,1768.85529722659,26595.5267781733,64032.8260580322,67322.2809936553,24927.6505931157,54706.976521257,1588.71398779922,30245.898204798,4062.88780775028,15341.3229098124,13795.4916014495,4207.80056459462,11337.847504409,1468.88476735217,163.639983398568,3037.21814069843,2478.71495701608,29855.4851211625,22893.2894986205,5131.44198055845,58320.9197376823,20452.8088151328,2721.04752084803
8582.27238488258,22060.8389146895,1121.78880308179,29129.8154315164,6731.56213453925,28199.0688276417,5630.8166443791,1766.13141957384,26587.3864901171,7475.89993272072,67280.2091276943,24925.1598070626,7889.17442068988,1286.43131802791,30242.4732491737,4062.88780775028,4647.57821981466,13690.6868492069,4205.83497720201,11328.6067404461,1468.86816447389,163.19715642479,3036.24549111395,376.455183527086,29855.4069790318,9794.61051096053,5129.96372485443,22547.945365282,20452.8088151328,2625.15215210928
8582.27238488258,22045.0058103685,338.253419476215,29109.8254923982,5334.61493118722,28181.0042239601,5628.63967109273,1764.95400733228,26569.6657498588,7475.53364534446,67200.3626791337,24886.2915791571,5717.10460673055,1285.59437495229,19448.3445663518,4062.88780775028,4646.35612356046,13661.7893595526,4202.720103915,11321.9699645357,1467.75216931167,138.805764611226,3035.03361360199,376.38507343095,29855.328716103,9788.60610878344,5126.14928818115,22517.0297569702,20435.2587144304,2624.35213430425
8582.27238488258,22018.3092470229,337.805589145262,29085.8517422152,5334.55003735753,28152.4736098655,5621.45776934246,1763.17818445636,26537.0063578234,7469.01423653203,67200.3626791337,24886.2915791571,4800.29895935071,1284.34786858737,19444.4697379316,4059.78490115896,4646.35612355988,13655.276805527,4197.82222490002,11307.8125090339,1465.66033806215,138.805326095868,3033.03164800622,376.201232446015,29855.328716103,3228.43130846765,5118.77674793885,22517.0297569702,20425.1606168739,2623.10051261545
8580.46639113571,21978.0379860447,337.805589141784,29035.9659858175,5325.76294698531,28101.2047867956,5610.32053713291,1760.35014805182,26488.6711143232,7458.08108101205,67200.3626791337,24886.2915791571,4800.2989570575,1281.90873890974,19444.4696920169,4054.29158708127,4646.35612355988,13632.4504726911,4189.61417811704,11282.9456423996,1462.80523209278,138.803600019756,3029.57214200113,375.923394248167,29855.328716103,3228.43111105578,5108.20710004324,22517.0297569702,20388.5038780407,2621.34007695758
8571.08371625392,21914.2276345838,337.805589141784,28956.2009435698,5310.93168320006,28018.3348307848,5594.34628808801,1755.58449297597,26418.1157330407,7442.13678776499,67200.3626791337,24886.2915791571,4800.2989570575,1278.15919033893,19444.4696920169,4045.25988281397,4646.35612355988,13596.9115015496,4177.67129555176,11251.1445475412,1458.1222724609,138.800877719398,3024.93533362505,375.489090122979,29855.328716103,3228.43111105578,5090.95719354114,22517.0297569702,20337.3019504019,2617.91617550613
8555.91222495801,21798.9155680571,337.805589141784,28828.1263081682,5286.12014928203,27906.1584737654,5570.75779972846,1747.7496344021,26298.601284551,7416.81798790729,67200.3626791337,24886.2915791571,4800.2989570575,1271.80238561943,19444.4696920169,4031.81657224838,4646.35612355988,13538.9204437558,4158.14644765759,11200.9715444596,1450.46792848301,138.795853910973,3016.58486596482,374.797253437574,29855.328716103,3228.43111105578,5067.87588588261,22517.0297569702,20261.86558416,2612.75066023888
8534.06778059745,21636.3449689516,337.805589141784,28651.1458812582,5245.41399682774,27727.5418108719,5532.65153911975,1735.77171385541,26124.1024978702,7379.44141533277,67200.3626791337,24886.2915791571,4800.2989570575,1263.37632447893,19444.4696920169,4011.86353576254,4646.35612355988,13452.5469137021,4126.90123678334,11126.5292209623,1438.94994672119,138.788723084209,3003.09240579619,373.622732036911,29855.328716103,3228.43111105578,5031.06517602635,22517.0297569702,20132.2749922812,2605.1648001185
8498.2066306237,21398.3124618566,337.805589141784,28371.257688341,5183.67672269143,27426.0453189345,5470.58492200984,1716.19613838327,25833.4348323963,7322.90277785738,67200.3626791337,24886.2915791571,4800.2989570575,1249.81188408171,19444.4696920169,3976.28334188253,4646.35612355988,13320.8360279721,4078.86572598093,11006.3158095111,1420.71375355619,138.776775995121,2982.97556869608,371.858167669903,29855.328716103,3228.43111105578,4966.80762547253,22517.0297569702,19932.9640652845,2593.36707710241
8440.25281705477,21023.0406706045,337.805589141784,27925.7956272269,5085.35930527922,26970.2839084143,5379.61827881602,1686.47536351882,25409.1450666437,7230.80130092525,67200.3626791337,24886.2915791571,4800.2989570575,1227.34281075377,19444.4696920169,3923.50650570188,4646.35612355988,13104.2551823763,3997.29468096192,10822.7754931723,1394.13088277128,138.758083434342,2951.98033105218,369.08778299999,29855.328716103,3228.43111105578,4869.81729071958,22517.0297569702,19607.4736022813,2573.90511469995
