8582.27238488258,111214.527262846,134189.624584587,29149.8432851431,9812.68868838266,28211.8495373156,5630.8166443791,64830.1230693689,26600.2177853845,66831.46708484,273386.083464946,60564.6019417165,65132.8956010729,37089.9252220743,251155.510455479,4062.88780775028,17859.5163271367,91685.345825439,20012.3927718271,74706.0253412765,21084.9897251326,12432.3355894423,3037.80099443909,2821.34402637708,75282.7538072391,22935.5103572541,8125.65824499301,87017.2211188884,42918.460381908,2861.00576497607
8582.27238488258,22062.1867425807,1121.79619153148,29137.57750896,6731.61555343401,28206.801346732,5630.8166443791,1766.13416061975,26592.5621825274,7475.89993734456,67280.2261341529,24927.6505931157,7889.19552882927,1286.4737922335,30243.1955638221,4062.88780775028,4647.57821981466,13690.6868492069,4205.84661248034,11328.7214172654,1468.88383173269,163.197280408103,3036.77698036096,376.456904609126,29855.4069790318,9815.66709790494,5131.20290358795,22547.945365282,20452.8088151328,2625.28806595298
8582.27238488258,22055.0686524698,345.5300164658,29121.9408826913,6053.02911258574,28193.5108989519,5630.8166443791,1766.08753966494,26581.1657371669,7475.89988498678,67200.3753767032,24886.3070498207,7889.17431868997,1286.28239176746,24009.1784194447,4062.88780775028,4647.41038037605,13661.790208329,4204.86268154241,11326.7924462676,1468.49027783637,163.144920283443,3035.83300785593,376.442011954836,29855.3287582569,9791.60817056898,5128.62044089885,22517.031349019,20435.2587273203,2624.85841863399
8582.27238488258,22034.0159643626,337.845660239022,29097.8172789008,5334.5958314072,28167.7316293474,5625.2403356352,1764.09160082852,26554.5525052419,7472.92775286389,67200.3626791337,24886.2915791571,4800.38309110681,1285.01011592324,19448.109154942,4061.42012410798,4646.35612355988,13661.7155989828,4200.65072075896,11315.4651174518,1466.89789501324,138.805332401871,3034.1054706273,376.301370333613,29855.328716103,9787.82595932321,5123.25517768265,22517.0297569702,20435.1465653461,2623.81125441767
8580.46639113571,21978.0379860447,337.805589141784,29035.9659858175,5325.76294698531,28101.2047867956,5610.32053713291,1760.35014805182,26488.6711143232,7458.08108101205,67200.3626791337,24886.2915791571,4800.2989570575,1281.90873890974,19444.4696920169,4054.29158708127,4646.35612355988,13632.4504726911,4189.61417811704,11282.9456423996,1462.80523209278,138.803600019756,3029.57214200113,375.923394248167,29855.328716103,3228.43111105578,5108.20710004324,22517.0297569702,20388.5038780407,2621.34007695758
8564.61370351176,21860.7002998639,337.805589141784,28903.6859396488,5300.20321085055,27966.2381408289,5583.65614774334,1752.01806319685,26364.5004937469,7430.26463685816,67200.3626791337,24886.2915791571,4800.2989570575,1275.48924489777,19444.4696920169,4038.81910142149,4646.35612355988,13570.003206004,4168.82752052818,11230.0991936343,1454.72699989734,138.798639198488,3021.18186356607,375.195217785498,29855.328716103,3228.43111105578,5079.30413273753,22517.0297569702,20303.0107036959,2615.63682606592
8548.52779397533,21746.7182969841,337.805589141784,28767.8092440365,5273.68966572106,27858.4020390093,5557.4824648531,1743.90021345812,26241.6537761101,7404.31541563408,67200.3626791337,24886.2915791571,4800.2989570575,1268.99523147921,19444.4696920169,4024.77589510127,4646.35612355988,13510.8348186979,4146.78776490401,11177.978530215,1446.40658023278,138.793705222103,3012.17323586882,374.424806684073,29855.328716103,3228.43111105578,5054.23162720057,22517.0297569702,20221.5450545273,2610.1249759086
8533.82141830173,21632.9153146287,337.805589141784,28649.4655903323,5244.99424991194,27725.6147058647,5532.17296704924,1735.59587745881,26121.7237572796,7379.16961456558,67200.3626791337,24886.2915791571,4800.2989570575,1263.29020486639,19444.4696920169,4011.66718821653,4646.35612355988,13451.7378544296,4126.72958758994,11125.9823970284,1438.87942717092,138.788625708933,3002.9837569363,373.60951483026,29855.328716103,3228.43111105578,5030.58806173181,22517.0297569702,20130.841478265,2605.11988562479
8517.99269455975,21529.4842979752,337.805589141784,28519.5389649623,5216.87255844968,27601.2697510568,5505.21118429802,1726.99289994348,26004.1220003025,7355.3454471596,67200.3626791337,24886.2915791571,4800.2989570575,1257.7684606166,19444.4696920169,3997.2394476731,4646.35612355988,13397.3967004447,4106.52214152314,11077.7789815929,1431.3363516585,138.783752733673,2994.17135242579,372.846525470052,29855.328716103,3228.43111105578,5004.1291152822,22517.0297569702,20048.7251769867,2600.15787987106
8502.94339474724,21423.1137518581,337.805589141784,28400.3231330758,5191.96997501406,27466.1798529712,5478.12472618316,1719.07742027592,25870.2446709813,7330.78891567621,67200.3626791337,24886.2915791571,4800.2989570575,1251.72669209612,19444.4696920169,3981.17955394458,4646.35612355988,13340.6824697926,4085.50890347838,11021.5750854426,1423.26783174539,138.778660968527,2985.63918286675,372.105875388027,29855.328716103,3228.43111105578,4975.03208134358,22517.0297569702,19962.8336527,2594.66646260135
8487.54458761966,21318.2702121658,337.805589141784,28284.2501107906,5164.59834183748,27338.9023649939,5454.55290565422,1710.66827137729,25757.5593327146,7308.13835999341,67200.3626791337,24886.2915791571,4800.2989570575,1245.50405256784,19444.4696920169,3964.97050974837,4646.35612355988,13280.9274396413,4064.18416626252,10974.9628706104,1416.13765031,138.773007189769,2977.64661974129,371.287303416466,29855.328716103,3228.43111105578,4948.67972805596,22517.0297569702,19876.7061701776,2589.7824903468
8471.02990399783,21211.8879432723,337.805589141784,28162.5178596616,5139.14148499784,27214.6814218848,5428.14560129747,1702.60344243367,25642.7784040612,7280.43037292151,67200.3626791337,24886.2915791571,4800.2989570575,1239.66200728128,19444.4696920169,3951.14884467154,4646.35612355988,13219.8273796135,4041.55850200948,10921.8718309132,1408.59499071383,138.767758536489,2969.27828262895,370.538686983398,29855.328716103,3228.43111105578,4922.02553317086,22517.0297569702,19792.4674252494,2584.74684501389
8456.15128908136,21121.4493331391,337.805589141784,28043.8726596042,5112.47430573591,27078.7941730111,5402.63786766725,1694.31793524459,25531.8719881929,7255.47898878761,67200.3626791337,24886.2915791571,4800.2989570575,1233.54336421724,19444.4696920169,3936.13474197489,4646.35612355988,13157.1744848897,4019.81907070899,10870.2982284353,1402.02501169039,138.763508093818,2960.63839586767,369.761725098294,29855.328716103,3228.43111105578,4893.70110045894,22517.0297569702,19694.1067773449,2579.55664108769
8440.25281705477,21023.0406706045,337.805589141784,27925.7956272269,5085.35930527922,26970.2839084143,5379.61827881602,1686.47536351882,25409.1450666437,7230.80130092525,67200.3626791337,24886.2915791571,4800.2989570575,1227.34281075377,19444.4696920169,3923.50650570188,4646.35612355988,13104.2551823763,3997.29468096192,10822.7754931723,1394.13088277128,138.758083434342,2951.98033105218,369.08778299999,29855.328716103,3228.43111105578,4869.81729071958,22517.0297569702,19607.4736022813,2573.90511469995
