2028.01032203625,998.967204338888,826.11181022253,587.455495167697,1881.27158160504,903.815407048487,596.749108859875,1327.73139739706,1087.85951371352,637.52072483716,2289.50836228441,680.346131632565,651.262648500197,769.58013375473,418.657747371114,807.646558990914,819.802153452104,889.852230241634,801.831746384433,1428.46794709919,905.553486041847,680.003677947543,897.635108729384,539.884664720978,1114.326538346,1418.18994738697,971.898066749611,771.00765874827,794.020413404755,906.25742772271
2028.01032203625,982.43370906881,532.264829801722,559.266066601841,1881.27154092135,900.715417748947,596.70449337068,1254.79269563622,1087.85951371352,637.429927779937,2289.50827482756,680.316956544274,583.919843743683,637.850546566994,417.455630788345,675.497038722657,817.785870115137,816.637759014333,799.790613562902,1426.81326154654,881.538826029936,675.730401673044,776.44509959906,464.964512718192,738.754202521819,1407.43723399513,923.56702108577,729.674580378025,666.842286131733,886.701430954246
2028.01032203625,976.370922502421,531.222611366081,529.764757254371,1881.27154092135,900.691520062959,596.704490215634,1254.78378792552,1087.85951371352,637.429927328935,2289.50827482756,678.599252288007,583.89669479873,637.850539242132,417.390590803027,675.426327743608,817.668286027894,808.731430229347,788.513902258167,1426.35089683683,881.537563596568,675.572996389172,776.425169349498,464.964476149244,738.514493572439,1407.4346514172,923.545392392859,729.477263949201,665.143027510575,883.716711758841
2028.01032203625,864.785932753655,531.124059204107,529.76222702174,1881.27154092135,900.691520062959,596.70449021549,1254.78378792552,1087.85951371352,637.429927328935,2289.50827482756,677.447220416056,579.488867554318,637.850539242132,417.390590705059,675.420817690802,817.557896260098,807.110263602319,788.239566742832,1426.31366606616,881.537563596568,675.439771999539,768.860621063231,464.964476149244,738.434367586838,1407.43444655167,839.823919722687,729.448097377777,665.143025397614,883.716711758841
2028.01032203625,864.785154330998,531.124059203488,524.653188306637,1881.27154092135,900.691520062959,596.70449021549,1254.78378792552,1087.85951371352,637.429927328935,2289.50827482756,677.447220397337,579.488732144669,637.850539242132,417.390590705059,667.855290448658,817.436068508311,807.110263602319,788.239566742832,1426.31366596528,881.537563596568,675.336202656949,768.860620773521,464.964476149244,738.238524911447,1407.43444655167,839.823736746321,729.284694129135,665.143025397614,883.716711758841
2028.01032203625,864.785154330998,531.124059203488,524.653188306637,1881.27154092135,900.691520062959,596.70449021549,1254.78378792552,1087.85951371352,637.429927328935,2289.50827482756,677.447220397337,579.488732144669,637.850539242132,417.390590705059,667.855290448658,817.368592960954,807.110263602319,788.239566742832,1426.31366596528,881.537563596568,675.279807091866,768.860620773521,464.964476149244,738.176009325032,1407.43444655167,839.823736746321,729.158752267002,665.143025397614,883.716711758841
2028.01032203625,864.785154330998,531.124059203488,524.653188306637,1881.27154092135,900.691520062959,596.70449021549,1254.78378792552,1087.85951371352,637.429927328935,2289.50827482756,677.447220397337,579.488732144669,637.850539242132,417.390590705059,667.855290448658,817.349385400604,807.110263602319,788.239566742832,1426.31366596528,881.537563596568,675.256579503126,768.860620773521,464.964476149244,738.155778651312,1407.43444655167,839.823736746321,729.129550576607,665.143025397614,883.716711758841
2028.01032203625,864.785154330998,531.124059203488,524.653188306637,1881.27154092135,900.691520062959,596.70449021549,1254.78378792552,1087.85951371352,637.429927328935,2289.50827482756,677.447220397337,579.488732144669,637.850539242132,417.390590705059,667.855290448658,817.340584183837,807.110263602319,788.239566742832,1426.31366596528,881.537563596568,675.24734480527,768.860620773521,464.964476149244,738.145853644143,1407.43444655167,839.823736746321,729.118352006612,665.143025397614,883.716711758841
2028.01032203625,864.785154330998,531.124059203488,524.653188306637,1881.27154092135,900.691520062959,596.70449021549,1254.78378792552,1087.85951371352,637.429927328935,2289.50827482756,677.447220397337,579.488732144669,637.850539242132,417.390590705059,667.855290448658,817.335739535632,807.110263602319,788.239566742832,1426.31366596528,881.537563596568,675.242771885044,768.860620773521,464.964476149244,738.140822658478,1407.43444655167,839.823736746321,729.112107534223,665.143025397614,883.716711758841
2028.01032203625,864.785154330998,531.124059203488,524.653188306637,1881.27154092135,900.691520062959,596.70449021549,1254.78378792552,1087.85951371352,637.429927328935,2289.50827482756,677.447220397337,579.488732144669,637.850539242132,417.390590705059,667.855290448658,817.332935700091,807.110263602319,788.239566742832,1426.31366596528,881.537563596568,675.239711526389,768.860620773521,464.964476149244,738.138256979212,1407.43444655167,839.823736746321,729.108418298269,665.143025397614,883.716711758841
2028.01032203625,864.785154330998,531.124059203488,524.653188306637,1881.27154092135,900.691520062959,596.70449021549,1254.78378792552,1087.85951371352,637.429927328935,2289.50827482756,677.447220397337,579.488732144669,637.850539242132,417.390590705059,667.855290448658,817.331173344254,807.110263602319,788.239566742832,1426.31366596528,881.537563596568,675.237807209125,768.860620773521,464.964476149244,738.136638971499,1407.43444655167,839.823736746321,729.106402592643,665.143025397614,883.716711758841
2028.01032203625,864.785154330998,531.124059203488,524.653188306637,1881.27154092135,900.691520062959,596.70449021549,1254.78378792552,1087.85951371352,637.429927328935,2289.50827482756,677.447220397337,579.488732144669,637.850539242132,417.390590705059,667.855290448658,817.329974083376,807.110263602319,788.239566742832,1426.31366596528,881.537563596568,675.236738364271,768.860620773521,464.964476149244,738.135610906061,1407.43444655167,839.823736746321,729.10505299794,665.143025397614,883.716711758841
2028.01032203625,864.785154330998,531.124059203488,524.653188306637,1881.27154092135,900.691520062959,596.70449021549,1254.78378792552,1087.85951371352,637.429927328935,2289.50827482756,677.447220397337,579.488732144669,637.850539242132,417.390590705059,667.855290448658,817.329247036329,807.110263602319,788.239566742832,1426.31366596528,881.537563596568,675.236048201317,768.860620773521,464.964476149244,738.134898299597,1407.43444655167,839.823736746321,729.104327051412,665.143025397614,883.716711758841
2028.01032203625,864.785154330998,531.124059203488,524.653188306637,1881.27154092135,900.691520062959,596.70449021549,1254.78378792552,1087.85951371352,637.429927328935,2289.50827482756,677.447220397337,579.488732144669,637.850539242132,417.390590705059,667.855290448658,817.328721295857,807.110263602319,788.239566742832,1426.31366596528,881.537563596568,675.235581902624,768.860620773521,464.964476149244,738.134441357649,1407.43444655167,839.823736746321,729.10383915932,665.143025397614,883.716711758841
