1453.12842615725,1620.31664505294,51944.8081568091,2692.33513088267,2494.72003999799,412.141771206869,1181.65430673262,209760.948238353,24168.2062059852,235660.976024369,377.585093789556,36067.1443184211,110466.677723407,201931.727532362,2316.96599759639,988.012215739571,2838.68528821483,1685.42203741726,7447.16004628536,606411.421916924,629.00568859088,6482.63948802052,189698.183747121,780.784310085527,7612.02079777089,40524.3993435321,1360959.78355173,25984.8236143665,16265.6839943833,1443.61841805935
1433.44228996101,822.984195932347,24754.5033023794,613.851049654782,1362.2337096626,378.481549050078,766.654042493754,4346.10921375772,4883.4169556713,19375.0076866355,373.21273829691,14670.0493618013,2352.07874761318,3009.30740567056,980.853774961854,832.407342764569,1468.21152627247,1295.89535609649,1428.90782691042,346703.138408176,484.384944087133,1738.07678068913,25548.248220794,628.176769261607,706.064768626055,7968.440977738,806590.654072569,919.977690609099,6668.45125736424,956.698457014555
1411.88833506011,548.838714164563,2284.0774560514,167.552471357145,424.687675150476,372.172399126826,669.991071757906,820.202050375836,245.552801321192,784.606778693868,364.539046483319,270.650161885804,666.044807010647,607.178312061134,791.701367419796,754.889980302482,357.945150845203,682.097832799735,984.819015216442,124480.788360325,446.067197852235,605.150924176932,1158.84865230284,538.175521456865,201.940320750781,539.937387011631,6122.28926412591,105.990881321331,811.339194623064,806.811725114456
1375.65517650806,533.37809731813,736.588583318272,135.974004883302,337.376688574888,371.76151541276,665.026907541344,802.192478504648,197.259423978375,549.891478183322,362.734670565015,234.751111428376,571.707503859138,540.651592757903,774.851935991552,751.39807904351,319.097135459792,613.936869267336,871.048456128885,885.49432067321,438.640276870903,600.288028292349,596.594798427907,478.972896709791,193.460006856245,423.926480598652,588.646701922966,94.3784228158208,208.720307848671,791.528058681562
965.736538344231,532.180802882196,309.747336638395,134.628830128758,333.085011670664,371.746795041882,664.563371910659,801.200151918202,190.668770966422,418.70811064943,362.570803694582,233.015900486549,570.592467880986,535.82301591765,774.016869702233,750.852686530011,318.110012462056,607.614585473305,870.661687051228,138.397637359527,437.531723671046,599.940090212201,465.858078569829,413.875105394447,192.869581122231,421.469103341271,569.149726666059,92.1883033184577,194.96338652173,790.916277379663
858.742026009445,532.165789957392,309.489283974103,134.625064083046,333.050854361276,371.746795041882,664.552948717385,801.200151918202,190.659238768049,418.70811064943,362.57059540941,233.004538104154,570.579911890217,535.798392578515,774.000835166722,750.850471872492,318.109000087615,607.534088226133,870.6562667926,137.391465160915,437.444820138768,599.936787560624,463.470100954697,413.214822672534,192.865970129325,421.449429777993,569.029503859691,91.9971815153729,194.620215198601,790.916277379663
704.267142603791,532.165789629166,309.453223333278,134.625047249591,333.050794399373,371.746795041882,664.552945768049,801.200151918202,190.657866902463,418.70811064943,362.57059540941,233.004531947622,570.579906761084,535.798388622973,769.700392058109,750.850471553365,318.108999856185,607.533951615672,870.656260387846,137.391465160915,436.463451379411,599.936778617209,463.467611696855,413.211628378768,192.865963950857,421.449429777993,569.028927599854,91.2858655659143,194.620215198601,790.916277379663
704.264647880476,532.165789629166,309.438291567433,134.502546945457,330.687272333573,371.734260064607,664.552941880384,801.200151918202,166.650943048687,418.70811064943,362.139284513249,232.73993192386,570.579760254817,535.798388622973,740.383347576789,750.850471553365,318.108767845207,607.407873523923,870.656260387846,137.391465160915,436.45519927392,598.56101641241,463.464652958839,413.211560453839,192.865963950857,421.449429777993,569.005351246791,91.2811498239398,194.620215198601,790.916277379663
704.26459315367,532.165789629166,309.438291567433,134.446494797951,330.687270516379,371.734259973047,660.609677541205,801.179173248609,166.650811996815,418.70811064943,351.793804866822,232.739931670623,570.579760247937,535.798388622973,740.383347348878,750.850471553365,296.403199197971,607.407873028418,870.656260387846,137.335967520837,436.45519927392,598.561015709603,463.46465295477,413.142894308668,192.865963950857,421.449429777993,569.005351221349,75.6786900113723,194.620215198601,789.541483674215
704.26459315367,532.165789629166,309.438291567433,134.446494797951,330.687270516379,371.734259973047,660.609677541205,801.179173248609,166.650811996815,418.70811064943,351.793804866822,232.739931670623,570.579760247937,535.798388622973,740.383347348878,750.850471553365,296.403199197971,607.407873028418,870.656260387846,137.148496416994,436.45519927392,598.561015709603,463.46465295477,413.142894308668,192.865963950857,421.449429777993,569.005351221349,75.6786732702919,194.620215198601,789.541483674215
704.26459315367,532.165789629166,309.438291567433,134.446494797951,330.687270516379,371.734259973047,660.609677541205,801.179173248609,166.650811996815,418.70811064943,351.793804866822,232.739931670623,570.579760247937,535.798388622973,740.383347348878,750.850471553365,296.403199197971,607.407873028418,870.656260387846,137.148496416994,436.45519927392,598.561015709603,463.46465295477,413.142894308668,192.865963950857,421.449429777993,569.005351221349,75.6786732702919,194.620215198601,789.541483674215
704.26459315367,532.165789629166,309.438291567433,134.446494797951,330.687270516379,371.734259973047,660.609677541205,801.179173248609,166.650811996815,418.70811064943,351.793804866822,232.739931670623,570.579760247937,535.798388622973,740.383347348878,750.850471553365,296.403199197971,607.407873028418,870.656260387846,137.148496416994,436.45519927392,598.561015709603,463.46465295477,413.142894308668,192.865963950857,421.449429777993,569.005351221349,75.6786732702919,194.620215198601,789.541483674215
704.26459315367,532.165789629166,309.438291567433,134.446494797951,330.687270516379,371.734259973047,660.609677541205,801.179173248609,166.650811996815,418.70811064943,351.793804866822,232.739931670623,570.579760247937,535.798388622973,740.383347348878,750.850471553365,296.403199197971,607.407873028418,870.656260387846,137.148496416994,436.45519927392,598.561015709603,463.46465295477,413.142894308668,192.865963950857,421.449429777993,569.005351221349,75.6786732702919,194.620215198601,789.541483674215
704.26459315367,532.165789629166,309.438291567433,134.446494797951,330.687270516379,371.734259973047,660.609677541205,801.179173248609,166.650811996815,418.70811064943,351.793804866822,232.739931670623,570.579760247937,535.798388622973,740.383347348878,750.850471553365,296.403199197971,607.407873028418,870.656260387846,137.148496416994,436.45519927392,598.561015709603,463.46465295477,413.142894308668,192.865963950857,421.449429777993,569.005351221349,75.6786732702919,194.620215198601,789.541483674215
704.26459315367,532.165789629166,309.438291567433,134.446494797951,330.687270516379,371.734259973047,660.609677541205,801.179173248609,166.650811996815,418.70811064943,351.793804866822,232.739931670623,570.579760247937,535.798388622973,740.383347348878,750.850471553365,296.403199197971,607.407873028418,870.656260387846,137.148496416994,436.45519927392,598.561015709603,463.46465295477,413.142894308668,192.865963950857,421.449429777993,569.005351221349,75.6786732702919,194.620215198601,789.541483674215
704.26459315367,532.165789629166,309.438291567433,134.446494797951,330.687270516379,371.734259973047,660.609677541205,801.179173248609,166.650811996815,418.70811064943,351.793804866822,232.739931670623,570.579760247937,535.798388622973,740.383347348878,750.850471553365,296.403199197971,607.407873028418,870.656260387846,137.148496416994,436.45519927392,598.561015709603,463.46465295477,413.142894308668,192.865963950857,421.449429777993,569.005351221349,75.6786732702919,194.620215198601,789.541483674215
