858.742026009445,532.165789957392,309.489283974103,134.625064083046,333.050854361276,371.746795041882,664.552948717385,801.200151918202,190.659238768049,418.70811064943,362.57059540941,233.004538104154,570.579911890217,535.798392578515,774.000835166722,750.850471872492,318.109000087615,607.534088226133,870.6562667926,137.391465160915,437.444820138768,599.936787560624,463.470100954697,413.214822672534,192.865970129325,421.449429777993,569.029503859691,91.9971815153729,194.620215198601,790.916277379663
704.267116804157,532.165789629166,309.438293846308,134.625046275301,332.951522753552,371.746795041882,664.552945767954,801.200151918202,166.732871950363,418.70811064943,362.57059540941,233.001305678343,570.579881553924,535.798388622973,740.383749952394,750.850471553365,318.108999856185,607.506157644978,870.656260387846,137.391465160915,436.455208164823,599.54877395739,463.467597090356,413.211628378768,192.865963950857,421.449429777993,569.00535328078,91.2817119447495,194.620215198601,790.916277379663
704.264646071384,532.165789629166,309.438291567433,134.446494797951,330.687270849667,371.734259973047,664.001507837273,801.17922044123,166.650812081195,418.70811064943,351.793804866945,232.739931923044,570.579760247937,535.798388622973,740.383347348878,750.850471553365,296.516076068938,607.407873029739,870.656260387846,137.336520009258,436.45519927392,598.561015865705,463.46465295477,413.142894312763,192.865963950857,421.449429777993,569.005351221349,75.6788849540885,194.620215198601,789.541484566593
704.26459315367,532.165789629166,309.438291567433,134.446494797951,330.687270516379,371.734259973047,660.609677541205,801.179173248609,166.650811996815,418.70811064943,351.793804866822,232.739931670623,570.579760247937,535.798388622973,740.383347348878,750.850471553365,296.403199197971,607.407873028418,870.656260387846,137.148496572414,436.45519927392,598.561015709603,463.46465295477,413.142894308668,192.865963950857,421.449429777993,569.005351221349,75.6786878573253,194.620215198601,789.541483674215
704.26459315367,532.165789629166,309.438291567433,134.446494797951,330.687270516379,371.734259973047,660.609677541205,801.179173248609,166.650811996815,418.70811064943,351.793804866822,232.739931670623,570.579760247937,535.798388622973,740.383347348878,750.850471553365,296.403199197971,607.407873028418,870.656260387846,137.148496416994,436.45519927392,598.561015709603,463.46465295477,413.142894308668,192.865963950857,421.449429777993,569.005351221349,75.6786732702919,194.620215198601,789.541483674215
704.26459315367,532.165789629166,309.438291567433,134.446494797951,330.687270516379,371.734259973047,660.609677541205,801.179173248609,166.650811996815,418.70811064943,351.793804866822,232.739931670623,570.579760247937,535.798388622973,740.383347348878,750.850471553365,296.403199197971,607.407873028418,870.656260387846,137.148496416994,436.45519927392,598.561015709603,463.46465295477,413.142894308668,192.865963950857,421.449429777993,569.005351221349,75.6786732702919,194.620215198601,789.541483674215
704.26459315367,532.165789629166,309.438291567433,134.446494797951,330.687270516379,371.734259973047,660.609677541205,801.179173248609,166.650811996815,418.70811064943,351.793804866822,232.739931670623,570.579760247937,535.798388622973,740.383347348878,750.850471553365,296.403199197971,607.407873028418,870.656260387846,137.148496416994,436.45519927392,598.561015709603,463.46465295477,413.142894308668,192.865963950857,421.449429777993,569.005351221349,75.6786732702919,194.620215198601,789.541483674215
704.26459315367,532.165789629166,309.438291567433,134.446494797951,330.687270516379,371.734259973047,660.609677541205,801.179173248609,166.650811996815,418.70811064943,351.793804866822,232.739931670623,570.579760247937,535.798388622973,740.383347348878,750.850471553365,296.403199197971,607.407873028418,870.656260387846,137.148496416994,436.45519927392,598.561015709603,463.46465295477,413.142894308668,192.865963950857,421.449429777993,569.005351221349,75.6786732702919,194.620215198601,789.541483674215
704.26459315367,532.165789629166,309.438291567433,134.446494797951,330.687270516379,371.734259973047,660.609677541205,801.179173248609,166.650811996815,418.70811064943,351.793804866822,232.739931670623,570.579760247937,535.798388622973,740.383347348878,750.850471553365,296.403199197971,607.407873028418,870.656260387846,137.148496416994,436.45519927392,598.561015709603,463.46465295477,413.142894308668,192.865963950857,421.449429777993,569.005351221349,75.6786732702919,194.620215198601,789.541483674215
704.26459315367,532.165789629166,309.438291567433,134.446494797951,330.687270516379,371.734259973047,660.609677541205,801.179173248609,166.650811996815,418.70811064943,351.793804866822,232.739931670623,570.579760247937,535.798388622973,740.383347348878,750.850471553365,296.403199197971,607.407873028418,870.656260387846,137.148496416994,436.45519927392,598.561015709603,463.46465295477,413.142894308668,192.865963950857,421.449429777993,569.005351221349,75.6786732702919,194.620215198601,789.541483674215
704.26459315367,532.165789629166,309.438291567433,134.446494797951,330.687270516379,371.734259973047,660.609677541205,801.179173248609,166.650811996815,418.70811064943,351.793804866822,232.739931670623,570.579760247937,535.798388622973,740.383347348878,750.850471553365,296.403199197971,607.407873028418,870.656260387846,137.148496416994,436.45519927392,598.561015709603,463.46465295477,413.142894308668,192.865963950857,421.449429777993,569.005351221349,75.6786732702919,194.620215198601,789.541483674215
704.26459315367,532.165789629166,309.438291567433,134.446494797951,330.687270516379,371.734259973047,660.609677541205,801.179173248609,166.650811996815,418.70811064943,351.793804866822,232.739931670623,570.579760247937,535.798388622973,740.383347348878,750.850471553365,296.403199197971,607.407873028418,870.656260387846,137.148496416994,436.45519927392,598.561015709603,463.46465295477,413.142894308668,192.865963950857,421.449429777993,569.005351221349,75.6786732702919,194.620215198601,789.541483674215
704.26459315367,532.165789629166,309.438291567433,134.446494797951,330.687270516379,371.734259973047,660.609677541205,801.179173248609,166.650811996815,418.70811064943,351.793804866822,232.739931670623,570.579760247937,535.798388622973,740.383347348878,750.850471553365,296.403199197971,607.407873028418,870.656260387846,137.148496416994,436.45519927392,598.561015709603,463.46465295477,413.142894308668,192.865963950857,421.449429777993,569.005351221349,75.6786732702919,194.620215198601,789.541483674215
704.26459315367,532.165789629166,309.438291567433,134.446494797951,330.687270516379,371.734259973047,660.609677541205,801.179173248609,166.650811996815,418.70811064943,351.793804866822,232.739931670623,570.579760247937,535.798388622973,740.383347348878,750.850471553365,296.403199197971,607.407873028418,870.656260387846,137.148496416994,436.45519927392,598.561015709603,463.46465295477,413.142894308668,192.865963950857,421.449429777993,569.005351221349,75.6786732702919,194.620215198601,789.541483674215
