14909395632.7606,5202554489.24793,3623403725.841,37747947683.478,3513025.06306064,22341778597.5938,44816357217.3438,10538878242.7201,13027417925.8647,4258880578.28987,11388154141.9859,40174400068.6146,16813174531.0724,20015908328.7435,27051815427.6786,1742388088.76765,21071779851.2664,20199133054.9789,10562627372.0433,985603883.721276,6454895363.59959,24093300976.8101,28017941416.5412,38174769659.2862,33619653794.7777,14572455314.3318,69004099868.7276,8637929553.54159,5826768427.29526,6408045978.56294
8891706569.45829,2929086104.15405,2482934828.44742,34410253951.1398,59507.5755125338,20143104131.6786,41770826003.1132,9145774348.05532,11115087870.6498,1903415734.70617,6244809376.06495,27146371741.0624,12313285201.8224,19375070463.5152,21910116175.0753,394232462.259534,17716915803.0521,16311236567.6477,2343863183.32393,137864674.713549,5738425665.05479,5227446117.49358,19164118500.9491,35095655698.8544,20245368960.1447,6368297773.25013,62997172479.9969,7022497677.31406,435738606.02294,3463965215.53176
1507610773.28138,2211430613.82205,1044999961.67512,28495958829.5505,28709.5788796023,10399350524.3988,16680069123.0118,494649032.144582,6568893847.86854,142804890.027155,1787971339.74522,4508613411.6851,2223572294.07414,15697994155.1782,573244154.453961,258290018.456235,6435763878.72091,3783497743.61943,5351662.11139952,112190071.927941,1537500977.85214,1065497443.24964,7597556531.70309,19973862794.1462,1432239568.94426,1181500578.77052,38463096804.8759,4458367922.88041,164766196.226254,687912169.948224
1190898064.49235,114179528.523653,832820595.999157,5623554785.78768,28119.2708750712,4611196603.26971,14339269254.153,176880240.768848,1513324976.69356,125220482.922319,1142100760.73363,2158409639.6038,2034286357.25843,1874120866.47065,335069813.339189,156391905.589049,54930358.9501399,115580.858615759,17074.1579218112,112190071.927941,248242190.541581,107869300.526338,6584886151.55702,13483141214.8834,1432239568.94426,718656.179997435,26537562058.7783,29591822.0681154,72894101.7457121,687912169.948224
1189868.57533076,10469.8094543954,284261380.200638,3854334181.22961,28114.0055470666,95639.356640208,11689555048.4546,73729886.2274573,1513324976.69356,123943828.964859,1120267986.02723,340958646.108061,247320525.487859,1873542650.87132,335069813.339189,143130351.931606,53346714.3205813,6453.38596550802,16215.8234539545,112190071.927941,137638.406094619,14176.680013138,3071871.54828039,1765736.3734625,1432239568.94426,17991.7029156802,24370690561.2194,11888.3661497634,6883.70634811348,687912169.948224
5049.71521106451,6056.88098655959,282068494.11156,3854334181.22961,28098.1927043575,15992.9078899737,37922.8740249572,15417.129643495,1513324976.69356,4289633.51753837,558707.573233835,338335212.783738,1674683.29954267,1873542650.87132,333067627.867172,60537.675202255,4798.21466933065,6384.0360506701,16211.5336671314,91509856.7678098,13730.7483002321,13629.7836401496,33722.5119370304,35705.4269449571,1432239568.94426,17954.6618683556,46603993.6086261,5484.26934241251,6332.96166086922,313209629.273233
5048.02367834315,6055.13079750372,62378.2941135291,817038474.160418,28072.5185568779,15992.5369689522,28210.8429712334,15410.2200349895,745425646.180691,35739.4642033595,51387.7906281003,1002108.59595147,659606.514262869,551160807.955211,111504346.749727,35019.547834773,4340.09987826712,6380.08888929899,16199.0031573784,6498649.19019206,13552.9829291063,13623.2649208123,33721.0188813125,35703.94218624,873752283.365412,17954.0676201672,30349.7831500427,5482.9952441594,6332.49745150773,305018544.196379
5040.79339364717,6040.85908392891,33339.8232349672,815841158.766398,28031.3384014208,15990.9223667371,28181.6574633473,15367.818362028,745228566.746145,35521.0757530309,51373.9103679785,36398.5127640198,32886.6844728115,533875828.166735,37569.7505104816,34984.658236802,4335.05641270046,6373.27984092386,16176.5817663281,34969.8515346971,13462.3948749169,13602.1127791833,33675.5806560896,35648.6527347269,873591458.482416,17951.4107454292,30194.7696986438,5474.67100634374,6322.89760988682,46899.4123827368
5031.0957040091,6023.74153052155,33198.6709127289,10916.2529282083,27938.9141599924,15988.5339975867,28125.3630574554,15315.082901327,35366.1404739639,35448.8306883901,51284.6680053338,36323.1515339637,32812.0502516464,533536778.013968,33106.2834435889,34871.8942930384,4323.50960283087,6362.90741468525,16129.5946332778,34916.8424125148,13461.660230879,13558.8857164167,33603.7240837398,35558.2032502938,873590962.72263,17948.6077439665,30193.8689066356,5461.97492132601,6309.20208217529,46892.5819298303
5004.35476974321,5997.22278785928,33018.2276024924,10914.7542416373,27810.7513851343,15983.6255922101,28010.0398972133,15225.8234114547,35010.698392873,35264.5398533256,51146.574472009,36197.5629486117,32645.5309726312,53513.7500026409,33019.0249131227,34732.0949580461,4308.44785217556,6348.31854852796,16063.504618951,34757.4858112363,13460.3601480297,13497.2004941966,33481.562230555,35432.2983114183,643247.401028508,17942.314632479,30192.3593588955,5439.28893230338,6282.64529941765,46723.6897967061
4968.08983246053,5951.47316745333,32736.7832097518,10912.4326440769,27603.7899621724,15976.5625057799,27825.6089199543,15109.6288637855,34734.9621566082,35033.3050537919,50890.5397741452,35941.9962753313,32391.1942287308,53505.9385250794,32796.2396833835,34502.8224449442,4284.1961247931,6322.86222957341,15974.2591120307,34444.1044310426,13457.7684365511,13387.0747874267,33311.8281202092,35212.3006355508,643247.401021208,17934.1956720272,30190.1638843295,5402.64664587802,6239.33024197085,46458.9927738434
4908.2723825154,5884.80126346575,32348.4244940154,10908.7052858552,27268.2719561217,15964.4546580449,27560.5349513858,14918.8471082629,34337.0205379823,34647.5623089576,50445.5473422009,35582.1145799067,31968.7317772018,53488.8021140343,32345.2837998078,34139.349172432,4242.66949340624,6279.85658652123,15824.6667486854,34080.9113146566,13454.2695687089,13222.6417062946,32984.8030283361,34927.871172781,643247.401021208,17922.043073309,30186.7208046139,5344.77961672877,6174.68263229491,46039.4635226242
4819.36148779035,5775.28078743392,31710.2382550885,10903.5900782097,26819.8731195464,15948.0589727703,27108.1511170165,14635.9941219061,33627.4633072019,34018.9769417251,49808.0270427833,34939.0859594925,31404.5177511808,53463.1622625944,31774.8417169969,33525.0234935966,4186.80544341427,6211.67580999409,15578.7261109873,33426.9243219285,13449.198370105,12937.7157541367,32512.5556441636,34445.3427999606,643247.401021208,17903.604959148,30181.2758908056,5251.73192587411,6066.59355255376,45428.9623241259
4680.30881631243,5623.94867110091,30729.821181857,10895.6384052486,25963.9778379562,15921.5235385139,26364.518474849,14178.9344223954,32673.157586045,33114.7792527125,48902.8908857592,33911.0647015645,30398.8192400377,53419.9572222977,30796.3636891325,32647.687898453,4090.82687356738,6114.96506566302,15199.8276759623,32514.703404846,13440.3207361055,12565.0393849154,31847.6948758049,33682.8472460816,643247.401021208,17870.9456372102,30172.8614530592,5106.616156938,5892.52890213756,44454.1794065056
4464.05519233092,5358.44619072554,29232.1625740017,10882.4289578007,24815.0747954476,15881.4355954097,25249.8457852038,13495.4268338109,31172.1730001395,31637.9398333816,47392.3779502947,32485.7412010471,28814.729438386,53355.5552297189,29282.8560115953,31214.5903226672,3958.00420026125,5958.40261948023,14608.4062871466,30932.5340372847,13426.3856706744,11976.6025798271,30759.1157909656,32507.916914866,643247.401021208,17820.8602756124,30160.0588012908,4879.33830622167,5650.55132844565,43015.7609459393
4153.31269761693,4969.50458556411,27098.7506610426,10860.7592815276,23047.31764705,15816.5262170843,23534.8847421154,12475.4705898041,28916.651988592,29382.835522094,45167.9269632238,30258.5611289731,26752.5006790602,53256.053430799,26988.032104745,28886.6791216223,3734.26680734776,5733.08770669733,13744.312141714,28731.5911677712,13405.4514449944,11132.9761110511,29257.0461728858,30717.2084994582,643247.401021208,17736.2484289528,30139.7115923172,4555.09894606818,5287.74599890433,40743.833274288
