2.86493685555977e+21,16986995260466388992,9669270376269615104,100177000996876000,25500794063871.5,52102145464090886144,2356071375010693632,54833869866311.2,1.41034711414773e+21,9.6230848316415e+20,8.85242534181172e+21,135033917921625056,12921406379018737664,1.23966901847474e+20,5.89524747856238e+21,4156765696893195776,135494239116604096,9172468582765980,253683454260746176,66117637461856248,339832617974317376,1.78075971499852e+20,9660327990915562,1.88201690568781e+20,2.02917567985001e+21,9407294962934446080,157154477498816960,69834748764843261952,41016435229171884032,1533474390389058
5.39212342485819e+20,10260749622814867456,146049769248037792,23725616121931572,747958207173.696,6310352266323799040,835141597350703488,26132781865607.4,1.08388036933684e+21,1.36097748775827e+20,4.06682933805241e+20,34144769163144712,808139277121375616,25860910584000385024,1.06355817024223e+21,29496538364282712,61298696720190208,4528427373236313,15449186237506660,4010527651218434,143908248678380000,14577197841317081088,45886518037376.9,10138131765971378176,6.04914973144118e+20,675867853153147264,44374836617253080,17159340922824140800,11624238555001051136,242641326144.578
1454257401613435,476433657824011520,410926978834718,228961572208927,70293978857.3945,1026763445621553,56506283426891648,5696731734913.79,2.16428880718714e+20,220828733912435712,224641331454435776,4994617770480.65,16367119768209358,1091939798481790336,38755437766312016,316165752593823,59582489571859.7,1185666122464158,28818312075160.8,520713612346777,1806307192089960,536033425063486144,24827530064023,1136699289641547008,304017376358560896,18910087936599752,678184979083653,91785170627564864,12151681566920850,33754574745.1876
18154250784298.3,14986471637112.7,8558219372342.3,633641836113.48,295307154.397874,9521412710716.21,14315446522591940,1633643200454.47,7696637220019208192,146195029453403584,3340349182238143,2379305016197.44,13765226763583558,2335241941071660,4700155820236196,67119850128950.8,5546114213204.9,8134030208416.42,164690628093.089,3129634263138.13,434947826710.077,146481171439178336,1380791520734.22,49008218237333328,51888287903773336,11297594542045.7,15715812758670.2,24765949624259856,57374856773450.7,1882778297.16523
3797746597320.95,939768393747.506,1369066783264.17,48699128983.4125,64683005.7485098,16537275274.9309,6501696559774.09,275480906.198597,601596679589179,12146563509701.6,67353126414494.6,839305483444.289,5880698374858.4,280645678605364,853915348268102,7565145449352.02,87549766916.4086,1156149576302.39,7190651242.18448,246264677093.803,29086116115.4158,48686340651.3468,80411661332.5178,7692544669612961,69840666198398.6,532743610908.759,26178169479.3635,16752413826743.6,64957568022.743,247676330.705305
40204314757.0366,134480182.706012,40781627828.3436,609866801.139724,7345877.67222064,8240637390.46952,436460764631.122,33874776.25787,6232150926278.31,1264668203.11862,124356870608.911,19298394661.403,570252507.046795,22314104337.8446,4820771313533.02,569926964191.513,22134478944.8359,344973698.2422,948238.818144851,34211282576.8202,2394587040.46757,3180337297.20409,18777702144.0601,4514549021434.31,3851440356415.37,8582536842.63716,5151472323.30165,5145883294.22202,2964171819.00203,117318.315425381
337058440.946054,36858395.3767107,2693426699.54294,80685968.7296426,968086.744666236,187174138.183843,214497538.371209,322919.495007921,62050539.3850112,162040.065530076,17286174964.9447,912873700.027573,133893551.550849,1126870840.51462,103547057.098149,20931815257.0453,263979258.429971,178466539.243511,155935.365734577,9788396.91067526,28714251.7665839,382987115.267865,1667203129.4901,264839613.298265,201724239873.028,653697.892434531,129808313.252026,763527.627567761,8363102.76683216,8435.93780392929
33658713.6086882,11218987.2134477,14401446.9021246,61679227.4200887,22732.0227956301,67410.4401959593,1096162.58352137,84060.1544136842,431193.127172571,68098.1516944928,1817329660.94297,95681609.9231416,329702.388484306,42485385.8192432,33124967.9721678,103900897.141659,5115894.96912438,5604883.2493118,1129.45306991118,2031576.82511799,1185014.18021055,158487689.562377,4123970.92678159,602425.807993757,5967079089.08858,17960.4157775555,112147.044913321,38911.3797997293,1534668.97260974,6655.48089622242
1106634.41558804,66377.7231527978,14290005.5644882,12630802.1916448,10000.1700022772,63987.1958813148,172669.770467189,5982.99709850602,28885.3680054727,6301.6727258012,1056225.67915399,11715970.846172,1296.76840734604,331664.457097938,15149058.9284451,56377042.4540505,2166584.72383857,1806182.43654235,423.173623988317,788256.798609043,141168.052188748,16794436.2306428,3966322.85975002,171266.447721979,1321360233.36159,343.602762520425,78648.8397856827,594.050788053822,744.320642002934,2561.38447401131
1105623.87742818,5753.68757252591,776975.98160459,1504090.40548622,2915.34552281748,15154.4816232317,22521.0398511488,5702.62733616223,6611.36444741975,275.283602746562,455215.818931197,365063.381013283,609.868189978647,19938.783028715,54412.9693229021,1529255.79403243,1934775.72588088,1386907.70254343,0.318573967185898,784888.163918965,135.396865253459,1893096.41161089,1164596.54433199,161950.911362434,899399372.142327,235.514603939963,17035.9313482775,475.616906465342,304.486737506745,264.952665059448
95444.7156579228,5597.16090362395,749096.695056209,1308259.76473338,2521.34495654729,15095.4339794525,22250.2340011996,1949.90125465279,6057.42942861206,259.877444245662,21519.9319738296,292402.903191348,609.740417888238,19739.3163981236,49371.5669725665,1347976.40076395,6005.99311164719,6142.61693744297,0.314093140175487,19237.1188895396,113.677885017045,1807846.34855149,1106239.69264345,58181.222568895,346536741.581062,139.34848207685,16997.9688173584,475.539379975317,280.281835927852,264.929926522927
78472.5406697218,1849.00333142704,709455.14809849,1308259.76467711,344.713369740332,9130.36314881424,22250.233999551,116.985932688487,6057.42342508095,259.877444245662,21484.7674262831,176994.624552363,609.74041709059,19739.3092260203,45518.8277477248,1347966.54914904,6000.71781016941,2949.16215115742,0.314083360084112,19109.9988494351,113.543677328604,1807844.89616583,1089729.37126231,58181.1860920965,346531972.239261,139.347232819773,16501.6880151132,107.976436729654,280.281835926026,264.929925683357
78472.5406697218,141.552021604955,709455.14809849,1308259.76467711,125.275092861957,9130.36314881419,22250.233999551,116.985932587657,6057.42342508095,259.877444245662,21484.7570572251,176994.624552363,609.74041709059,19739.3092260203,45518.8277477248,1347966.54914904,6000.71781016941,2949.16215115742,0.314078478985635,19109.9988494351,113.543677328604,1807844.89616583,1089729.37126231,58181.1860920965,346531780.976278,139.347232819773,16501.6880151132,107.976436229308,280.281835926026,264.929925683357
78472.5406697218,141.552021582983,709455.14809849,1308259.76467711,125.275092335978,9130.36314881419,22250.233999551,116.985932587657,6057.42342508095,259.877444245662,21484.7570572251,176994.624552363,609.74041709059,19739.3092260203,45518.8277477248,1347966.54914904,6000.71781016941,2949.16215115742,0.314075260261035,19109.9988494351,113.543677328604,1807844.89616583,1089729.37126231,58181.1860920965,346531780.976278,139.347232819773,16501.6880151132,107.976436221165,280.281835926026,264.929925683357
78472.5406697218,141.552021579677,709455.14809849,1308259.76467711,125.275092239267,9130.36314881419,22250.233999551,116.985932587657,6057.42342508095,259.877444245662,21484.7570572251,176994.624552363,609.74041709059,19739.3092260203,45518.8277477248,1347966.54914904,6000.71781016941,2949.16215115742,0.314073599920846,19109.9988494351,113.543677328604,1807844.89616583,1089729.37126231,58181.1860920965,346531780.976278,139.347232819773,16501.6880151132,107.976436219466,280.281835926026,264.929925683357
78472.5406697218,141.552021579477,709455.14809849,1308259.76467711,125.275092218818,9130.36314881419,22250.233999551,116.985932587657,6057.42342508095,259.877444245662,21484.7570572251,176994.624552363,609.74041709059,19739.3092260203,45518.8277477248,1347966.54914904,6000.71781016941,2949.16215115742,0.314072728666474,19109.9988494351,113.543677328604,1807844.89616583,1089729.37126231,58181.1860920965,346531780.976278,139.347232819773,16501.6880151132,107.976436219466,280.281835926026,264.929925683357
