1157.90594779063,492.059043601433,709.944186313484,232.551463008745,1353.50216888054,1131.51751381368,1705.2505996764,639.721495786107,628.6305983992,1259.35270725343,442.773746860351,1307.86515407486,514.81096154262,833.377151001965,792.492512977151,1616.82497333059,649.735651988014,989.667650673742,786.431950870618,457.292322252851,738.685103766287,304.597183579181,1033.78544089812,601.90733129027,306.851527053635,545.574063370327,793.70540339976,945.364563640027,1041.09862917139,802.025357812615
1085.18286111451,411.233821140427,537.990904862253,227.417263491487,907.885039921388,1026.85080704176,1671.55242440679,555.322846796089,607.770872184275,1207.69337497804,275.134279898206,675.465141911177,499.688575640375,671.241021203164,781.870518088333,1283.41928000298,539.524706907479,717.739447146758,744.098184015947,445.649673866216,499.79476981306,245.482975291629,957.439800615917,583.998981535775,293.956713097522,303.668001101431,628.704328166626,866.513187591642,786.948697014747,708.266059170402
1063.84088552546,397.759981199889,482.357799187522,223.278163346235,633.030502319747,1018.10546462069,1573.87846507117,524.008858512962,605.447009429463,934.378067113463,241.001103866598,475.490866115693,496.492376990985,634.187556266933,767.763008921554,768.658233982592,521.611862839584,703.498912015987,735.649103868009,441.630621683166,379.861869426652,231.913980014913,951.357105304332,575.591554816187,291.336515684512,301.752889662157,266.653154622256,760.233454819112,640.801007411922,695.114547113096
1057.10674115972,396.377428424277,400.666647222105,223.247819427898,616.625288183361,1017.0997951029,1164.84822511873,518.210301303411,605.035871281716,652.168183702403,237.401868012263,469.490577314656,496.331549346448,628.415745010643,735.208805204248,525.375415891455,521.431436218431,686.648759637697,734.749543000139,441.630621683166,364.375594270956,214.345684423697,950.901469220352,573.564431888378,291.105679837011,299.401940378215,249.610680544115,715.553831830198,637.80175672899,694.606536419005
1006.74432896261,396.276009101731,396.815766197727,223.238811752264,615.794339095379,1016.88179035294,836.472979462141,517.931645051706,605.035871281716,646.142494766365,237.324430188556,469.282417450708,496.307269934103,628.093190772962,680.39743929113,518.596961777864,521.362806531266,685.878723127283,734.744831354195,441.630621683166,363.799934503655,210.42481476942,950.901469220352,573.452394219209,291.090444837955,299.352919948391,248.963432378091,712.805787093618,637.80175672899,694.593821964237
981.208430761002,396.276009101731,396.662306668456,223.23880674736,615.792455321453,1016.74689923996,833.830868764245,517.92940762925,605.035871281716,646.091579515555,237.324430188556,469.28217904222,496.307269934103,628.092906108253,680.331021286193,518.573149849793,521.362374649818,685.872126054624,734.744831354195,441.630621683166,363.795577231819,210.42481476942,950.901469220352,573.449961864048,291.090406906791,299.352135171903,248.963432378091,712.256535328972,637.80175672899,694.593812256119
981.208430761002,396.276009101731,391.035582414419,223.238806746755,613.420716312354,538.401443157083,833.830868764245,517.929407546214,605.035871281716,621.27079418345,237.324430188556,469.28217904222,496.307269934103,628.092906108253,680.331004213037,518.467644638945,521.362233098673,685.87204933063,734.744831354195,441.630621683166,363.795572792754,210.42481476942,950.901469220352,573.448826795745,291.090406906791,299.352135171903,248.963432378091,712.253360507475,637.80175672899,694.593812256119
981.208430761002,396.276009101731,391.035549272913,223.238806746755,613.420631194895,538.39874445046,833.830868764245,517.929407546214,605.035871281716,621.26272390614,237.324430188556,469.28217904222,496.307269934103,622.061199232318,680.331004213037,518.20541501632,520.314882623711,685.872049019218,734.744831354195,441.630621683166,363.359005465132,210.42481476942,950.901469220352,573.309640650636,291.090406906791,299.310701974816,232.459923168805,712.253359614015,637.561802604925,694.593812256119
980.611049108819,396.276009101731,391.035549272913,223.238806746755,613.420631194895,538.394867974156,833.830868764245,517.929407546214,605.035871281716,621.26272390614,237.324430188556,469.28217904222,496.307269934103,622.061174950709,680.331004213037,518.205415013374,520.314873251314,685.872049019218,734.744831354195,441.630621683166,363.359004304344,210.264955594245,950.901469220352,573.200799292639,291.090406906791,299.306172681835,232.459903144486,712.253359614015,637.561800915621,694.593812256119
980.611049108819,396.276009101731,391.035549272913,223.238806746755,613.420631194895,538.394867974156,833.830868764245,517.929407546214,605.035871281716,621.26272390614,237.324430188556,469.28217904222,496.307269934103,622.061174950709,680.331004213037,518.205415013374,520.314873251314,685.872049019218,734.744831354195,441.630621683166,363.359004304344,210.264955594245,950.901469220352,573.200799218538,291.090406906791,299.306172681835,232.459903144486,712.253359614015,637.561800915621,694.593812256119
980.611049108819,396.276009101731,391.035549272913,223.238806746755,613.420631194895,538.394867974156,833.830868764245,517.929407546214,605.035871281716,621.26272390614,237.324430188556,469.28217904222,496.307269934103,622.061174950709,680.331004213037,518.205415013374,520.314873251314,685.872049019218,734.744831354195,441.630621683166,363.359004304344,210.264955594245,950.901469220352,573.200799218538,291.090406906791,299.306172681835,232.459903144486,712.253359614015,637.561800915621,694.593812256119
980.611049108819,396.276009101731,391.035549272913,223.238806746755,613.420631194895,538.394867974156,833.830868764245,517.929407546214,605.035871281716,621.26272390614,237.324430188556,469.28217904222,496.307269934103,622.061174950709,680.331004213037,518.205415013374,520.314873251314,685.872049019218,734.744831354195,441.630621683166,363.359004304344,210.264955594245,950.901469220352,573.200799218538,291.090406906791,299.306172681835,232.459903144486,712.253359614015,637.561800915621,694.593812256119
980.611049108819,396.276009101731,391.035549272913,223.238806746755,613.420631194895,538.394867974156,833.830868764245,517.929407546214,605.035871281716,621.26272390614,237.324430188556,469.28217904222,496.307269934103,622.061174950709,680.331004213037,518.205415013374,520.314873251314,685.872049019218,734.744831354195,441.630621683166,363.359004304344,210.264955594245,950.901469220352,573.200799218538,291.090406906791,299.306172681835,232.459903144486,712.253359614015,637.561800915621,694.593812256119
980.611049108819,396.276009101731,391.035549272913,223.238806746755,613.420631194895,538.394867974156,833.830868764245,517.929407546214,605.035871281716,621.26272390614,237.324430188556,469.28217904222,496.307269934103,622.061174950709,680.331004213037,518.205415013374,520.314873251314,685.872049019218,734.744831354195,441.630621683166,363.359004304344,210.264955594245,950.901469220352,573.200799218538,291.090406906791,299.306172681835,232.459903144486,712.253359614015,637.561800915621,694.593812256119
980.611049108819,396.276009101731,391.035549272913,223.238806746755,613.420631194895,538.394867974156,833.830868764245,517.929407546214,605.035871281716,621.26272390614,237.324430188556,469.28217904222,496.307269934103,622.061174950709,680.331004213037,518.205415013374,520.314873251314,685.872049019218,734.744831354195,441.630621683166,363.359004304344,210.264955594245,950.901469220352,573.200799218538,291.090406906791,299.306172681835,232.459903144486,712.253359614015,637.561800915621,694.593812256119
980.611049108819,396.276009101731,391.035549272913,223.238806746755,613.420631194895,538.394867974156,833.830868764245,517.929407546214,605.035871281716,621.26272390614,237.324430188556,469.28217904222,496.307269934103,622.061174950709,680.331004213037,518.205415013374,520.314873251314,685.872049019218,734.744831354195,441.630621683166,363.359004304344,210.264955594245,950.901469220352,573.200799218538,291.090406906791,299.306172681835,232.459903144486,712.253359614015,637.561800915621,694.593812256119
