981.208430761002,396.276009101731,396.662306668456,223.23880674736,615.792455321453,1016.74689923996,833.830868764245,517.92940762925,605.035871281716,646.091579515555,237.324430188556,469.28217904222,496.307269934103,628.092906108253,680.331021286193,518.573149849793,521.362374649818,685.872126054624,734.744831354195,441.630621683166,363.795577231819,210.42481476942,950.901469220352,573.449961864048,291.090406906791,299.352135171903,248.963432378091,712.256535328972,637.80175672899,694.593812256119
981.208430761002,396.276009101731,391.035549272913,223.238806746755,613.420631196844,538.401443157083,833.830868764245,517.929407546214,605.035871281716,621.269190005768,237.324430188556,469.28217904222,496.307269934103,628.092877493271,680.331004213037,518.205494757308,520.315053441161,685.872049218623,734.744831354195,441.630621683166,363.795119110333,210.42481476942,950.901469220352,573.309640781302,291.090406906791,299.352135171903,248.7310277089,712.253359614015,637.80175672899,694.593812256119
980.613220645869,396.276009101731,391.035549272913,223.238806746755,613.420631194895,538.394867977588,833.830868764245,517.929407546214,605.035871281716,621.26272390614,237.324430188556,469.28217904222,496.307269934103,622.061174950709,680.331004213037,518.205415013374,520.314878637444,685.872049019218,734.744831354195,441.630621683166,363.359005457927,210.42481476942,950.901469220352,573.30936569292,291.090406906791,299.306172681835,232.45992262254,712.253359614015,637.561801460978,694.593812256119
980.611049108819,396.276009101731,391.035549272913,223.238806746755,613.420631194895,538.394867974156,833.830868764245,517.929407546214,605.035871281716,621.26272390614,237.324430188556,469.28217904222,496.307269934103,622.061174950709,680.331004213037,518.205415013374,520.314873251314,685.872049019218,734.744831354195,441.630621683166,363.359004304344,210.264955594245,950.901469220352,573.200799218538,291.090406906791,299.306172681835,232.459903144486,712.253359614015,637.561800915621,694.593812256119
980.611049108819,396.276009101731,391.035549272913,223.238806746755,613.420631194895,538.394867974156,833.830868764245,517.929407546214,605.035871281716,621.26272390614,237.324430188556,469.28217904222,496.307269934103,622.061174950709,680.331004213037,518.205415013374,520.314873251314,685.872049019218,734.744831354195,441.630621683166,363.359004304344,210.264955594245,950.901469220352,573.200799218538,291.090406906791,299.306172681835,232.459903144486,712.253359614015,637.561800915621,694.593812256119
980.611049108819,396.276009101731,391.035549272913,223.238806746755,613.420631194895,538.394867974156,833.830868764245,517.929407546214,605.035871281716,621.26272390614,237.324430188556,469.28217904222,496.307269934103,622.061174950709,680.331004213037,518.205415013374,520.314873251314,685.872049019218,734.744831354195,441.630621683166,363.359004304344,210.264955594245,950.901469220352,573.200799218538,291.090406906791,299.306172681835,232.459903144486,712.253359614015,637.561800915621,694.593812256119
980.611049108819,396.276009101731,391.035549272913,223.238806746755,613.420631194895,538.394867974156,833.830868764245,517.929407546214,605.035871281716,621.26272390614,237.324430188556,469.28217904222,496.307269934103,622.061174950709,680.331004213037,518.205415013374,520.314873251314,685.872049019218,734.744831354195,441.630621683166,363.359004304344,210.264955594245,950.901469220352,573.200799218538,291.090406906791,299.306172681835,232.459903144486,712.253359614015,637.561800915621,694.593812256119
980.611049108819,396.276009101731,391.035549272913,223.238806746755,613.420631194895,538.394867974156,833.830868764245,517.929407546214,605.035871281716,621.26272390614,237.324430188556,469.28217904222,496.307269934103,622.061174950709,680.331004213037,518.205415013374,520.314873251314,685.872049019218,734.744831354195,441.630621683166,363.359004304344,210.264955594245,950.901469220352,573.200799218538,291.090406906791,299.306172681835,232.459903144486,712.253359614015,637.561800915621,694.593812256119
980.611049108819,396.276009101731,391.035549272913,223.238806746755,613.420631194895,538.394867974156,833.830868764245,517.929407546214,605.035871281716,621.26272390614,237.324430188556,469.28217904222,496.307269934103,622.061174950709,680.331004213037,518.205415013374,520.314873251314,685.872049019218,734.744831354195,441.630621683166,363.359004304344,210.264955594245,950.901469220352,573.200799218538,291.090406906791,299.306172681835,232.459903144486,712.253359614015,637.561800915621,694.593812256119
980.611049108819,396.276009101731,391.035549272913,223.238806746755,613.420631194895,538.394867974156,833.830868764245,517.929407546214,605.035871281716,621.26272390614,237.324430188556,469.28217904222,496.307269934103,622.061174950709,680.331004213037,518.205415013374,520.314873251314,685.872049019218,734.744831354195,441.630621683166,363.359004304344,210.264955594245,950.901469220352,573.200799218538,291.090406906791,299.306172681835,232.459903144486,712.253359614015,637.561800915621,694.593812256119
980.611049108819,396.276009101731,391.035549272913,223.238806746755,613.420631194895,538.394867974156,833.830868764245,517.929407546214,605.035871281716,621.26272390614,237.324430188556,469.28217904222,496.307269934103,622.061174950709,680.331004213037,518.205415013374,520.314873251314,685.872049019218,734.744831354195,441.630621683166,363.359004304344,210.264955594245,950.901469220352,573.200799218538,291.090406906791,299.306172681835,232.459903144486,712.253359614015,637.561800915621,694.593812256119
980.611049108819,396.276009101731,391.035549272913,223.238806746755,613.420631194895,538.394867974156,833.830868764245,517.929407546214,605.035871281716,621.26272390614,237.324430188556,469.28217904222,496.307269934103,622.061174950709,680.331004213037,518.205415013374,520.314873251314,685.872049019218,734.744831354195,441.630621683166,363.359004304344,210.264955594245,950.901469220352,573.200799218538,291.090406906791,299.306172681835,232.459903144486,712.253359614015,637.561800915621,694.593812256119
980.611049108819,396.276009101731,391.035549272913,223.238806746755,613.420631194895,538.394867974156,833.830868764245,517.929407546214,605.035871281716,621.26272390614,237.324430188556,469.28217904222,496.307269934103,622.061174950709,680.331004213037,518.205415013374,520.314873251314,685.872049019218,734.744831354195,441.630621683166,363.359004304344,210.264955594245,950.901469220352,573.200799218538,291.090406906791,299.306172681835,232.459903144486,712.253359614015,637.561800915621,694.593812256119
980.611049108819,396.276009101731,391.035549272913,223.238806746755,613.420631194895,538.394867974156,833.830868764245,517.929407546214,605.035871281716,621.26272390614,237.324430188556,469.28217904222,496.307269934103,622.061174950709,680.331004213037,518.205415013374,520.314873251314,685.872049019218,734.744831354195,441.630621683166,363.359004304344,210.264955594245,950.901469220352,573.200799218538,291.090406906791,299.306172681835,232.459903144486,712.253359614015,637.561800915621,694.593812256119
