398.592134404625,451.421485704827,457.733337943249,558.081280076848,295.289090853409,389.830749130642,374.110088670794,505.58118023343,301.960360553693,309.638777311923,402.936936730266,478.810828181668,544.786873415424,329.098287379501,351.455870128901,504.113114248205,225.835837373347,492.441568834593,675.816840717156,334.609589326772,467.33630923618,399.413473244448,291.621839289175,521.602536881295,341.167065439371,378.167814709273,248.618697083266,296.636837307012,498.871059944827,450.183660239061
398.591910463896,451.173844406614,457.733331065307,551.202297920645,295.288665648212,387.585427147947,374.110086747222,427.05793625289,301.960358360257,197.628011217388,389.496538737062,435.645573160797,544.786852548952,328.699134647875,351.455869654343,478.157306272631,225.835815235573,492.44156790237,214.807790513209,334.608284172954,398.841248531262,399.367914292495,285.905649711743,521.60253646368,341.16706318683,348.711212435368,222.285025754878,296.636784571456,444.15064486539,450.18365836102
398.591910463896,451.053297861338,457.733331065307,542.203557781994,295.288665648212,382.677210289595,374.110086747222,427.03445781929,301.960358360257,194.355155095894,376.922637479173,434.781438506641,544.786852548952,328.698963767085,351.455869654343,477.828810534203,225.835815235571,492.44156790237,195.496218177597,334.608284172954,394.702835688552,399.367914292332,285.767173910486,521.60253646368,341.16706318683,333.295792316161,170.180599894201,296.636784571456,442.106992218033,450.18365836102
398.591910463896,450.928529538347,457.733331065307,523.551784163546,295.288665648212,380.357853995758,374.110086747222,395.781822376846,301.960358360257,185.515398914963,358.037620832178,434.56032790427,544.786852548952,328.698963767031,351.455869654343,477.718433660343,225.835815235571,492.44156790237,195.421797305287,334.608284172954,391.357940724174,399.367914292332,285.766756996134,521.60253646368,341.16706318683,331.810702973326,157.033398971205,296.636784571456,412.867122597799,450.18365836102
398.591910463896,450.917746029156,457.733331065307,523.468469734859,295.288665648212,377.298038450084,374.110086747222,370.194481562065,301.960358360257,128.461912953501,356.72630861678,434.554288678617,544.786852548952,328.698963767031,351.455869654343,477.718375143232,225.835815235571,492.44156790237,191.365364362628,334.608284172954,391.334043037552,399.367914292332,285.766749974059,521.60253646368,341.16706318683,331.810604154546,116.277819463568,296.636784571456,409.058082927084,450.18365836102
398.591910463896,450.917746007005,457.733331065307,523.468469734859,295.288665648212,377.298038417529,374.110086747222,370.194481562065,301.960358360257,116.642528522887,356.72630861678,434.554288678617,544.786852548952,328.698963767031,351.455869654343,477.718375143049,225.835815235571,492.44156790237,191.365364362233,334.608284172954,391.334043035577,399.367914292332,285.766749974059,521.60253646368,341.16706318683,331.810604154546,108.220148354759,296.636784571456,409.058082927084,450.18365836102
398.591910463896,450.917746007005,457.733331065307,523.468469734859,295.288665648212,377.298038417529,374.110086747222,370.194481562065,301.960358360257,116.642528522887,356.72630861678,434.554288678617,544.786852548952,328.698963767031,351.455869654343,477.718375143049,225.835815235571,492.44156790237,191.365364362233,334.608284172954,391.334043035577,399.367914292332,285.766749974059,521.60253646368,341.16706318683,331.810604154546,108.220082881423,296.636784571456,409.058082927084,450.18365836102
398.591910463896,450.917746007005,457.733331065307,523.468469734859,295.288665648212,377.298038417529,374.110086747222,370.194481562065,301.960358360257,116.642528522887,356.72630861678,434.554288678617,544.786852548952,328.698963767031,351.455869654343,477.718375143049,225.835815235571,492.44156790237,191.365364362233,334.608284172954,391.334043035577,399.367914292332,285.766749974059,521.60253646368,341.16706318683,331.810604154546,108.220082881423,296.636784571456,409.058082927084,450.18365836102
398.591910463896,450.917746007005,457.733331065307,523.468469734859,295.288665648212,377.298038417529,374.110086747222,370.194481562065,301.960358360257,116.642528522887,356.72630861678,434.554288678617,544.786852548952,328.698963767031,351.455869654343,477.718375143049,225.835815235571,492.44156790237,191.365364362233,334.608284172954,391.334043035577,399.367914292332,285.766749974059,521.60253646368,341.16706318683,331.810604154546,108.220082881423,296.636784571456,409.058082927084,450.18365836102
398.591910463896,450.917746007005,457.733331065307,523.468469734859,295.288665648212,377.298038417529,374.110086747222,370.194481562065,301.960358360257,116.642528522887,356.72630861678,434.554288678617,544.786852548952,328.698963767031,351.455869654343,477.718375143049,225.835815235571,492.44156790237,191.365364362233,334.608284172954,391.334043035577,399.367914292332,285.766749974059,521.60253646368,341.16706318683,331.810604154546,108.220082881423,296.636784571456,409.058082927084,450.18365836102
398.591910463896,450.917746007005,457.733331065307,523.468469734859,295.288665648212,377.298038417529,374.110086747222,370.194481562065,301.960358360257,116.642528522887,356.72630861678,434.554288678617,544.786852548952,328.698963767031,351.455869654343,477.718375143049,225.835815235571,492.44156790237,191.365364362233,334.608284172954,391.334043035577,399.367914292332,285.766749974059,521.60253646368,341.16706318683,331.810604154546,108.220082881423,296.636784571456,409.058082927084,450.18365836102
398.591910463896,450.917746007005,457.733331065307,523.468469734859,295.288665648212,377.298038417529,374.110086747222,370.194481562065,301.960358360257,116.642528522887,356.72630861678,434.554288678617,544.786852548952,328.698963767031,351.455869654343,477.718375143049,225.835815235571,492.44156790237,191.365364362233,334.608284172954,391.334043035577,399.367914292332,285.766749974059,521.60253646368,341.16706318683,331.810604154546,108.220082881423,296.636784571456,409.058082927084,450.18365836102
398.591910463896,450.917746007005,457.733331065307,523.468469734859,295.288665648212,377.298038417529,374.110086747222,370.194481562065,301.960358360257,116.642528522887,356.72630861678,434.554288678617,544.786852548952,328.698963767031,351.455869654343,477.718375143049,225.835815235571,492.44156790237,191.365364362233,334.608284172954,391.334043035577,399.367914292332,285.766749974059,521.60253646368,341.16706318683,331.810604154546,108.220082881423,296.636784571456,409.058082927084,450.18365836102
398.591910463896,450.917746007005,457.733331065307,523.468469734859,295.288665648212,377.298038417529,374.110086747222,370.194481562065,301.960358360257,116.642528522887,356.72630861678,434.554288678617,544.786852548952,328.698963767031,351.455869654343,477.718375143049,225.835815235571,492.44156790237,191.365364362233,334.608284172954,391.334043035577,399.367914292332,285.766749974059,521.60253646368,341.16706318683,331.810604154546,108.220082881423,296.636784571456,409.058082927084,450.18365836102
