439.837315729785,516.17221876552,529.222101851675,4393.12554500017,403.850384060374,856.076876154112,448.800298661387,4051.31015994548,357.575325518885,722.503272356428,440.506319221281,583.824302314598,687.894375087058,930.178970974503,414.309053192263,727.490313918282,372.05095402605,608.836533641914,2444.96754702686,441.065016597061,1756.02248794122,579.813595592861,369.660033506482,550.371512589496,413.287183218001,504.478375566777,1514.20190058348,353.904626290703,881.99026170559,514.9879499152
431.337950614173,480.427516997848,505.988829298027,3106.07117342637,388.391861077475,697.599340757181,404.094527839738,3541.34816387605,335.472843876093,646.426248380635,434.913022576702,555.120950619443,643.870033394955,826.489627556869,375.512222415238,682.26032052238,292.002590146389,560.953251749065,1815.68065945793,420.888176039794,975.713471051683,531.764283735381,358.133883001442,537.593456106548,387.076547827709,448.63508451753,1083.07984647942,339.563460574589,858.463314729731,490.80890946303
419.005814286555,455.696830884494,466.856240518124,594.08485975107,324.131502396646,424.072319272284,379.572819096744,537.496313539307,307.23715671929,596.201089958894,428.579661524343,502.051249560655,555.545318784892,541.67841647966,356.121459306813,600.416821957793,241.436925720633,495.552090097314,894.445626739726,373.673744845872,537.04100577063,455.287804671912,342.619184720329,523.395391863148,360.8760556344,392.276998547951,598.183119950311,312.14744718584,687.819146361906,461.1336620571
401.99220206761,451.978208915717,458.258623803192,573.872791867345,298.835660184726,396.302178326425,374.419108894507,505.58118023343,302.484821391124,549.594513323606,423.919245838242,480.630902113027,546.298509615089,357.333784643653,351.521283695953,576.099374575129,229.862915580444,492.591443394323,865.435830529407,349.61044647862,531.198692333511,411.268692302874,317.660652049431,521.709703976423,342.326371606028,379.416298446117,555.465405082042,297.994871161372,522.691509132829,450.916635219752
398.695435429314,451.562665932638,457.753062129409,569.462247354611,295.392104437146,390.265384841773,374.115031172819,505.58118023343,301.969966247947,315.825032053981,416.238206525252,479.264634343499,544.805363371612,333.263993953743,351.456244900931,565.59607770515,225.866854897786,492.442696693121,862.376062230104,335.356296642339,503.797473390966,399.96780633964,303.109986991981,521.605559554147,341.17245961133,378.182292515233,346.928281611677,296.689514430066,510.807171147287,450.189131894483
398.592134404625,451.421485704827,457.733337943249,558.081280076848,295.289090853409,389.830749130642,374.110088670794,505.58118023343,301.960360553693,309.638777311923,402.936936730266,478.810828181668,544.786873415424,329.098287379501,351.455870128901,504.113114248205,225.835837373347,492.441568834593,675.816840717156,334.609589326772,467.33630923618,399.413473244448,291.621839289175,521.602536881295,341.167065439371,378.167814709273,248.618697083266,296.636837307012,498.871059944827,450.183660239061
398.5919104645,451.254646985758,457.733331065339,556.322097678773,295.288665649288,387.699300814584,374.110086747225,427.066007368396,301.960358360258,254.039260449318,392.988938404249,444.541181309114,544.786852549049,328.700157181403,351.455869654344,481.654245776966,225.835815238764,492.44156790237,216.695078717288,334.608284174245,399.655050813562,399.367916557448,286.000917464481,521.602536463681,341.16706318683,378.147916805357,224.367268612887,296.636784571554,451.129646330057,450.183658361027
398.591910463896,451.100757037542,457.733331065307,551.199224491793,295.288665648212,382.677806940971,374.110086747222,427.053746260363,301.960358360257,195.300838989032,377.029913564004,434.804814514438,544.786852548952,328.698964258588,351.455869654343,477.983365665473,225.835815235571,492.44156790237,214.731870930379,334.608284172954,394.717562294672,399.367914292332,285.767315742786,521.60253646368,341.16706318683,333.372791564185,201.822179260183,296.636784571456,442.405972014204,450.18365836102
398.591910463896,450.968656607812,457.733331065307,542.189304813026,295.288665648212,380.645003828194,374.110086747222,395.981454180632,301.960358360257,185.680047654262,374.374347997414,434.611166466901,544.786852548952,328.698963767031,351.455869654343,477.722034263023,225.835815235571,492.44156790237,195.421839934784,334.608284172954,392.314792460712,399.367914292332,285.766766091091,521.60253646368,341.16706318683,331.92496555501,160.446672091273,296.636784571456,425.477871500083,450.18365836102
398.591910463896,450.928491972914,457.733331065307,523.497874825701,295.288665648212,377.432741514557,374.110086747222,383.295246443309,301.960358360257,175.751139872485,356.72634629037,434.554325499274,544.786852548952,328.698963767031,351.455869654343,477.718390772937,225.835815235571,492.44156790237,191.513877019604,334.608284172954,391.35474439958,399.367914292332,285.766749974061,521.60253646368,341.16706318683,331.810614511677,156.355702391539,296.636784571456,409.062579429677,450.18365836102
398.591910463896,450.917746029156,457.733331065307,523.468469734859,295.288665648212,377.298038450084,374.110086747222,370.194481562065,301.960358360257,128.461912953501,356.72630861678,434.554288678617,544.786852548952,328.698963767031,351.455869654343,477.718375143232,225.835815235571,492.44156790237,191.365364362628,334.608284172954,391.334043037552,399.367914292332,285.766749974059,521.60253646368,341.16706318683,331.810604154546,116.277819463568,296.636784571456,409.058082927084,450.18365836102
398.591910463896,450.917746007005,457.733331065307,523.468469734859,295.288665648212,377.298038417529,374.110086747222,370.194481562065,301.960358360257,116.642528538897,356.72630861678,434.554288678617,544.786852548952,328.698963767031,351.455869654343,477.718375143049,225.835815235571,492.44156790237,191.365364362233,334.608284172954,391.334043035577,399.367914292332,285.766749974059,521.60253646368,341.16706318683,331.810604154546,108.412304313571,296.636784571456,409.058082927084,450.18365836102
398.591910463896,450.917746007005,457.733331065307,523.468469734859,295.288665648212,377.298038417529,374.110086747222,370.194481562065,301.960358360257,116.642528522887,356.72630861678,434.554288678617,544.786852548952,328.698963767031,351.455869654343,477.718375143049,225.835815235571,492.44156790237,191.365364362233,334.608284172954,391.334043035577,399.367914292332,285.766749974059,521.60253646368,341.16706318683,331.810604154546,108.220082881423,296.636784571456,409.058082927084,450.18365836102
398.591910463896,450.917746007005,457.733331065307,523.468469734859,295.288665648212,377.298038417529,374.110086747222,370.194481562065,301.960358360257,116.642528522887,356.72630861678,434.554288678617,544.786852548952,328.698963767031,351.455869654343,477.718375143049,225.835815235571,492.44156790237,191.365364362233,334.608284172954,391.334043035577,399.367914292332,285.766749974059,521.60253646368,341.16706318683,331.810604154546,108.220082881423,296.636784571456,409.058082927084,450.18365836102
398.591910463896,450.917746007005,457.733331065307,523.468469734859,295.288665648212,377.298038417529,374.110086747222,370.194481562065,301.960358360257,116.642528522887,356.72630861678,434.554288678617,544.786852548952,328.698963767031,351.455869654343,477.718375143049,225.835815235571,492.44156790237,191.365364362233,334.608284172954,391.334043035577,399.367914292332,285.766749974059,521.60253646368,341.16706318683,331.810604154546,108.220082881423,296.636784571456,409.058082927084,450.18365836102
398.591910463896,450.917746007005,457.733331065307,523.468469734859,295.288665648212,377.298038417529,374.110086747222,370.194481562065,301.960358360257,116.642528522887,356.72630861678,434.554288678617,544.786852548952,328.698963767031,351.455869654343,477.718375143049,225.835815235571,492.44156790237,191.365364362233,334.608284172954,391.334043035577,399.367914292332,285.766749974059,521.60253646368,341.16706318683,331.810604154546,108.220082881423,296.636784571456,409.058082927084,450.18365836102
