2443.7422906255,112.138660188803,1902.52877634044,4181.05388237311,3273.10866921197,2058.49391599466,2245.16724180588,1949.8185747128,2389.22495239143,2568.78554495585,2725.92131053963,1725.97678677087,2447.6991252329,1612.04409913471,2701.07991965362,2113.90076747735,2899.52320563822,1700.48836939728,2274.15561180705,2864.75937641105,243.46694121079,2624.29382098504,2505.04715181329,2448.35569691962,1705.63698612622,3255.49243572101,1815.96881350771,2956.84449006416,1860.80727742193,1603.92995246698
2443.73935271294,108.402873955849,1902.52591578503,4181.0008513741,3260.05976586135,2058.45626982812,2035.9438355106,1947.86478686133,2389.18815649064,2539.24590122177,2710.31453413551,1725.97629160659,2398.21531531712,1594.38271331348,2700.86668795733,1998.49670373529,2893.55126754572,1700.48233903657,2274.07858133697,2855.0337707444,181.478421468601,2624.29381996577,2496.20743626442,2448.35550132942,1705.57249822285,3255.01831046511,1797.49238077743,2956.84058494466,1856.74888063164,1582.26313853314
2443.73935271294,108.400274929632,1902.4907823044,4181.0008513741,3256.40015412492,2058.45626982805,1940.43962968926,1947.864706896,2389.1881564688,2027.85743406093,2709.0756487953,1725.97629160656,2393.16535920692,1594.38069147107,2700.86668117974,1997.78668109346,2893.54831258464,1700.48233903538,2274.07803834586,2855.01278008178,179.191739098606,2624.29381996577,2496.11413277388,2448.35550132923,1705.57249822279,3218.29480750732,1785.25015424231,2956.84058482072,1856.74861271668,1580.30908241347
2443.73935271294,108.400273419044,1901.19386503493,4181.0008513741,3246.57853894882,2058.45626982805,1931.0382397717,1947.86470689596,2389.1881564688,1893.80072840207,2707.91637929605,1725.97629160656,2392.2854359466,1594.38069147107,2700.86668117974,1997.78067447609,2893.54831049768,1700.48233903538,2274.07803826773,2853.73802850801,178.417960267834,2624.29381996577,2496.1134607804,2448.35550132923,1705.57249822279,3218.29479250879,1785.21366748504,2956.84058482072,1856.74861258619,1580.30908241277
2443.73935271294,108.400273419044,1901.11273137175,4181.0008513741,3246.57853894882,2058.45626982805,1502.93867163156,1947.86470689596,2389.1881564688,1893.79211929259,2707.12595778233,1725.97629160656,2392.27652302586,1594.38069147107,2700.86668117974,1997.78067446816,2893.54831049768,1700.48233903538,2274.07803826773,2853.73802850801,178.413630852763,2624.29381996577,2496.11327496152,2448.35550132923,1705.57249822279,3218.29479250879,1785.21366748206,2956.84058482072,1856.74861258619,1580.30908241277
2443.73935271294,108.400273419044,1901.11273125105,4181.0008513741,3246.57853894882,2058.45626982805,1501.87795916775,1947.86470689596,2389.1881564688,1893.79211929259,2707.12573483389,1725.97629160656,2392.27652302546,1594.38069147107,2700.86668117974,1997.78067446816,2893.54831049768,1700.48233903538,2274.07803826773,2853.73802850801,178.413630852763,2624.29381996577,2496.11327496152,2448.35550132923,1705.57249822279,3218.29479250879,1785.21366748206,2956.84058482072,1856.74861258619,1580.30908241277
2443.73935271294,108.400273419044,1901.11273125105,4181.0008513741,3246.57853894882,2058.45626982805,1501.87795916775,1947.86470689596,2389.1881564688,1893.79211929259,2707.12573483389,1725.97629160656,2392.27652302546,1594.38069147107,2700.86668117974,1997.78067446816,2893.54831049768,1700.48233903538,2274.07803826773,2853.73802850801,178.413630852763,2624.29381996577,2496.11327496152,2448.35550132923,1705.57249822279,3218.29479250879,1785.21366748206,2956.84058482072,1856.74861258619,1580.30908241277
2443.73935271294,108.400273419044,1901.11273125105,4181.0008513741,3246.57853894882,2058.45626982805,1501.87795916775,1947.86470689596,2389.1881564688,1893.79211929259,2707.12573483389,1725.97629160656,2392.27652302546,1594.38069147107,2700.86668117974,1997.78067446816,2893.54831049768,1700.48233903538,2274.07803826773,2853.73802850801,178.413630852763,2624.29381996577,2496.11327496152,2448.35550132923,1705.57249822279,3218.29479250879,1785.21366748206,2956.84058482072,1856.74861258619,1580.30908241277
2443.73935271294,108.400273419044,1901.11273125105,4181.0008513741,3246.57853894882,2058.45626982805,1501.87795916775,1947.86470689596,2389.1881564688,1893.79211929259,2707.12573483389,1725.97629160656,2392.27652302546,1594.38069147107,2700.86668117974,1997.78067446816,2893.54831049768,1700.48233903538,2274.07803826773,2853.73802850801,178.413630852763,2624.29381996577,2496.11327496152,2448.35550132923,1705.57249822279,3218.29479250879,1785.21366748206,2956.84058482072,1856.74861258619,1580.30908241277
2443.73935271294,108.400273419044,1901.11273125105,4181.0008513741,3246.57853894882,2058.45626982805,1501.87795916775,1947.86470689596,2389.1881564688,1893.79211929259,2707.12573483389,1725.97629160656,2392.27652302546,1594.38069147107,2700.86668117974,1997.78067446816,2893.54831049768,1700.48233903538,2274.07803826773,2853.73802850801,178.413630852763,2624.29381996577,2496.11327496152,2448.35550132923,1705.57249822279,3218.29479250879,1785.21366748206,2956.84058482072,1856.74861258619,1580.30908241277
2443.73935271294,108.400273419044,1901.11273125105,4181.0008513741,3246.57853894882,2058.45626982805,1501.87795916775,1947.86470689596,2389.1881564688,1893.79211929259,2707.12573483389,1725.97629160656,2392.27652302546,1594.38069147107,2700.86668117974,1997.78067446816,2893.54831049768,1700.48233903538,2274.07803826773,2853.73802850801,178.413630852763,2624.29381996577,2496.11327496152,2448.35550132923,1705.57249822279,3218.29479250879,1785.21366748206,2956.84058482072,1856.74861258619,1580.30908241277
2443.73935271294,108.400273419044,1901.11273125105,4181.0008513741,3246.57853894882,2058.45626982805,1501.87795916775,1947.86470689596,2389.1881564688,1893.79211929259,2707.12573483389,1725.97629160656,2392.27652302546,1594.38069147107,2700.86668117974,1997.78067446816,2893.54831049768,1700.48233903538,2274.07803826773,2853.73802850801,178.413630852763,2624.29381996577,2496.11327496152,2448.35550132923,1705.57249822279,3218.29479250879,1785.21366748206,2956.84058482072,1856.74861258619,1580.30908241277
2443.73935271294,108.400273419044,1901.11273125105,4181.0008513741,3246.57853894882,2058.45626982805,1501.87795916775,1947.86470689596,2389.1881564688,1893.79211929259,2707.12573483389,1725.97629160656,2392.27652302546,1594.38069147107,2700.86668117974,1997.78067446816,2893.54831049768,1700.48233903538,2274.07803826773,2853.73802850801,178.413630852763,2624.29381996577,2496.11327496152,2448.35550132923,1705.57249822279,3218.29479250879,1785.21366748206,2956.84058482072,1856.74861258619,1580.30908241277
2443.73935271294,108.400273419044,1901.11273125105,4181.0008513741,3246.57853894882,2058.45626982805,1501.87795916775,1947.86470689596,2389.1881564688,1893.79211929259,2707.12573483389,1725.97629160656,2392.27652302546,1594.38069147107,2700.86668117974,1997.78067446816,2893.54831049768,1700.48233903538,2274.07803826773,2853.73802850801,178.413630852763,2624.29381996577,2496.11327496152,2448.35550132923,1705.57249822279,3218.29479250879,1785.21366748206,2956.84058482072,1856.74861258619,1580.30908241277
