2245.48453706277,970.072910758582,1291.1240844612,569.263274306962,1082.89615290153,1004.90980037632,1886.12424637149,1187.06353588225,1422.98384870222,1178.05908452067,822.096354224922,1039.8398008828,752.860892877363,913.467462224228,845.988495772442,1852.10995708751,1647.88651286741,1165.9031418253,1906.94207105323,748.36038218777,1045.76663785195,1768.08614138925,616.53407436172,865.274860284165,537.121749663974,749.407340693082,722.454179283229,1372.52123455407,562.580932337452,565.212791148158
2245.48450988372,929.728728540387,1291.12377684975,567.579801043466,1081.96144476867,1004.86618986954,1886.10994690969,1168.59669692344,1281.78926113615,1178.00907462528,817.542119968336,1037.73238122783,752.567787892358,913.459774773717,843.21566222332,1851.96325655387,1647.22634257584,1146.48487148106,1906.94107393143,748.292157757884,1045.20072067074,1768.05074921395,605.417309477649,855.584297831308,524.398335377171,749.332827861201,714.469415340904,1369.83063605979,562.563705317179,565.01310551696
2245.48450988372,929.668549533348,1291.12377681953,565.272340485052,1080.32373548923,1004.86618277448,1886.10994690273,1168.24266646503,1281.55741626054,1178.0089299254,817.54173504216,1037.70540403857,752.567785686137,913.459774017148,843.215662179264,1851.96306175797,1647.22584599929,1146.48487148106,1906.94107392716,748.29214316158,1045.19874083312,1768.05074914271,605.146528398599,853.407385884975,524.353656929034,749.33271715942,714.440771573923,1369.82936800783,562.563705312916,561.602761247225
2245.48450988372,924.011871050739,1291.1237768191,562.649753699257,1080.32339564307,1004.86618277058,1886.10994690273,1168.24266646503,1280.29799319582,1178.00892839521,817.541735028073,1037.70350078401,752.567785686134,913.459774017116,842.639962734595,1851.96306118126,1647.22584596465,1146.48487148106,1906.94107392716,748.29214316086,1045.19868597938,1768.05074914271,601.086616706587,853.338343764063,524.215446862314,749.332717158188,714.415550729973,1368.72555876962,562.563705312916,557.309577244846
2245.48450988372,924.010427846848,1291.1237768191,562.649753699257,1080.32339564307,1004.86618277058,1886.10994690273,1168.24266646503,1278.87461151433,1178.00892839307,817.541735028073,1037.70350065251,752.567785686134,913.459774017116,842.639962734595,1851.96306118126,1647.22584596465,1146.48487148106,1906.94107392716,748.29214316086,1045.19868595587,1768.05074914271,600.22739469606,852.682446363905,524.164070466521,749.332717158188,714.407524758824,1368.72555876962,562.563705312916,555.816760451336
2245.48450988372,924.010427846848,1291.1237768191,562.649753699257,1080.32339564307,1004.86618277058,1886.10994690273,1168.24266646503,1278.87460244277,1178.00892839307,817.541735028073,1037.70350065251,752.567785686134,913.459774017116,842.639962734595,1851.96306118126,1647.22584596465,1146.48487148106,1906.94107392716,748.29214316086,1045.19868595587,1768.05074914271,600.175255017858,852.682446363905,524.164070466521,749.332717158188,714.407524739697,1368.72555876962,562.563705312916,555.816758848841
2245.48450988372,924.010427846848,1291.1237768191,562.649753699257,1080.32339564307,1004.86618277058,1886.10994690273,1168.24266646503,1278.87460244277,1178.00892839307,817.541735028073,1037.70350065251,752.567785686134,913.459774017116,842.639962734595,1851.96306118126,1647.22584596465,1146.48487148106,1906.94107392716,748.29214316086,1045.19868595587,1768.05074914271,600.175255017858,852.682446363905,524.164070466521,749.332717158188,714.407524739697,1368.72555876962,562.563705312916,555.816758848841
2245.48450988372,924.010427846848,1291.1237768191,562.649753699257,1080.32339564307,1004.86618277058,1886.10994690273,1168.24266646503,1278.87460244277,1178.00892839307,817.541735028073,1037.70350065251,752.567785686134,913.459774017116,842.639962734595,1851.96306118126,1647.22584596465,1146.48487148106,1906.94107392716,748.29214316086,1045.19868595587,1768.05074914271,600.175255017858,852.682446363905,524.164070466521,749.332717158188,714.407524739697,1368.72555876962,562.563705312916,555.816758848841
2245.48450988372,924.010427846848,1291.1237768191,562.649753699257,1080.32339564307,1004.86618277058,1886.10994690273,1168.24266646503,1278.87460244277,1178.00892839307,817.541735028073,1037.70350065251,752.567785686134,913.459774017116,842.639962734595,1851.96306118126,1647.22584596465,1146.48487148106,1906.94107392716,748.29214316086,1045.19868595587,1768.05074914271,600.175255017858,852.682446363905,524.164070466521,749.332717158188,714.407524739697,1368.72555876962,562.563705312916,555.816758848841
2245.48450988372,924.010427846848,1291.1237768191,562.649753699257,1080.32339564307,1004.86618277058,1886.10994690273,1168.24266646503,1278.87460244277,1178.00892839307,817.541735028073,1037.70350065251,752.567785686134,913.459774017116,842.639962734595,1851.96306118126,1647.22584596465,1146.48487148106,1906.94107392716,748.29214316086,1045.19868595587,1768.05074914271,600.175255017858,852.682446363905,524.164070466521,749.332717158188,714.407524739697,1368.72555876962,562.563705312916,555.816758848841
2245.48450988372,924.010427846848,1291.1237768191,562.649753699257,1080.32339564307,1004.86618277058,1886.10994690273,1168.24266646503,1278.87460244277,1178.00892839307,817.541735028073,1037.70350065251,752.567785686134,913.459774017116,842.639962734595,1851.96306118126,1647.22584596465,1146.48487148106,1906.94107392716,748.29214316086,1045.19868595587,1768.05074914271,600.175255017858,852.682446363905,524.164070466521,749.332717158188,714.407524739697,1368.72555876962,562.563705312916,555.816758848841
2245.48450988372,924.010427846848,1291.1237768191,562.649753699257,1080.32339564307,1004.86618277058,1886.10994690273,1168.24266646503,1278.87460244277,1178.00892839307,817.541735028073,1037.70350065251,752.567785686134,913.459774017116,842.639962734595,1851.96306118126,1647.22584596465,1146.48487148106,1906.94107392716,748.29214316086,1045.19868595587,1768.05074914271,600.175255017858,852.682446363905,524.164070466521,749.332717158188,714.407524739697,1368.72555876962,562.563705312916,555.816758848841
2245.48450988372,924.010427846848,1291.1237768191,562.649753699257,1080.32339564307,1004.86618277058,1886.10994690273,1168.24266646503,1278.87460244277,1178.00892839307,817.541735028073,1037.70350065251,752.567785686134,913.459774017116,842.639962734595,1851.96306118126,1647.22584596465,1146.48487148106,1906.94107392716,748.29214316086,1045.19868595587,1768.05074914271,600.175255017858,852.682446363905,524.164070466521,749.332717158188,714.407524739697,1368.72555876962,562.563705312916,555.816758848841
2245.48450988372,924.010427846848,1291.1237768191,562.649753699257,1080.32339564307,1004.86618277058,1886.10994690273,1168.24266646503,1278.87460244277,1178.00892839307,817.541735028073,1037.70350065251,752.567785686134,913.459774017116,842.639962734595,1851.96306118126,1647.22584596465,1146.48487148106,1906.94107392716,748.29214316086,1045.19868595587,1768.05074914271,600.175255017858,852.682446363905,524.164070466521,749.332717158188,714.407524739697,1368.72555876962,562.563705312916,555.816758848841
