452.794832929717,829.31210960787,1061.22977361257,1270.37258301897,1326.16290838006,1219.50007304701,1026.37328623268,1187.42158712947,978.309798942051,523.292242552069,914.930166059089,783.854890366918,1586.29067587947,621.422523109583,500.546982692757,2667.28979212885,634.764545469438,571.529161250417,512.480753819616,582.757809001947,474.499932235668,498.005123040345,113.471649534349,3117.11160659157,1422.26650542559,2821.32221565454,572.3746612799,541.191220915491,447.746182558531,1296.87654453642
451.835569166373,339.173602279534,576.129149631899,565.951248730917,1131.93882752171,610.654464058724,684.657036541365,898.391738962312,492.541814946298,455.243765986429,539.411480307103,580.901862587514,1080.9149094924,490.656629402667,404.856905385684,1842.79825496595,539.843579976274,459.300887436865,448.117902457762,538.17079083881,472.759655925347,470.91292843582,100.119243925381,2365.27743092728,1007.04870694077,1285.10142013605,454.117311957264,452.647872123275,447.710262199871,1019.20923415115
451.835562339174,123.909959148451,542.004001577239,545.974878473039,1131.57163083754,577.920075000124,661.698039912374,750.977494086823,472.211774295946,452.106328117266,494.758609271531,564.919375805592,997.783586131308,477.081243098053,401.616159628954,1797.19895373175,534.817396100495,459.138578268391,446.73530355846,538.099541366568,471.72760316795,470.64986464291,100.116320850334,1879.33231557951,977.441965461217,1079.42033420039,453.96226784647,452.375428580154,447.71026219984,964.345431539766
451.835562339174,118.312083705498,533.526971506491,539.123953949611,1131.24337745184,550.241056672195,660.705816263474,671.075608198561,472.016003697479,432.173894703387,487.690547076971,538.742150170134,692.943118395074,466.463500589572,400.718255863636,1793.83710001521,527.872396339157,459.134872833764,446.631220685129,537.973853470955,471.478156521548,470.292649087455,100.116320850334,1568.31822607566,973.375121445278,1068.06218223089,453.934078244404,452.363331508305,447.71026219984,959.592549861916
451.835562339174,118.312083705498,532.948584966166,538.817593391518,1131.24192045202,547.896232518509,660.704871617637,670.987344232769,462.633403594165,426.904102054277,487.663991317648,531.1000746247,520.320382032529,466.413676078837,400.626518118258,887.829861019991,500.46452271635,459.134872686047,446.596222153173,535.314952721696,470.368676343185,468.298847662726,100.116320850334,1567.1701741259,973.350165533865,1067.39630819203,453.934041405821,452.363327656877,447.71026219984,949.93571180063
451.835562339174,118.312083705498,532.948584966166,538.817593391518,1131.24191743568,547.896232488664,660.704871617637,670.987344232769,462.63330641517,426.904102054277,487.663991317648,531.100074363112,519.409624508883,466.413676054376,400.626516017569,887.82975272888,500.462969511091,459.134872686047,446.596222153173,535.314952721696,466.135191577366,468.298847662724,100.116320850334,1567.16996056343,973.350165533865,1067.39630819203,453.934041405821,452.363327656877,447.71026219984,949.88567364862
451.835562339174,118.312083705498,532.948584966166,538.817593391518,1131.24191743568,547.896232488664,660.704871617637,670.987344232769,462.63330641517,426.904102054277,487.663991317648,531.100074363112,519.409624508883,466.413676054376,400.626516017569,887.82975272888,500.462969511091,459.134872686047,446.596222153173,535.314952721696,465.636525858275,468.298847662724,100.116320850334,1567.16996056343,973.350165533865,1067.39630819203,453.934041405821,452.363327656877,447.71026219984,949.88567364862
451.835562339174,118.312083705498,532.948584966166,538.817593391518,1131.24191743568,547.896232488664,660.704871617637,670.987344232769,462.63330641517,426.904102054277,487.663991317648,531.100074363112,519.409624508883,466.413676054376,400.626516017569,887.82975272888,500.462969511091,459.134872686047,446.596222153173,535.314952721696,465.636525858275,468.298847662724,100.116320850334,1567.16996056343,973.350165533865,1067.39630819203,453.934041405821,452.363327656877,447.71026219984,949.88567364862
451.835562339174,118.312083705498,532.948584966166,538.817593391518,1131.24191743568,547.896232488664,660.704871617637,670.987344232769,462.63330641517,426.904102054277,487.663991317648,531.100074363112,519.409624508883,466.413676054376,400.626516017569,887.82975272888,500.462969511091,459.134872686047,446.596222153173,535.314952721696,465.636525858275,468.298847662724,100.116320850334,1567.16996056343,973.350165533865,1067.39630819203,453.934041405821,452.363327656877,447.71026219984,949.88567364862
451.835562339174,118.312083705498,532.948584966166,538.817593391518,1131.24191743568,547.896232488664,660.704871617637,670.987344232769,462.63330641517,426.904102054277,487.663991317648,531.100074363112,519.409624508883,466.413676054376,400.626516017569,887.82975272888,500.462969511091,459.134872686047,446.596222153173,535.314952721696,465.636525858275,468.298847662724,100.116320850334,1567.16996056343,973.350165533865,1067.39630819203,453.934041405821,452.363327656877,447.71026219984,949.88567364862
451.835562339174,118.312083705498,532.948584966166,538.817593391518,1131.24191743568,547.896232488664,660.704871617637,670.987344232769,462.63330641517,426.904102054277,487.663991317648,531.100074363112,519.409624508883,466.413676054376,400.626516017569,887.82975272888,500.462969511091,459.134872686047,446.596222153173,535.314952721696,465.636525858275,468.298847662724,100.116320850334,1567.16996056343,973.350165533865,1067.39630819203,453.934041405821,452.363327656877,447.71026219984,949.88567364862
451.835562339174,118.312083705498,532.948584966166,538.817593391518,1131.24191743568,547.896232488664,660.704871617637,670.987344232769,462.63330641517,426.904102054277,487.663991317648,531.100074363112,519.409624508883,466.413676054376,400.626516017569,887.82975272888,500.462969511091,459.134872686047,446.596222153173,535.314952721696,465.636525858275,468.298847662724,100.116320850334,1567.16996056343,973.350165533865,1067.39630819203,453.934041405821,452.363327656877,447.71026219984,949.88567364862
451.835562339174,118.312083705498,532.948584966166,538.817593391518,1131.24191743568,547.896232488664,660.704871617637,670.987344232769,462.63330641517,426.904102054277,487.663991317648,531.100074363112,519.409624508883,466.413676054376,400.626516017569,887.82975272888,500.462969511091,459.134872686047,446.596222153173,535.314952721696,465.636525858275,468.298847662724,100.116320850334,1567.16996056343,973.350165533865,1067.39630819203,453.934041405821,452.363327656877,447.71026219984,949.88567364862
451.835562339174,118.312083705498,532.948584966166,538.817593391518,1131.24191743568,547.896232488664,660.704871617637,670.987344232769,462.63330641517,426.904102054277,487.663991317648,531.100074363112,519.409624508883,466.413676054376,400.626516017569,887.82975272888,500.462969511091,459.134872686047,446.596222153173,535.314952721696,465.636525858275,468.298847662724,100.116320850334,1567.16996056343,973.350165533865,1067.39630819203,453.934041405821,452.363327656877,447.71026219984,949.88567364862
