6801.33298545305,7315.8088024585,5408.49113539975,15319.6592042846,9819.23876104875,6960.75709900155,10147.1793804715,13140.4914718178,8856.2587050622,8583.83466356223,13294.7844181248,4471.55309794881,12591.0082358031,10570.851753466,22904.2734571442,14576.4825809478,9163.10819487093,14054.366096024,2633.56184519687,3297.16647291214,1764.08542375453,6260.46505122662,2985.67121143308,14389.2739656392,6036.51987181462,19379.1679740903,4042.02601601545,8544.30507956997,1903.73280152175,7316.82219452747
5430.92998991098,6306.55848656937,4717.19226097395,13480.9231347517,8495.98765868921,5632.00811768195,9763.17672402178,10719.1886765984,7806.76053218683,7124.95950219381,12466.5710201217,4352.37173719123,10602.2793014264,7897.04381638738,20473.0708785927,12974.9970358847,6253.53177707476,12275.5467354017,2234.04849924144,2780.93760281082,1534.00429648864,4952.91372505839,2405.79236559656,13557.843146293,4698.3618034868,18829.5579466586,3690.8684583243,7775.35631560918,1707.77927616095,6414.90963774924
3495.26153518421,3403.95734805863,3131.09340789637,3452.49245485884,4927.01978576627,4119.15233821112,8447.66337358567,4606.03779858644,2753.42146410781,1433.43800413198,6939.56031676818,3744.99230887659,3812.62177650614,2224.87908942283,5680.85223744621,5880.76644049041,2131.90385617352,6151.03975520971,1196.98433701608,2100.19819988504,1072.82833062287,2540.53238088529,899.171562594845,7302.79999200574,2256.4481884549,16917.9647374537,2384.83303831926,4185.96803846254,1057.35823089674,2962.49993011361
1916.41490869111,2678.6397611794,1838.09403130991,1538.33221059986,3421.0822297129,2760.91695053276,3862.53685350658,2064.41967033,2243.44123942049,859.264846893123,2288.38946583141,1641.16851222652,3082.58127627314,1903.5057279136,1691.05980443405,4796.7130386171,1087.95279443674,2697.72664527515,903.954351157885,852.98415663888,634.700210714032,917.127479813732,628.658765154327,5159.84132080167,2053.18847269936,9139.3445112276,981.484017707007,1575.59064696551,472.969975568914,2395.6134437765
961.684634610521,1640.35659908955,1139.77106603259,1410.9266674891,2055.84501945527,1956.44776991331,2062.99501291557,1845.86916402895,1084.91861097369,650.143098072168,1057.07008706137,1157.1848671747,1870.60134654121,979.962292771713,781.052378883574,3564.71632765564,728.965932878438,942.015140255055,622.386694111064,669.482479611408,500.881349199877,614.430841766582,254.859894986697,3386.77094296092,1868.41647659026,3634.07260027606,784.217279667796,724.812704148167,448.261046670426,1930.20392583135
452.794832929717,829.31210960787,1061.22977361257,1270.37258301897,1326.16290838006,1219.50007304701,1026.37328623268,1187.42158712947,978.309798942051,523.292242552069,914.930166059089,783.854890366918,1586.29067587947,621.422523109583,500.546982692757,2667.28979212885,634.764545469438,571.529161250417,512.480753819616,582.757809001947,474.499932235668,498.005123040345,113.471649534349,3117.11160659157,1422.26650542559,2821.32221565454,572.3746612799,541.191220915491,447.746182558531,1296.87654453642
451.843179340261,437.76483517486,765.789699544656,581.710560016036,1134.07302995787,698.599512246913,687.666106020599,915.556267896439,492.664367656594,486.471965290568,824.00537996112,581.994108408654,1160.60755765778,491.804428625953,411.630371155547,1844.18642708817,556.527735834735,462.158198919391,458.813959110515,538.535469358574,473.665927183124,480.57814448657,100.142022733044,2410.12531644163,1007.9080606894,1831.25099875083,455.204666181787,457.208027636363,447.710262369475,1124.41298173158
451.835562339211,264.91937563962,542.039832456845,565.715493791183,1131.80348930617,582.03218141557,665.800455035036,843.940376254847,472.234661703992,453.584664015762,531.972604666909,564.995195318232,1029.87683178297,477.649346789017,401.83231326758,1798.8491668454,534.991147777005,459.145557904451,447.024728225437,538.10227095036,472.509437715832,470.889954952897,100.116526143617,1886.34546164786,977.491393662729,1079.51424892881,453.988982343001,452.444711185625,447.71026219984,1017.28822741463
451.835562339174,118.318859819468,533.587636339994,541.211325700021,1131.24725409803,550.832880699891,660.837724022665,682.331284168273,472.01954076573,451.734275791868,487.692395965455,541.378508680507,889.457465735512,476.783999587828,401.016725417457,1793.88011826411,528.153974639959,459.134961902885,446.717568432611,538.076727036366,471.481019957466,470.611741734259,100.116320850334,1710.55999493325,973.858856689085,1076.39435790281,453.937857996585,452.36416019308,447.71026219984,960.836808204868
451.835562339174,118.312083705498,533.454275205063,538.817683530343,1131.24234336532,548.100594780805,660.704890107327,670.987354994448,462.80654330775,427.138486430383,487.664443654763,533.743720922476,530.858749329324,466.419920003615,400.62850287348,972.62072889606,515.918977670983,459.134872686047,446.606410058047,535.55133075705,471.398980111959,468.323750799814,100.116320850334,1567.3214046558,973.350325055477,1067.39630969154,453.934043118988,452.363327657218,447.71026219984,951.621322376935
451.835562339174,118.312083705498,532.948584966166,538.817593391518,1131.24192045202,547.896232518509,660.704871617637,670.987344232769,462.633403594165,426.904102054277,487.663991317648,531.1000746247,520.320382032529,466.413676078837,400.626518118258,887.829861019991,500.46452271635,459.134872686047,446.596222153173,535.314952721696,470.368676343185,468.298847662726,100.116320850334,1567.1701741259,973.350165533865,1067.39630819203,453.934041405821,452.363327656877,447.71026219984,949.93571180063
451.835562339174,118.312083705498,532.948584966166,538.817593391518,1131.24191743568,547.896232488664,660.704871617637,670.987344232769,462.63330641517,426.904102054277,487.663991317648,531.100074363112,519.409624508883,466.413676054376,400.626516017569,887.82975272888,500.462969511091,459.134872686047,446.596222153173,535.314952721696,467.176214271446,468.298847662724,100.116320850334,1567.16996056343,973.350165533865,1067.39630819203,453.934041405821,452.363327656877,447.71026219984,949.88567364862
451.835562339174,118.312083705498,532.948584966166,538.817593391518,1131.24191743568,547.896232488664,660.704871617637,670.987344232769,462.63330641517,426.904102054277,487.663991317648,531.100074363112,519.409624508883,466.413676054376,400.626516017569,887.82975272888,500.462969511091,459.134872686047,446.596222153173,535.314952721696,465.636525858275,468.298847662724,100.116320850334,1567.16996056343,973.350165533865,1067.39630819203,453.934041405821,452.363327656877,447.71026219984,949.88567364862
451.835562339174,118.312083705498,532.948584966166,538.817593391518,1131.24191743568,547.896232488664,660.704871617637,670.987344232769,462.63330641517,426.904102054277,487.663991317648,531.100074363112,519.409624508883,466.413676054376,400.626516017569,887.82975272888,500.462969511091,459.134872686047,446.596222153173,535.314952721696,465.636525858275,468.298847662724,100.116320850334,1567.16996056343,973.350165533865,1067.39630819203,453.934041405821,452.363327656877,447.71026219984,949.88567364862
451.835562339174,118.312083705498,532.948584966166,538.817593391518,1131.24191743568,547.896232488664,660.704871617637,670.987344232769,462.63330641517,426.904102054277,487.663991317648,531.100074363112,519.409624508883,466.413676054376,400.626516017569,887.82975272888,500.462969511091,459.134872686047,446.596222153173,535.314952721696,465.636525858275,468.298847662724,100.116320850334,1567.16996056343,973.350165533865,1067.39630819203,453.934041405821,452.363327656877,447.71026219984,949.88567364862
451.835562339174,118.312083705498,532.948584966166,538.817593391518,1131.24191743568,547.896232488664,660.704871617637,670.987344232769,462.63330641517,426.904102054277,487.663991317648,531.100074363112,519.409624508883,466.413676054376,400.626516017569,887.82975272888,500.462969511091,459.134872686047,446.596222153173,535.314952721696,465.636525858275,468.298847662724,100.116320850334,1567.16996056343,973.350165533865,1067.39630819203,453.934041405821,452.363327656877,447.71026219984,949.88567364862
