3959.63293466817,3140.69861389256,5705.06441699875,5260.61642695706,2535.51865645339,3602.99033971115,3376.66442733681,2186.6971540809,4652.82329066222,3433.72874667329,3821.72205123299,5223.47337745129,5376.99886629126,2984.80510301685,4597.39026401119,2358.62965723824,7739.82701955517,7799.36451833842,11329.4675257945,7763.0825613189,3618.6478701866,3225.28503448696,3844.9881543694,4275.99403329246,2974.80689049764,18419.8186793059,8057.79163628025,5237.58143471262,2945.29816174196,8282.91493656713
3790.41535842599,2970.28679037653,5026.16291249071,4785.59186229241,2314.40267841094,3505.21864271839,3338.39282809171,2004.92794000554,4507.95110270048,3174.07312422688,3374.1150498642,4913.99544043254,4446.19067920147,2349.64712227661,3948.32147554235,2247.62993259181,7242.13430072641,5085.96085788715,10927.2976654945,6798.37340878745,3215.9522532143,3039.02759326339,3700.67376280251,3738.30175348644,2542.47427310398,16691.2192546564,7489.52499095067,5050.58412345891,2464.09156109078,8017.29623631823
3634.99110563517,2794.64208044282,3308.50089008936,4204.9116402282,2228.27142432656,3376.49318360742,3301.53711247121,1947.23841705134,4253.48048820199,2774.1741618049,2695.95357171124,3665.43069029407,3236.67304151926,1051.69046147098,3481.27369359537,2005.68990486735,6341.88883519128,4047.5057170933,9605.44974499749,4817.88162255965,2846.03547915499,2809.26591341231,3387.57003016303,3569.727971633,1407.38992396187,9833.82771617482,5511.91349221164,4902.52796685455,2229.67872327844,7471.87114061144
3587.99935273172,2662.4030264273,2627.51335993642,3799.92109594567,2211.59203930908,3260.35289269841,3261.46279895705,1923.89622942648,3758.42793680963,2625.66411379349,1835.69460180653,2612.26707635323,3124.37145547023,787.054252226264,3447.01130548466,1903.10642677907,5119.20219735442,3741.92164304719,1941.5451642149,4059.35799482615,2588.72957505456,2726.58883643854,3133.37961097066,3520.17037834508,1209.59532293936,3876.64030844147,5247.11163157211,4753.01827394377,2139.982656767,6686.56728236209
3547.96434126751,2564.20905822249,2370.16431125803,2309.34589282747,2197.41932037007,3109.61089657239,3189.03505938553,1892.33119909724,3509.40562067738,2452.95853685904,1305.00693237552,2535.62859121886,3064.05226046934,633.462695666033,3443.49955975637,1896.85288052829,5034.07812795567,3674.53330202917,1926.23385173269,3811.73865266551,2424.9870250665,2666.81133354089,2594.18730035272,3517.39211059719,1072.1135806455,3735.49193552701,5226.68768599231,4447.24071126289,2104.03904760067,6567.71817651241
3313.16797926727,1890.72587917782,1352.75920938464,1873.65860238407,2007.20627304387,2903.40414350821,3155.26575224292,1889.8021252416,3474.74768961389,2356.34379830768,1023.23387931533,2489.02092352605,3011.23873530857,587.506723809791,3443.14034680831,1892.04303947976,5019.03753174868,3669.07723715575,1324.46249548293,3757.36410268912,2385.43319993316,2666.58481271743,2412.07755074576,3517.37032575021,932.995676954361,3627.8747518297,5224.3648754028,3232.67218554759,2056.15064309663,6566.54086823839
2964.70188781341,1741.1966180694,1270.03896157389,1720.37064492572,915.147439727361,2838.2408227062,3123.14574712505,1889.48838181212,3459.34106416719,2204.56256314254,818.941679562282,2477.56249409969,2825.67569828024,585.442316346445,3443.13722794637,1891.33504250884,5009.01198218405,3425.57535245265,1279.06002366265,3642.65223437014,2380.54793299888,2666.54569369824,2344.68931193587,3517.37032327831,919.117321223352,3466.50205813259,5129.65299163022,3170.36076544807,2001.68563157191,6558.5721887078
2887.26360843262,1646.18607326165,1161.8525487343,1693.02833766661,678.688644831601,2813.39476410086,3087.57624673595,1889.41148551946,3402.94078710672,2135.04886206696,768.499654295532,2468.13442064401,2643.96120505463,585.439699919147,3443.13721196532,1891.22282075303,5005.51518931068,3403.76030283439,1112.30355768435,3595.66359574914,2380.21795203916,2666.54452066703,2331.40553924746,3517.3703232783,918.625703630768,3356.65446833116,5069.37114269006,3066.64778026337,1977.97085371669,6550.3866163316
2887.23706804813,1604.29090888798,1051.9068934462,1667.9000169998,654.676865913671,2813.33301618239,3087.47439811965,1889.37564262292,3400.31217794047,2107.18511097676,678.623052760378,1232.5131791196,2632.29258298331,585.439699917472,3443.13721196511,1891.21951003351,5002.78307647046,3392.91352236616,1069.80858961554,3595.6355735554,2379.93466994937,2666.54414879735,2327.7027237238,3517.3703232783,918.496081507658,2791.01720254121,4527.56894727346,3002.45253436376,1977.77202798582,6545.75698495831
2809.5099539292,1603.37669403333,1050.03952999234,1663.49621489397,633.225998694979,2813.33301618239,2997.68020990118,1889.31277778041,3399.7380855129,2106.89599331864,651.854421426468,1010.87308705496,2604.1585167589,585.439699917472,3443.13721196511,1891.18115661292,5002.76442405331,3381.72743266675,850.411489706899,3594.13631919112,2379.90796239574,2666.54414528433,2324.57884528797,3517.3703232783,918.48010445816,2786.4793322593,4468.74056346584,2990.35234484731,1961.63692626306,6545.75324620306
2782.09403852876,1603.37669403333,1049.83890351661,1663.49361353766,633.205804045115,2813.33301618239,2997.68020813062,1889.24682565117,3394.53260612735,2106.89599331864,650.795480217081,907.813212301245,2604.15843894808,585.439699917472,3443.13721196511,1891.18115462914,5002.76437530989,3378.17879650597,741.377549590279,3594.13631919069,2379.90794129046,2666.54414528296,2324.11063196371,3517.3703232783,918.479139170951,2780.37119883866,4468.7405575316,2962.04112012594,1957.47537991827,6545.75324620306
2782.09403852875,1603.37669403333,1049.83890351661,1663.49361352225,633.205804045026,2813.33301618239,2997.68020813062,1889.24682565116,3394.51918072284,2106.89599331864,650.794721689484,907.491615957162,2604.15843894808,585.439699917472,3443.13721196511,1891.18115462914,5002.76437530989,3378.17867043547,740.010624630967,3594.13631919069,2379.90794129046,2666.54414528296,2324.09945315401,3517.3703232783,918.479138885282,2780.37048434949,4468.7405575316,2961.89014288755,1957.47208930591,6545.75324620306
2782.09403852875,1603.37669403333,1049.83890351661,1663.49361352225,633.205804045026,2813.33301618239,2997.68020813062,1889.24682565116,3394.51918072284,2106.89599331864,650.794721689326,907.491615957159,2604.15843894808,585.439699917472,3443.13721196511,1891.18115462914,5002.76437530989,3378.17867043547,740.010624630967,3594.13631919069,2379.90794129046,2666.54414528296,2324.09943147155,3517.3703232783,918.479138885282,2780.37048434949,4468.7405575316,2961.89013952576,1957.47208930591,6545.75324620306
2782.09403852875,1603.37669403333,1049.83890351661,1663.49361352225,633.205804045026,2813.33301618239,2997.68020813062,1889.24682565116,3394.51918072284,2106.89599331864,650.794721689326,907.491615957159,2604.15843894808,585.439699917472,3443.13721196511,1891.18115462914,5002.76437530989,3378.17867043547,740.010624630967,3594.13631919069,2379.90794129046,2666.54414528296,2324.09943146902,3517.3703232783,918.479138885282,2780.37048434949,4468.7405575316,2961.89013952576,1957.47208930591,6545.75324620306
2782.09403852875,1603.37669403333,1049.83890351661,1663.49361352225,633.205804045026,2813.33301618239,2997.68020813062,1889.24682565116,3394.51918072284,2106.89599331864,650.794721689326,907.491615957159,2604.15843894808,585.439699917472,3443.13721196511,1891.18115462914,5002.76437530989,3378.17867043547,740.010624630967,3594.13631919069,2379.90794129046,2666.54414528296,2324.09943146902,3517.3703232783,918.479138885282,2780.37048434949,4468.7405575316,2961.89013952576,1957.47208930591,6545.75324620306
2782.09403852875,1603.37669403333,1049.83890351661,1663.49361352225,633.205804045026,2813.33301618239,2997.68020813062,1889.24682565116,3394.51918072284,2106.89599331864,650.794721689326,907.491615957159,2604.15843894808,585.439699917472,3443.13721196511,1891.18115462914,5002.76437530989,3378.17867043547,740.010624630967,3594.13631919069,2379.90794129046,2666.54414528296,2324.09943146902,3517.3703232783,918.479138885282,2780.37048434949,4468.7405575316,2961.89013952576,1957.47208930591,6545.75324620306
