721.568554098102,4137.17099891607,936.896642749229,710.984353568771,1102.29830407861,734.351798923399,844.263602533568,1380.51138540732,566.582069543193,5309.14184524533,848.712981675298,982.235142878075,773.306984110619,803.966344355992,610.033264652879,3955.29200636883,2371.63094120452,617.188006972647,575.10857455666,1108.48439253071,1628.42738573302,917.159754089103,826.816299158033,1619.23957622484,563.88890822101,934.413055271596,622.36171171545,887.105157931577,565.903672364353,700.161391111024
715.856588378513,4133.35545519483,918.153734339994,697.565982768007,1098.82130501788,730.808444923699,822.711923013297,1315.66705140607,564.843527507501,2370.2636471228,841.42455704507,980.240677710469,497.756955550543,718.538249172839,568.642202013034,3951.42520240945,2088.23822708897,616.442771801452,574.359693997169,1108.13472951755,1622.7301382403,913.808163198406,786.968071771729,1619.01759808746,511.252437404714,934.24418778423,622.189121374385,830.427037229125,558.62669576624,690.099568118922
712.105216489514,3847.10618108922,915.438431149641,504.477337912058,1098.82130500736,728.163105349818,822.711850275183,1167.01242157165,564.771876613553,2364.0681095432,841.086981445845,980.151977746727,497.238372343541,711.461395044761,561.956958294743,3949.31011008225,2031.98114416656,616.442760012641,574.336736211003,1107.81295199482,1622.3798132706,913.326081000689,786.745365601023,1600.68189760879,501.74958388306,930.752870796186,622.18843957395,830.426538614125,558.626662436063,685.110372511111
711.957149416155,3807.03996189276,898.908050543724,504.474827821214,1098.82130500736,727.975757613526,822.711850275183,1167.01069010638,562.074290528752,2362.79208642994,840.606724312865,980.151975409953,497.235728045008,708.261809858307,558.235710795169,3949.25536423523,2031.98114416656,616.442760012083,574.330277029095,1107.72471078062,1618.81085534248,913.323128386591,786.062418337978,1573.88115175818,501.410511975146,930.741478100327,622.188433801637,830.310508515619,547.435736357141,684.615662532781
709.110438834536,3791.81602870536,897.965241732361,504.474827700431,1098.82130500736,727.975757613526,822.711850275183,1167.01069010638,562.074290132136,2362.72224295412,840.570787217157,980.151975409953,497.235728044992,708.164948689444,558.130827495451,3949.25524589279,2031.98114416656,616.442760012083,574.330253137879,1107.68983362494,1618.81085366563,913.312949552945,785.928902025854,1573.88115175818,501.410511975146,930.741478100327,622.188433729457,830.310419305401,547.435724547297,684.613368143773
709.110438834536,3543.18289954907,897.965241732361,504.474827700431,1098.82130500736,727.975757613526,822.711850275183,1167.01069010638,562.074290132136,2362.72224295412,840.570787217154,980.151975409953,497.235728044992,708.16494867203,558.130827494903,3949.25524589279,2031.98114416656,616.442760012083,574.330253137877,1107.68983362494,1618.81085366563,913.312949552945,785.92890202585,1573.88115175818,501.410511975146,930.741478100327,622.188433729457,830.310419305401,547.435724547297,684.613368143643
709.110438834536,3543.18289954907,897.965241732361,504.474827700431,1098.82130500736,727.975757613526,822.711850275183,1167.01069010638,562.074290132136,2362.72224295412,840.570787217154,980.151975409953,497.235728044992,708.16494867203,558.130827494903,3949.25524589279,2031.98114416656,616.442760012083,574.330253137877,1107.68983362494,1618.81085366563,913.312949552945,785.92890202585,1573.88115175818,501.410511975146,930.741478100327,622.188433729457,830.310419305401,547.435724547297,684.613368143643
709.110438834536,3543.18289954907,897.965241732361,504.474827700431,1098.82130500736,727.975757613526,822.711850275183,1167.01069010638,562.074290132136,2362.72224295412,840.570787217154,980.151975409953,497.235728044992,708.16494867203,558.130827494903,3949.25524589279,2031.98114416656,616.442760012083,574.330253137877,1107.68983362494,1618.81085366563,913.312949552945,785.92890202585,1573.88115175818,501.410511975146,930.741478100327,622.188433729457,830.310419305401,547.435724547297,684.613368143643
709.110438834536,3543.18289954907,897.965241732361,504.474827700431,1098.82130500736,727.975757613526,822.711850275183,1167.01069010638,562.074290132136,2362.72224295412,840.570787217154,980.151975409953,497.235728044992,708.16494867203,558.130827494903,3949.25524589279,2031.98114416656,616.442760012083,574.330253137877,1107.68983362494,1618.81085366563,913.312949552945,785.92890202585,1573.88115175818,501.410511975146,930.741478100327,622.188433729457,830.310419305401,547.435724547297,684.613368143643
709.110438834536,3543.18289954907,897.965241732361,504.474827700431,1098.82130500736,727.975757613526,822.711850275183,1167.01069010638,562.074290132136,2362.72224295412,840.570787217154,980.151975409953,497.235728044992,708.16494867203,558.130827494903,3949.25524589279,2031.98114416656,616.442760012083,574.330253137877,1107.68983362494,1618.81085366563,913.312949552945,785.92890202585,1573.88115175818,501.410511975146,930.741478100327,622.188433729457,830.310419305401,547.435724547297,684.613368143643
709.110438834536,3543.18289954907,897.965241732361,504.474827700431,1098.82130500736,727.975757613526,822.711850275183,1167.01069010638,562.074290132136,2362.72224295412,840.570787217154,980.151975409953,497.235728044992,708.16494867203,558.130827494903,3949.25524589279,2031.98114416656,616.442760012083,574.330253137877,1107.68983362494,1618.81085366563,913.312949552945,785.92890202585,1573.88115175818,501.410511975146,930.741478100327,622.188433729457,830.310419305401,547.435724547297,684.613368143643
709.110438834536,3543.18289954907,897.965241732361,504.474827700431,1098.82130500736,727.975757613526,822.711850275183,1167.01069010638,562.074290132136,2362.72224295412,840.570787217154,980.151975409953,497.235728044992,708.16494867203,558.130827494903,3949.25524589279,2031.98114416656,616.442760012083,574.330253137877,1107.68983362494,1618.81085366563,913.312949552945,785.92890202585,1573.88115175818,501.410511975146,930.741478100327,622.188433729457,830.310419305401,547.435724547297,684.613368143643
709.110438834536,3543.18289954907,897.965241732361,504.474827700431,1098.82130500736,727.975757613526,822.711850275183,1167.01069010638,562.074290132136,2362.72224295412,840.570787217154,980.151975409953,497.235728044992,708.16494867203,558.130827494903,3949.25524589279,2031.98114416656,616.442760012083,574.330253137877,1107.68983362494,1618.81085366563,913.312949552945,785.92890202585,1573.88115175818,501.410511975146,930.741478100327,622.188433729457,830.310419305401,547.435724547297,684.613368143643
709.110438834536,3543.18289954907,897.965241732361,504.474827700431,1098.82130500736,727.975757613526,822.711850275183,1167.01069010638,562.074290132136,2362.72224295412,840.570787217154,980.151975409953,497.235728044992,708.16494867203,558.130827494903,3949.25524589279,2031.98114416656,616.442760012083,574.330253137877,1107.68983362494,1618.81085366563,913.312949552945,785.92890202585,1573.88115175818,501.410511975146,930.741478100327,622.188433729457,830.310419305401,547.435724547297,684.613368143643
