6292.78521747005,11506.1706561848,7353.91292562866,880.790205732203,2382.98683623208,1239.33118551245,2157.19187861637,8522.77612601322,1716.28827904884,6136.3387216113,1812.36660212871,5524.42309652799,1344.84742364986,8270.50307938596,1061.88666328673,5656.23468591035,3317.77867688531,876.751881597536,977.92040310761,1381.0837825432,1761.84987736083,1157.21916730097,1154.28529613026,2121.40548172311,8673.87570290456,1048.74760149364,975.847180603461,1525.38595558629,1958.59635505921,3242.80241822385
5979.71390805077,10949.5987909185,6968.96890054858,859.363994934552,2015.96369787062,1085.99537419085,1756.14744229303,5775.00576917139,1086.3270395982,5649.53681087414,1614.03517930454,4876.17344195338,1045.48555844034,3742.31528538217,762.871984997437,5252.99679841716,3144.48407280769,707.168927609624,708.738286973344,1163.44894611618,1706.87660051245,1044.41295125807,1090.7997758559,2044.77049426575,6994.04485524121,992.201530807409,900.770279091301,1276.19681442428,1603.64176922509,3064.45890297698
4545.80423546196,10188.6907263911,4442.63764050991,794.105682171205,1300.79616795328,941.547254429154,1562.98863264521,1540.3495895659,674.123829004962,5549.20991814649,1050.97534311303,2113.42680000941,862.581254278621,1657.53157788454,702.933748201011,4227.36031100934,3072.8207468511,650.437590766678,589.701443374239,1115.35502833441,1659.54511642298,942.518657287416,976.845699554784,1960.24174785965,717.156261897097,958.736990548741,783.309798414576,1101.23426180675,662.371452529873,2454.23671919411
2030.47425563572,8801.35232850971,1021.0132101291,741.407697098598,1111.96259731094,740.374424739817,1409.38795816278,1484.23486365798,616.304257701203,5363.17629862566,921.727428512382,1656.99474538019,819.512950130395,1333.27064320921,679.243195000358,4000.38610030938,3050.35486468987,627.664971188057,585.129964391692,1109.50399254198,1645.25386922265,924.906936082651,928.235602319723,1919.50275918619,573.741393155778,942.466554840929,677.275070194842,1053.27511028397,565.903672364353,886.430085780481
1913.36535640316,8586.43982557572,940.478846230506,730.849143759986,1102.84545299853,734.475485924807,845.206948072938,1417.08169484293,575.19795309215,5338.69145032815,857.37358968541,1600.43281997396,784.258656721809,1175.54905655579,630.702477584293,3967.40330478478,3031.26090537995,619.603143846785,578.246638358002,1109.34700402015,1635.41981563183,918.935456342529,890.99462094639,1721.52773812058,569.665994265399,934.783878762157,624.56386897905,939.277283552475,565.903672364353,734.599657163517
721.568554098102,4137.17099891607,936.896642749229,710.984353568771,1102.29830407861,734.351798923399,844.263602533568,1380.51138540732,566.582069543193,5309.14184524533,848.712981675298,982.235142878075,773.306984110619,803.966344355992,610.033264652879,3955.29200636883,2371.63094120452,617.188006972647,575.10857455666,1108.48439253071,1628.42738573302,917.159754089103,826.816299158033,1619.23957622484,563.88890822101,934.413055271596,622.36171171545,887.105157931577,565.903672364353,700.161391111024
720.395161227255,4133.54787076862,918.564381820037,709.202661524457,1098.82132120466,730.829473861305,837.367705384714,1359.59402126265,565.227467201824,5137.56608259925,844.204794483375,980.240677710469,497.768918886726,730.115570874376,571.00045734005,3952.09139932253,2095.318352724,616.443252361385,574.36523362658,1108.32115171366,1622.80710068778,914.084879591034,787.174245696572,1619.01987247254,519.498234945402,934.245398385706,622.190647539986,830.427123598257,558.632420859335,694.105372744855
715.856588378513,3847.18089526552,915.883999025597,504.583570171652,1098.82130500736,729.475542351656,822.711850275183,1172.9189044009,564.830204867848,2370.15066936468,841.257878591282,980.151977746727,497.741191359783,716.545965357275,562.798112702876,3949.65103050185,2032.00879827168,616.442760088533,574.347078359351,1108.07227593123,1622.38015610681,913.331888951354,786.85693592689,1612.06055226737,502.270747101203,934.200491480797,622.188488386023,830.427037138629,558.626672558087,685.868611459563
711.957691574506,3841.34836498045,898.985024984151,504.477197557806,1098.82130500736,728.149853899147,822.711850275183,1167.01069010643,562.124724028343,2364.06766489055,840.610075686684,980.151975409953,497.235731352491,708.325493550697,559.609733740369,3949.25605966149,2031.98114416656,616.442760012083,574.330901276565,1107.72487538958,1618.81186894478,913.325583083067,786.063779470602,1573.88116237611,501.410511975146,930.741868263586,622.188434855861,830.37226526032,556.250024392262,684.619576473566
709.111878722942,3807.03849667212,897.965493402746,504.474827700431,1098.82130500736,727.975757613526,822.711850275183,1167.01069010638,562.074290132136,2362.72224296165,840.572421639014,980.151975409953,497.235728044992,708.260277989208,558.226600935931,3949.2552460669,2031.98114416656,616.442760012083,574.330253814534,1107.70054050634,1618.81085366563,913.314321073834,785.928942552882,1573.88115175818,501.410511975146,930.741478100327,622.188433731934,830.310419305401,547.435724547297,684.61339128165
709.110438834536,3791.81602870536,897.965241732361,504.474827700431,1098.82130500736,727.975757613526,822.711850275183,1167.01069010638,562.074290132136,2362.72224295412,840.570787217157,980.151975409953,497.235728044992,708.164948689444,558.130827495451,3949.25524589279,2031.98114416656,616.442760012083,574.330253137879,1107.68983362494,1618.81085366563,913.312949552945,785.928902025854,1573.88115175818,501.410511975146,930.741478100327,622.188433729457,830.310419305401,547.435724547297,684.613368143773
709.110438834536,3543.18289954907,897.965241732361,504.474827700431,1098.82130500736,727.975757613526,822.711850275183,1167.01069010638,562.074290132136,2362.72224295412,840.570787217154,980.151975409953,497.235728044992,708.16494867203,558.130827494903,3949.25524589279,2031.98114416656,616.442760012083,574.330253137877,1107.68983362494,1618.81085366563,913.312949552945,785.92890202585,1573.88115175818,501.410511975146,930.741478100327,622.188433729457,830.310419305401,547.435724547297,684.613368143643
709.110438834536,3543.18289954907,897.965241732361,504.474827700431,1098.82130500736,727.975757613526,822.711850275183,1167.01069010638,562.074290132136,2362.72224295412,840.570787217154,980.151975409953,497.235728044992,708.16494867203,558.130827494903,3949.25524589279,2031.98114416656,616.442760012083,574.330253137877,1107.68983362494,1618.81085366563,913.312949552945,785.92890202585,1573.88115175818,501.410511975146,930.741478100327,622.188433729457,830.310419305401,547.435724547297,684.613368143643
709.110438834536,3543.18289954907,897.965241732361,504.474827700431,1098.82130500736,727.975757613526,822.711850275183,1167.01069010638,562.074290132136,2362.72224295412,840.570787217154,980.151975409953,497.235728044992,708.16494867203,558.130827494903,3949.25524589279,2031.98114416656,616.442760012083,574.330253137877,1107.68983362494,1618.81085366563,913.312949552945,785.92890202585,1573.88115175818,501.410511975146,930.741478100327,622.188433729457,830.310419305401,547.435724547297,684.613368143643
709.110438834536,3543.18289954907,897.965241732361,504.474827700431,1098.82130500736,727.975757613526,822.711850275183,1167.01069010638,562.074290132136,2362.72224295412,840.570787217154,980.151975409953,497.235728044992,708.16494867203,558.130827494903,3949.25524589279,2031.98114416656,616.442760012083,574.330253137877,1107.68983362494,1618.81085366563,913.312949552945,785.92890202585,1573.88115175818,501.410511975146,930.741478100327,622.188433729457,830.310419305401,547.435724547297,684.613368143643
709.110438834536,3543.18289954907,897.965241732361,504.474827700431,1098.82130500736,727.975757613526,822.711850275183,1167.01069010638,562.074290132136,2362.72224295412,840.570787217154,980.151975409953,497.235728044992,708.16494867203,558.130827494903,3949.25524589279,2031.98114416656,616.442760012083,574.330253137877,1107.68983362494,1618.81085366563,913.312949552945,785.92890202585,1573.88115175818,501.410511975146,930.741478100327,622.188433729457,830.310419305401,547.435724547297,684.613368143643
