1995.39504278979,722.016940350636,985.805839677818,2131.80159049208,1407.7839029514,402.891215524624,2601.25322276377,1095.00415272357,1067.31538762683,704.123388050701,1405.81204919759,1444.47469167008,1069.95366029893,880.658077072148,998.219036507419,1165.29008205216,1043.77231192908,943.901504444195,1306.31729248857,928.410948113466,719.690446578307,1431.50252734319,635.633360553089,611.88332429766,1170.56034266173,535.771400888666,439.912843874397,781.670687396728,814.354060572584,1312.85610677546
1962.84508450323,665.444335962765,531.398757421246,2126.37120775719,1363.15409731795,399.038616109196,2166.30055969289,1049.68498159015,1064.70247699672,552.82374173025,1196.0316592097,1425.44280195045,1010.44440354025,667.429462428206,905.920055701843,1147.67365773303,960.408797223129,775.265843465065,745.886445172006,906.924901011383,709.893249375625,1130.59285280008,611.437521378504,594.624264848609,1014.41495117306,328.030367602059,367.446974516867,571.594744644022,753.163447750622,1308.77064198489
1962.83792012383,663.108193928848,460.941413163462,2126.3668657907,1325.89854062228,398.831653629984,1191.1678784907,1005.43926793355,1000.41690659355,483.004772619724,1155.62973123456,1425.44181444097,1000.66360808536,665.47015260545,903.480585017412,1147.67112976288,960.297447196464,753.31699773188,688.349154522986,905.100791943867,708.441205426872,1109.04072834582,609.171510081469,592.544036827103,990.07255396704,300.791840180833,363.101467077447,483.52431491193,691.511937583778,1308.75146326278
1745.02046661917,658.870764893016,391.429540831175,2126.36685261624,1282.96356729342,397.078988324842,1093.42251408171,1005.20272623129,999.369683598758,447.994670762402,1155.62425434558,1425.41053501626,930.382281191487,664.110205328046,887.020144702761,1147.6618265489,940.749220497867,750.289703888406,677.857928745091,903.200618287754,696.165547551484,898.161033745035,606.394133856189,589.134949387272,967.277997631149,300.000000000809,362.783199516384,456.497520271744,686.631162957706,1308.39190454607
1745.02046626325,652.728732842228,378.505170257458,2126.36685261624,1282.11512255076,397.073009375972,1093.1519141657,1004.98318443948,841.379740641853,434.452297959682,1155.62425434558,1425.41053501626,768.425761055766,657.789559899525,887.0201423608,1147.6618265489,915.191386954557,750.282235212657,677.855495799491,850.543791138163,688.072769956173,852.563163270763,600.992223246455,588.889287750954,962.857765091852,300,362.77799228933,456.206675875479,686.629525430525,1308.39190454607
1745.02046626325,652.728732842228,378.503355498879,2126.36685261624,1282.11512255076,397.07300937524,1093.1519141657,1004.98318443948,841.379740641853,434.449144890539,1155.62425434558,1425.41053501626,768.417442324843,657.789559277768,887.0201423608,1147.6618265489,915.191386954557,750.282235212657,677.855495799491,850.543791138162,688.035020402069,852.563163270763,600.992223246455,588.889287750954,962.857765090414,300,362.77799228933,456.206333775724,686.629525430525,1308.39190454607
1745.02046626325,652.728732842228,378.503355498879,2126.36685261624,1282.11512255076,397.07300937524,1093.1519141657,1004.98318443948,841.379740641853,434.449144890539,1155.62425434558,1425.41053501626,768.417442324843,657.789559277768,887.0201423608,1147.6618265489,915.191386954557,750.282235212657,677.855495799491,850.543791138162,688.035020402069,852.563163270763,600.992223246455,588.889287750954,962.857765090414,300,362.77799228933,456.206333775724,686.629525430525,1308.39190454607
1745.02046626325,652.728732842228,378.503355498879,2126.36685261624,1282.11512255076,397.07300937524,1093.1519141657,1004.98318443948,841.379740641853,434.449144890539,1155.62425434558,1425.41053501626,768.417442324843,657.789559277768,887.0201423608,1147.6618265489,915.191386954557,750.282235212657,677.855495799491,850.543791138162,688.035020402069,852.563163270763,600.992223246455,588.889287750954,962.857765090414,300,362.77799228933,456.206333775724,686.629525430525,1308.39190454607
1745.02046626325,652.728732842228,378.503355498879,2126.36685261624,1282.11512255076,397.07300937524,1093.1519141657,1004.98318443948,841.379740641853,434.449144890539,1155.62425434558,1425.41053501626,768.417442324843,657.789559277768,887.0201423608,1147.6618265489,915.191386954557,750.282235212657,677.855495799491,850.543791138162,688.035020402069,852.563163270763,600.992223246455,588.889287750954,962.857765090414,300,362.77799228933,456.206333775724,686.629525430525,1308.39190454607
1745.02046626325,652.728732842228,378.503355498879,2126.36685261624,1282.11512255076,397.07300937524,1093.1519141657,1004.98318443948,841.379740641853,434.449144890539,1155.62425434558,1425.41053501626,768.417442324843,657.789559277768,887.0201423608,1147.6618265489,915.191386954557,750.282235212657,677.855495799491,850.543791138162,688.035020402069,852.563163270763,600.992223246455,588.889287750954,962.857765090414,300,362.77799228933,456.206333775724,686.629525430525,1308.39190454607
1745.02046626325,652.728732842228,378.503355498879,2126.36685261624,1282.11512255076,397.07300937524,1093.1519141657,1004.98318443948,841.379740641853,434.449144890539,1155.62425434558,1425.41053501626,768.417442324843,657.789559277768,887.0201423608,1147.6618265489,915.191386954557,750.282235212657,677.855495799491,850.543791138162,688.035020402069,852.563163270763,600.992223246455,588.889287750954,962.857765090414,300,362.77799228933,456.206333775724,686.629525430525,1308.39190454607
1745.02046626325,652.728732842228,378.503355498879,2126.36685261624,1282.11512255076,397.07300937524,1093.1519141657,1004.98318443948,841.379740641853,434.449144890539,1155.62425434558,1425.41053501626,768.417442324843,657.789559277768,887.0201423608,1147.6618265489,915.191386954557,750.282235212657,677.855495799491,850.543791138162,688.035020402069,852.563163270763,600.992223246455,588.889287750954,962.857765090414,300,362.77799228933,456.206333775724,686.629525430525,1308.39190454607
1745.02046626325,652.728732842228,378.503355498879,2126.36685261624,1282.11512255076,397.07300937524,1093.1519141657,1004.98318443948,841.379740641853,434.449144890539,1155.62425434558,1425.41053501626,768.417442324843,657.789559277768,887.0201423608,1147.6618265489,915.191386954557,750.282235212657,677.855495799491,850.543791138162,688.035020402069,852.563163270763,600.992223246455,588.889287750954,962.857765090414,300,362.77799228933,456.206333775724,686.629525430525,1308.39190454607
1745.02046626325,652.728732842228,378.503355498879,2126.36685261624,1282.11512255076,397.07300937524,1093.1519141657,1004.98318443948,841.379740641853,434.449144890539,1155.62425434558,1425.41053501626,768.417442324843,657.789559277768,887.0201423608,1147.6618265489,915.191386954557,750.282235212657,677.855495799491,850.543791138162,688.035020402069,852.563163270763,600.992223246455,588.889287750954,962.857765090414,300,362.77799228933,456.206333775724,686.629525430525,1308.39190454607
