2132.30762619073,7046.75958975868,3602.01905142564,4165.95140932574,3921.0616735204,5590.97985024869,9500.18389753005,1415.11512068867,3709.26979232527,3533.10991440341,2631.77322811791,4338.1949546263,3968.16052943069,2415.06670399568,1826.72960849206,1608.79934697856,4367.01811059413,2454.62659075242,1913.63384103897,2117.68615778815,3349.8984873733,2776.37416339083,1818.41658879876,3218.37467870097,7773.91576946721,3829.57385801431,3558.28962445732,6543.73686430968,2525.55872850762,2146.58730810773
2092.72437396337,6673.82247979383,3379.73934614415,3862.33895212907,2754.74173974597,5190.58674894559,9197.87689457672,1362.51615709306,3351.29114389166,3315.11222879469,2465.88235483085,4055.18182853964,2844.3604999387,2091.56605984084,1740.02531379761,1529.08785949266,3839.2344003018,2200.90801879548,1424.16072213108,1954.60060990552,2968.90490140219,2684.57556650296,1548.16589436631,3031.77177041243,7376.10787578536,2659.09663119259,3074.11402293281,4682.34200408156,2084.66444465247,2027.26729824134
1904.26246606647,4337.16160561569,2479.11982697883,1759.4871098744,1764.84520414286,1873.65644284776,7957.05501128606,1154.26925855574,2149.87182237808,2366.29826688923,1732.94344635425,3183.88329747224,2400.30363383252,1709.27482632941,1411.68593516059,1257.13516324033,2095.49292122306,1556.77420285765,1107.01846963285,1503.23582589116,1943.09263093875,2322.06080180448,1323.45215286517,2202.70093500099,5311.83088748061,1279.61217876055,1688.55575016141,2194.10271332618,1425.55367747856,1531.17022742841
1750.34157277577,2385.204654962,1515.40056490684,1455.10584592243,1234.7124594349,1333.3802838828,6018.78829534276,1142.23246519681,2101.96953308635,1966.76576865238,1244.97621054634,1484.6603327146,2191.13935683122,1395.28168967542,1156.78792252474,1093.32808745634,1710.91627309845,1510.64019162998,1051.09334950811,730.516737632696,1639.31646120518,1720.24172501559,1258.33474382506,1510.96708285322,2101.75898980336,1093.69295273768,1628.98640775714,2126.08279004438,1242.85376889024,919.541451742135
1473.58909312512,2340.44847982746,1488.83218129578,1407.1306196044,872.3962940222,1045.85078312802,3389.17034040318,1140.25987911171,1906.18288163028,1479.8005353295,1233.79912507921,1161.02482982786,1708.54686377958,1064.5169233386,1035.53108826845,982.438296219107,1595.45137707646,1450.66307969394,983.592612718531,647.028750081839,1330.07744314791,1409.77084798318,980.358118936311,1270.11997516639,1106.88461106104,820.075245507264,1558.29262814089,1804.11858594701,1022.53293735082,703.598366095718
1238.39448663303,2340.36521942523,1488.66131849945,1280.86180844568,470.189588414291,917.648319653015,2455.51887975196,1140.17746243205,1782.75675680721,1223.89391537608,1144.33023485936,1017.12244031822,1622.22367336293,883.948006900589,975.354843084697,896.775943370924,1182.72827058814,1281.57660619232,958.106285414608,606.476504035131,1318.46693327179,1256.07662591219,977.266267356511,970.60257824896,602.322805764642,610.932829352942,1440.52361762954,751.655712449251,777.879953792217,610.696673574292
1082.08699046921,2328.20852482627,1210.63514150291,1220.77808047079,444.784423153019,898.06752143998,2123.95996298071,1064.45674384649,1782.75675680721,1129.27466196326,1073.5288945037,964.558105557095,1448.74348255428,701.389570558856,950.517946589832,764.049263106851,1077.92859208429,1088.1274944987,931.551291580216,604.725523461646,1318.20647966514,1144.46848661239,976.559186671833,762.436082215525,408.799445100649,491.027480015386,1183.40770954398,675.335906516164,603.90312407348,583.501487227586
853.15657091467,1929.4060111152,1208.84485502093,1079.63519416941,442.753506628935,896.879743542248,1699.09191608753,1038.38756066809,1420.6742408082,1117.88104660291,1073.13581258885,500.433918347807,1255.02955021757,690.672999750951,896.377725890342,755.89504696307,994.415098444916,1054.81877480589,848.525630675304,590.64607143349,1316.70820792161,1144.05952426515,974.477537658807,519.908680923708,382.58573518323,401.641816831242,849.166791527792,618.329802826943,477.259594976489,575.112917888379
851.821451333716,1668.27836916008,1208.60239106478,1001.87292424226,440.251102677428,896.877917067854,1699.06941298191,1038.38688361359,1408.19673938761,935.390882515956,1073.12600430798,500.000000027233,1251.26557810356,676.800345098481,886.851613739535,741.423111275065,992.218777683187,1024.03266493248,839.994762198462,590.6457183773,1253.87048922945,1142.84358739894,974.474449246262,424.137373683921,374.549739702477,389.38615064972,618.860875553291,618.155284788198,399.996486580257,514.394853750664
851.821386723666,1668.27106326287,1208.60239106449,1001.87075702052,425.991594511956,896.877917067846,1677.40880296656,1038.38485518424,1408.1555653303,888.312424267766,1073.1260043006,500.000000000002,1251.26552888008,676.788686310879,886.845533793161,741.36754108135,850.97938656105,1011.10405614409,829.889682236301,590.645718341793,1156.65715071792,1071.64947629929,974.474449246041,420.818410658535,373.230475888559,386.853297334919,603.61989930283,616.525370428433,371.456315153972,497.57733050589
851.821386723666,1668.27106326182,1208.60239106449,988.151678982646,419.066823759887,896.877917067846,1677.40238913223,1038.38485518424,1408.15556532995,887.140508382136,1073.1260043006,500.000000000002,1251.26552888008,674.796877095221,886.845533793161,741.36754108135,850.979386086812,1006.48687585604,829.889655542861,590.645718341793,1154.82275820524,1071.64947629929,974.474449246041,409.769949330107,373.138128803696,386.818785717964,497.81658231028,616.525365470886,371.364914991225,492.113560019462
851.821386723666,1668.27106326182,1208.60239106449,986.982196545552,419.066280334117,896.877917067846,1677.40238913223,1038.38485518424,1408.15556532995,887.140508382136,1073.1260043006,500.000000000002,1251.26552888008,674.794578556963,886.845533793161,741.36754108135,850.979386086812,1005.33319296898,829.889655542861,590.645718341793,1154.82275820524,1071.64947629929,974.474449246041,405.986378437683,373.138111260614,386.818785593513,497.240224703091,616.525365470886,371.364914989098,491.02914166136
851.821386723666,1668.27106326182,1208.60239106449,986.982196532043,419.066280334117,896.877917067846,1677.40238913223,1038.38485518424,1408.15556532995,887.140508382136,1073.1260043006,500.000000000002,1251.26552888008,674.794578556963,886.845533793161,741.36754108135,850.979386086812,1005.3331929269,829.889655542861,590.645718341793,1154.82275820524,1071.64947629929,974.474449246041,405.960815013371,373.138111260614,386.818785593513,497.240224703091,616.525365470886,371.364914989098,491.02914166136
851.821386723666,1668.27106326182,1208.60239106449,986.982196532043,419.066280334117,896.877917067846,1677.40238913223,1038.38485518424,1408.15556532995,887.140508382136,1073.1260043006,500.000000000002,1251.26552888008,674.794578556963,886.845533793161,741.36754108135,850.979386086812,1005.3331929269,829.889655542861,590.645718341793,1154.82275820524,1071.64947629929,974.474449246041,405.960815013371,373.138111260614,386.818785593513,497.240224703091,616.525365470886,371.364914989098,491.02914166136
851.821386723666,1668.27106326182,1208.60239106449,986.982196532043,419.066280334117,896.877917067846,1677.40238913223,1038.38485518424,1408.15556532995,887.140508382136,1073.1260043006,500.000000000002,1251.26552888008,674.794578556963,886.845533793161,741.36754108135,850.979386086812,1005.3331929269,829.889655542861,590.645718341793,1154.82275820524,1071.64947629929,974.474449246041,405.960815013371,373.138111260614,386.818785593513,497.240224703091,616.525365470886,371.364914989098,491.02914166136
851.821386723666,1668.27106326182,1208.60239106449,986.982196532043,419.066280334117,896.877917067846,1677.40238913223,1038.38485518424,1408.15556532995,887.140508382136,1073.1260043006,500.000000000002,1251.26552888008,674.794578556963,886.845533793161,741.36754108135,850.979386086812,1005.3331929269,829.889655542861,590.645718341793,1154.82275820524,1071.64947629929,974.474449246041,405.960815013371,373.138111260614,386.818785593513,497.240224703091,616.525365470886,371.364914989098,491.02914166136
