2096462.17303716,27216897.2958666,1595.03634426612,9668656.49764239,116050.949135535,57458.1567853185,2280495.96952349,119980.030354516,478797.041300462,6157.40130619667,2220.45074199802,30895412.5708098,958303.334276933,76041.5185458391,12596.6695388452,638751.338472257,234392.181172294,630800.655638955,10847369.580584,316859.561929676,4116.30162485608,291404.562254016,5257.68258432975,1908269.22838133,16302912.0871846,1874057.58586055,36759121.4799554,1092.54173783048,947176.735498382,809829.43598191
534395.981754636,14962401.421189,1136.15823954664,5652431.68007277,53306.4833742196,26110.8727739879,832192.607084957,82136.5983588865,197338.016710328,1727.75995354281,1295.71527732409,9508790.26850272,62868.4500532752,13090.8580626374,8456.39200379537,297726.86147861,50579.7758077964,437955.531468542,8467307.85879578,193922.302050305,2971.42635843269,26582.5188188639,1939.64053696437,1198413.16621345,13485102.6847771,360976.349514915,19767072.0013572,1001.9722779776,293476.711720682,380485.163607622
178167.202273397,258627.123087952,883.871568099444,1101192.83254545,13651.2529560547,7350.49570425349,10479.0297928438,46470.0301253302,3633.73275415106,662.208959643764,1069.56428499252,982.446678107498,643.531630317478,2720.11403806426,2862.43971333182,3663.93256413635,807.771456790723,41980.5289311946,315931.9364485,7195.07875528006,1677.81416960665,1066.77101232458,551.181701933127,262552.32769673,1355224.53563839,13865.1654507747,1034.86680769267,946.654359353055,1036.52824546662,1506.00625781861
42867.3410038182,709.066503937459,692.955940267118,440171.052344246,1305.9721746181,781.722883170383,5216.04411766161,11908.7471142106,1032.59767743349,612.691571890331,823.239178174347,872.227451142111,578.295325802859,964.307194029909,1709.24512661672,1506.24374274871,633.543009706148,1012.14140954596,1929.1534314008,431.564330564613,1347.36794460353,926.949650095096,534.913423297172,1318.88796735988,250410.835698188,1155.30274073853,697.537706593454,939.094692468385,531.303746719958,1033.65029874458
1535.75052628301,684.276083373064,519.347948932394,41485.1351762844,864.779542687671,727.153140627053,2752.75364775488,2492.00918458193,933.868258449413,607.719565338945,806.731891449186,860.321991346121,572.636105007462,820.424307198913,1490.7108698227,991.698755400447,626.166609581862,838.486159098378,1575.20883763828,329.36244417872,1286.77548116007,923.692580767622,528.151687133136,1258.82512741468,250410.835698188,1058.568353426,646.546537065529,938.927477817181,494.886268488036,1006.81823455887
1494.1424851212,684.276083373064,516.773211302164,1166.12904234079,847.550102790042,725.4488401479,1553.55610952007,1596.49327177605,932.477819711891,605.565731617057,806.536688994269,859.740512557757,572.217878326098,816.78938806214,1487.42002262219,988.111430834627,626.055259800344,838.155292574874,1564.19827562168,327.965821076998,1284.94746276227,923.662116566991,510.014547427012,1245.98677429133,250410.835698188,934.194790746933,627.393967667169,938.925438070693,494.163646846409,1004.93337361053
1343.29213623295,684.276083373064,514.85969863804,965.357590124048,847.536946040128,725.444830346273,1420.42717651697,1396.51213854715,932.470746124189,585.762316692887,806.535707231918,859.721422143004,572.217808950676,816.78938806214,1487.41683098687,967.748137069916,625.481179474292,838.155292574874,1564.19338501637,327.965821076998,1284.94746276227,923.662110226589,501.701011479031,1233.34585493479,1124.21996205661,903.948570258269,514.445124010253,938.925438070693,493.871070832749,1004.93337361053
1343.25683404132,684.276083373064,513.591314792525,965.357590124048,847.536945875286,725.440655403952,1383.08495786934,1396.50944779592,932.470746124189,585.762316692887,804.772290531314,859.721422143004,572.217808950676,816.78938806214,1487.41683096085,967.626306113242,625.481179474292,838.155292574874,1564.19338501637,327.965821076998,1284.94746276227,923.662110226589,501.701001090663,1233.34511004771,1124.21996205661,903.474385314522,514.235356800842,938.925438070693,493.462315549202,1004.93337361053
1343.25683404132,682.041419213549,513.591314792525,965.357590124048,847.536945875286,721.501410830538,1383.08495786934,1396.50944779592,932.470746124189,585.762316692887,804.772287217763,859.721422143004,572.217808950676,816.78938806214,1487.41683096085,967.626306113242,625.481179474292,828.258722161369,1564.19338501637,327.965821076998,1284.94746276227,923.662110226589,501.701001090663,1233.34511004771,1124.21996205661,903.474381426872,510.226714078288,938.925438070693,493.10633914834,1004.93337361053
1343.25683404132,682.041419213549,513.591314792525,965.357590124048,847.536945875286,721.501410830538,1383.08495786934,1396.50944779592,932.470746124189,585.762316692887,804.772287217763,859.721422143004,572.217808950676,816.78938806214,1487.41683096085,967.626306113242,625.481179474292,828.258722161369,1564.19338501637,327.965821076998,1284.94746276227,923.662110226589,501.701001090663,1233.34511004771,1124.21996205661,903.474381426872,482.133492009767,938.925438070693,493.082483696245,1004.93337361053
1343.25683404132,682.041419213549,513.591314792525,965.357590124048,847.536945875286,721.501410830538,1383.08495786934,1396.50944779592,932.470746124189,585.762316692887,804.772287217763,859.721422143004,572.217808950676,816.78938806214,1487.41683096085,967.626306113242,625.481179474292,828.258722161369,1564.19338501637,327.965821076998,1284.94746276227,923.662110226589,501.701001090663,1233.34511004771,1124.21996205661,903.474381426872,482.133492009767,938.925438070693,493.082483696237,1004.93337361053
1343.25683404132,682.041419213549,513.591314792525,965.357590124048,847.536945875286,721.501410830538,1383.08495786934,1396.50944779592,932.470746124189,585.762316692887,804.772287217763,859.721422143004,572.217808950676,816.78938806214,1487.41683096085,967.626306113242,625.481179474292,828.258722161369,1564.19338501637,327.965821076998,1284.94746276227,923.662110226589,501.701001090663,1233.34511004771,1124.21996205661,903.474381426872,482.133492009767,938.925438070693,493.082483696237,1004.93337361053
1343.25683404132,682.041419213549,513.591314792525,965.357590124048,847.536945875286,721.501410830538,1383.08495786934,1396.50944779592,932.470746124189,585.762316692887,804.772287217763,859.721422143004,572.217808950676,816.78938806214,1487.41683096085,967.626306113242,625.481179474292,828.258722161369,1564.19338501637,327.965821076998,1284.94746276227,923.662110226589,501.701001090663,1233.34511004771,1124.21996205661,903.474381426872,482.133492009767,938.925438070693,493.082483696237,1004.93337361053
1343.25683404132,682.041419213549,513.591314792525,965.357590124048,847.536945875286,721.501410830538,1383.08495786934,1396.50944779592,932.470746124189,585.762316692887,804.772287217763,859.721422143004,572.217808950676,816.78938806214,1487.41683096085,967.626306113242,625.481179474292,828.258722161369,1564.19338501637,327.965821076998,1284.94746276227,923.662110226589,501.701001090663,1233.34511004771,1124.21996205661,903.474381426872,482.133492009767,938.925438070693,493.082483696237,1004.93337361053
1343.25683404132,682.041419213549,513.591314792525,965.357590124048,847.536945875286,721.501410830538,1383.08495786934,1396.50944779592,932.470746124189,585.762316692887,804.772287217763,859.721422143004,572.217808950676,816.78938806214,1487.41683096085,967.626306113242,625.481179474292,828.258722161369,1564.19338501637,327.965821076998,1284.94746276227,923.662110226589,501.701001090663,1233.34511004771,1124.21996205661,903.474381426872,482.133492009767,938.925438070693,493.082483696237,1004.93337361053
1343.25683404132,682.041419213549,513.591314792525,965.357590124048,847.536945875286,721.501410830538,1383.08495786934,1396.50944779592,932.470746124189,585.762316692887,804.772287217763,859.721422143004,572.217808950676,816.78938806214,1487.41683096085,967.626306113242,625.481179474292,828.258722161369,1564.19338501637,327.965821076998,1284.94746276227,923.662110226589,501.701001090663,1233.34511004771,1124.21996205661,903.474381426872,482.133492009767,938.925438070693,493.082483696237,1004.93337361053
