1494.1424851212,684.276083373064,516.773211302164,1166.12904234079,847.550102790042,725.4488401479,1553.55610952007,1596.49327177605,932.477819711891,605.565731617057,806.536688994269,859.740512557757,572.217878326098,816.78938806214,1487.42002262219,988.111430834627,626.055259800344,838.155292574874,1564.19827562168,327.965821076998,1284.94746276227,923.662116566991,510.014547427012,1245.98677429133,250410.835698188,934.194790746933,627.393967667169,938.925438070693,494.163646846409,1004.93337361053
1343.25685455204,684.276083373064,513.591355422851,965.357590124048,847.53694587555,725.444830346273,1385.75221916509,1396.50944779592,932.470746124189,585.762316692887,806.532430993797,859.721422143004,572.217808950676,816.78938806214,1487.41683096085,967.626309771887,625.481179474292,838.155292574874,1564.19338501637,327.965821076998,1284.94746276227,923.662110226589,501.701001090663,1233.34511004771,1124.21996205661,903.943053208597,514.445037474872,938.925438070693,493.651038744482,1004.93337361053
1343.25683404132,682.041420085981,513.591314792525,965.357590124048,847.536945875286,721.501410945132,1383.08495786934,1396.50944779592,932.470746124189,585.762316692887,804.772290531314,859.721422143004,572.217808950676,816.78938806214,1487.41683096085,967.626306113242,625.481179474292,838.131099391811,1564.19338501637,327.965821076998,1284.94746276227,923.662110226589,501.701001090663,1233.34511004771,1124.21996205661,903.474381426872,512.670468311187,938.925438070693,493.356970591682,1004.93337361053
1343.25683404132,682.041419213549,513.591314792525,965.357590124048,847.536945875286,721.501410830538,1383.08495786934,1396.50944779592,932.470746124189,585.762316692887,804.772287217763,859.721422143004,572.217808950676,816.78938806214,1487.41683096085,967.626306113242,625.481179474292,828.258722161369,1564.19338501637,327.965821076998,1284.94746276227,923.662110226589,501.701001090663,1233.34511004771,1124.21996205661,903.474381426872,482.133492009938,938.925438070693,493.082577940191,1004.93337361053
1343.25683404132,682.041419213549,513.591314792525,965.357590124048,847.536945875286,721.501410830538,1383.08495786934,1396.50944779592,932.470746124189,585.762316692887,804.772287217763,859.721422143004,572.217808950676,816.78938806214,1487.41683096085,967.626306113242,625.481179474292,828.258722161369,1564.19338501637,327.965821076998,1284.94746276227,923.662110226589,501.701001090663,1233.34511004771,1124.21996205661,903.474381426872,482.133492009767,938.925438070693,493.082483696237,1004.93337361053
1343.25683404132,682.041419213549,513.591314792525,965.357590124048,847.536945875286,721.501410830538,1383.08495786934,1396.50944779592,932.470746124189,585.762316692887,804.772287217763,859.721422143004,572.217808950676,816.78938806214,1487.41683096085,967.626306113242,625.481179474292,828.258722161369,1564.19338501637,327.965821076998,1284.94746276227,923.662110226589,501.701001090663,1233.34511004771,1124.21996205661,903.474381426872,482.133492009767,938.925438070693,493.082483696237,1004.93337361053
1343.25683404132,682.041419213549,513.591314792525,965.357590124048,847.536945875286,721.501410830538,1383.08495786934,1396.50944779592,932.470746124189,585.762316692887,804.772287217763,859.721422143004,572.217808950676,816.78938806214,1487.41683096085,967.626306113242,625.481179474292,828.258722161369,1564.19338501637,327.965821076998,1284.94746276227,923.662110226589,501.701001090663,1233.34511004771,1124.21996205661,903.474381426872,482.133492009767,938.925438070693,493.082483696237,1004.93337361053
1343.25683404132,682.041419213549,513.591314792525,965.357590124048,847.536945875286,721.501410830538,1383.08495786934,1396.50944779592,932.470746124189,585.762316692887,804.772287217763,859.721422143004,572.217808950676,816.78938806214,1487.41683096085,967.626306113242,625.481179474292,828.258722161369,1564.19338501637,327.965821076998,1284.94746276227,923.662110226589,501.701001090663,1233.34511004771,1124.21996205661,903.474381426872,482.133492009767,938.925438070693,493.082483696237,1004.93337361053
1343.25683404132,682.041419213549,513.591314792525,965.357590124048,847.536945875286,721.501410830538,1383.08495786934,1396.50944779592,932.470746124189,585.762316692887,804.772287217763,859.721422143004,572.217808950676,816.78938806214,1487.41683096085,967.626306113242,625.481179474292,828.258722161369,1564.19338501637,327.965821076998,1284.94746276227,923.662110226589,501.701001090663,1233.34511004771,1124.21996205661,903.474381426872,482.133492009767,938.925438070693,493.082483696237,1004.93337361053
1343.25683404132,682.041419213549,513.591314792525,965.357590124048,847.536945875286,721.501410830538,1383.08495786934,1396.50944779592,932.470746124189,585.762316692887,804.772287217763,859.721422143004,572.217808950676,816.78938806214,1487.41683096085,967.626306113242,625.481179474292,828.258722161369,1564.19338501637,327.965821076998,1284.94746276227,923.662110226589,501.701001090663,1233.34511004771,1124.21996205661,903.474381426872,482.133492009767,938.925438070693,493.082483696237,1004.93337361053
1343.25683404132,682.041419213549,513.591314792525,965.357590124048,847.536945875286,721.501410830538,1383.08495786934,1396.50944779592,932.470746124189,585.762316692887,804.772287217763,859.721422143004,572.217808950676,816.78938806214,1487.41683096085,967.626306113242,625.481179474292,828.258722161369,1564.19338501637,327.965821076998,1284.94746276227,923.662110226589,501.701001090663,1233.34511004771,1124.21996205661,903.474381426872,482.133492009767,938.925438070693,493.082483696237,1004.93337361053
1343.25683404132,682.041419213549,513.591314792525,965.357590124048,847.536945875286,721.501410830538,1383.08495786934,1396.50944779592,932.470746124189,585.762316692887,804.772287217763,859.721422143004,572.217808950676,816.78938806214,1487.41683096085,967.626306113242,625.481179474292,828.258722161369,1564.19338501637,327.965821076998,1284.94746276227,923.662110226589,501.701001090663,1233.34511004771,1124.21996205661,903.474381426872,482.133492009767,938.925438070693,493.082483696237,1004.93337361053
1343.25683404132,682.041419213549,513.591314792525,965.357590124048,847.536945875286,721.501410830538,1383.08495786934,1396.50944779592,932.470746124189,585.762316692887,804.772287217763,859.721422143004,572.217808950676,816.78938806214,1487.41683096085,967.626306113242,625.481179474292,828.258722161369,1564.19338501637,327.965821076998,1284.94746276227,923.662110226589,501.701001090663,1233.34511004771,1124.21996205661,903.474381426872,482.133492009767,938.925438070693,493.082483696237,1004.93337361053
1343.25683404132,682.041419213549,513.591314792525,965.357590124048,847.536945875286,721.501410830538,1383.08495786934,1396.50944779592,932.470746124189,585.762316692887,804.772287217763,859.721422143004,572.217808950676,816.78938806214,1487.41683096085,967.626306113242,625.481179474292,828.258722161369,1564.19338501637,327.965821076998,1284.94746276227,923.662110226589,501.701001090663,1233.34511004771,1124.21996205661,903.474381426872,482.133492009767,938.925438070693,493.082483696237,1004.93337361053
