53516.9005639908,21410.1947014963,50426.6494893728,42305.3396793326,107717.245362323,52977.121600312,59339.3577238341,89776.9901793034,28477.7932631764,50772.5946285003,37357.240140449,25770.8159613009,61853300354.2291,41613.0670257171,17062.7444828966,64471.0744147616,258857537509.941,67702.0172031416,48279.3551816286,41426.2657314605,55322.5165696535,27767.0277207108,27241.9833683005,33983.1938688191,68100.3764637989,78204.2594951909,60817.9398712934,33095.0324989461,62584.0145075665,53259.2408696403
45436.3051360845,18113.4991849729,44349.4694598725,27398.0032547907,100540.569864355,31973.4767731696,47810.4451501329,69426.9076748481,27784.4215658823,38034.8090526502,30445.9167206262,22822.2310136844,74799.7196497799,36350.8980466675,14681.4226841934,61855.8576920784,78873.5366168122,55972.3282233895,34532.3122684252,22256.1199445104,36672.1267732238,19737.5489984667,22580.0144954141,32649.5534261824,52381.1887572096,43694.3249531996,56230.8713565575,31095.3604385057,39215.9140470569,43476.0323542145
41918.3549615423,17068.6180061892,42206.942761866,26903.3670154923,96733.4782420925,31867.1772992068,41288.7649660849,68172.7209191148,27248.2672642928,32385.2464378962,26372.3892805859,20671.3249342161,74799.0587677136,34191.6123149507,14248.5667146277,60343.398483111,78366.6293380058,50894.1800375689,34070.1394555014,22019.4509811382,36667.0467839649,19691.4780833481,22523.5394101269,32132.510834775,52355.4518982543,43540.40763916,53307.8030369558,31091.792948203,33896.6684657153,43383.3584585414
40857.4675040942,16938.768541471,41242.7720274193,12763.3367667669,90721.0645960607,29439.3546596371,38863.367537973,68159.6797748419,26883.1546915561,26927.746416243,24937.9056790417,18971.4701437757,73199.6356532631,33727.2344454414,14243.8393857473,58132.7848368949,58623.3710387123,49846.7287617605,13141.9727254023,21522.2882560815,35606.0667089102,18916.4571791148,20346.9795563894,32017.9479536943,36081.9356177067,41692.9872404448,50849.1198835748,31091.7589217557,33808.7713752917,36801.1571974729
40834.9897096314,16928.3519544395,41075.2971990675,11849.8779667638,88267.2682442934,28466.5080574786,38708.4377738362,66205.0342808554,26834.5371586432,26815.1072456394,24550.5643751489,18555.5218653557,69452.1559191938,33706.0064186687,14243.8391863096,57269.7731648609,46766.8922853503,49816.6051252373,13026.8596260514,21521.3264197255,31143.991097392,18784.7509505887,19628.310659358,32000.6685397732,36013.7478539826,41093.6435733959,50540.1865159279,31091.7589195358,33808.7713705468,29862.8976183959
40834.9396382409,16928.3201707077,41073.720815141,11849.8779667638,88138.8723507715,28461.9588564201,38707.293034646,66205.0342776556,26833.7504904762,26815.1072456351,24548.5370380586,18534.7403132052,69423.6224220783,33705.9710973053,14243.8391863096,57208.9351165829,46765.9658612818,49816.6051024091,13026.8596259988,21521.3264197038,31143.991097392,18784.6429009229,19627.4406082701,32000.646215218,36013.7478539826,41089.7065423025,50540.1824992645,31091.7589195358,33808.7713705468,29824.0294935419
40834.939638195,16928.3201704449,41073.7203751561,11849.8779667638,88138.4561917551,28461.9588546021,38707.2926032345,66205.0342776556,26833.7504422918,26815.1072456351,24548.537027315,18534.669951086,69423.6220831667,33705.9710971578,14243.8391863096,57208.8143437432,46765.9658612818,49816.6051024091,13026.8596259988,21521.3264197038,31143.991097392,18784.6429008339,19627.4406082414,32000.6462151651,36013.7478539826,41089.705785173,50540.1824992645,31091.7589195358,33808.7713705468,29824.0294704587
40834.939638195,16928.3201704449,41073.7203751247,11849.8779667638,88138.4550474455,28461.9588546021,38707.292603029,66205.0342776556,26833.750442286,26815.1072456351,24548.537027315,18534.6697478937,69423.6220831659,33705.9710971578,14243.8391863096,57208.814054608,46765.9658612818,49816.6051024091,13026.8596259988,21521.3264197038,31143.991097392,18784.6429008339,19627.4406082414,32000.6462151651,36013.7478539826,41089.7057850439,50540.1824992645,31091.7589195358,33808.7713705468,29824.0294704587
40834.939638195,16928.3201704449,41073.7203751247,11849.8779667638,88138.4550439661,28461.9588546021,38707.292603029,66205.0342776556,26833.750442286,26815.1072456351,24548.537027315,18534.6697473489,69423.6220831659,33705.9710971578,14243.8391863096,57208.8140541961,46765.9658612818,49816.6051024091,13026.8596259988,21521.3264197038,31143.991097392,18784.6429008339,19627.4406082414,32000.6462151651,36013.7478539826,41089.7057850439,50540.1824992645,31091.7589195358,33808.7713705468,29824.0294704587
40834.939638195,16928.3201704449,41073.7203751247,11849.8779667638,88138.4550439572,28461.9588546021,38707.292603029,66205.0342776556,26833.750442286,26815.1072456351,24548.537027315,18534.6697473489,69423.6220831659,33705.9710971578,14243.8391863096,57208.8140541961,46765.9658612818,49816.6051024091,13026.8596259988,21521.3264197038,31143.991097392,18784.6429008339,19627.4406082414,32000.6462151651,36013.7478539826,41089.7057850439,50540.1824992645,31091.7589195358,33808.7713705468,29824.0294704587
40834.939638195,16928.3201704449,41073.7203751247,11849.8779667638,88138.4550439572,28461.9588546021,38707.292603029,66205.0342776556,26833.750442286,26815.1072456351,24548.537027315,18534.6697473489,69423.6220831659,33705.9710971578,14243.8391863096,57208.8140541961,46765.9658612818,49816.6051024091,13026.8596259988,21521.3264197038,31143.991097392,18784.6429008339,19627.4406082414,32000.6462151651,36013.7478539826,41089.7057850439,50540.1824992645,31091.7589195358,33808.7713705468,29824.0294704587
40834.939638195,16928.3201704449,41073.7203751247,11849.8779667638,88138.4550439572,28461.9588546021,38707.292603029,66205.0342776556,26833.750442286,26815.1072456351,24548.537027315,18534.6697473489,69423.6220831659,33705.9710971578,14243.8391863096,57208.8140541961,46765.9658612818,49816.6051024091,13026.8596259988,21521.3264197038,31143.991097392,18784.6429008339,19627.4406082414,32000.6462151651,36013.7478539826,41089.7057850439,50540.1824992645,31091.7589195358,33808.7713705468,29824.0294704587
40834.939638195,16928.3201704449,41073.7203751247,11849.8779667638,88138.4550439572,28461.9588546021,38707.292603029,66205.0342776556,26833.750442286,26815.1072456351,24548.537027315,18534.6697473489,69423.6220831659,33705.9710971578,14243.8391863096,57208.8140541961,46765.9658612818,49816.6051024091,13026.8596259988,21521.3264197038,31143.991097392,18784.6429008339,19627.4406082414,32000.6462151651,36013.7478539826,41089.7057850439,50540.1824992645,31091.7589195358,33808.7713705468,29824.0294704587
40834.939638195,16928.3201704449,41073.7203751247,11849.8779667638,88138.4550439572,28461.9588546021,38707.292603029,66205.0342776556,26833.750442286,26815.1072456351,24548.537027315,18534.6697473489,69423.6220831659,33705.9710971578,14243.8391863096,57208.8140541961,46765.9658612818,49816.6051024091,13026.8596259988,21521.3264197038,31143.991097392,18784.6429008339,19627.4406082414,32000.6462151651,36013.7478539826,41089.7057850439,50540.1824992645,31091.7589195358,33808.7713705468,29824.0294704587
