12902360.3599305,7476603.14433196,57372782.5115118,77835109.3336402,14294801.7142839,14532922.4920582,192423024.346124,1255011298.84105,772912392.465685,123981676.67455,13953935.9281249,42122021.9537522,349760687.723921,113849300.703322,814055103.593507,673727.027533621,1832625.42632164,11990841.5398975,560320198.624312,256465287.47027,1152034.89585481,21004289.8109914,282815899.199029,79188503.9026249,111868201.174205,13770231.8483074,5739503.8479883,107556500.25737,283502397.773797,564003560.945286
3845148.47969911,6414095.21424633,28804261.0281354,52296665.218533,12705086.1678104,11816789.4316558,140733625.802056,921112423.985688,186682944.188618,47012542.2786198,11687974.6036402,27506317.7169673,200558571.245548,104374252.655564,467692154.503827,648089.677524591,93816.1362495081,2309286.20349816,308009183.923177,252389571.061169,942831.772594415,18061216.9643025,218051448.675797,46463331.4817709,75994433.3906479,9321490.44263733,4777302.46000049,79580436.6643246,158147970.954598,194745421.750778
1630148.05337485,5908041.12316155,28742883.8453082,36622981.8842514,12090512.9288328,11556828.1949457,140668451.627114,832642895.949664,186645474.651512,47010548.692837,11515415.7739572,27405378.5111487,162739494.347402,23590512.8188587,454917107.69557,642713.577591337,93419.0588890018,1728393.55159277,38423738.8051049,59128196.8969005,941862.089874687,15627450.4166834,217803835.821054,43472607.7142417,75918630.5124676,9310189.87305496,4229041.54859339,79236286.4858988,64847465.3194741,194350073.919363
785462.821208537,5120525.45394268,28741992.2249469,26211099.7589321,10907761.18108,11554413.4319559,140668448.477094,91622406.569843,156543113.474337,29212632.8268527,11504739.8434562,6311260.55555855,137729406.171329,29864.2654991818,191194587.517383,640324.725758351,93270.7629548992,1322282.70052895,38423738.3935459,59017741.4225485,941862.006427689,12468218.7087788,217803550.180431,42463606.339756,75822596.0397645,9228061.22896153,3427067.39053337,79180713.802347,64686328.2326662,194349721.209709
460176.467102387,5056469.15517709,28741992.2248684,20099917.5715005,7264737.02831252,11554413.4319559,140668448.477094,91622405.0523136,66062018.6831116,29212488.8545009,11504721.935314,6260448.57645731,137213229.948514,26165.1134639933,166069606.618938,640099.338104433,92557.9213647781,1318743.70059468,38423738.3935459,59017739.8465544,941862.006427689,11092983.0238035,217803550.180429,42445898.4690835,75821479.7158446,9228029.76019017,2750327.20103033,64359708.8961057,61445230.6423127,194349721.209709
324499.180618301,5056469.15517709,28741992.2248684,14827679.8248972,4571104.43753863,11554413.4319559,140668448.477094,91622405.0523136,66062018.6831116,29212488.8545009,11504721.935314,6260448.57645731,137213229.948514,26165.1134639933,166069606.618938,640099.338104433,92557.9213631797,1318743.70059468,38423738.3935459,59017739.8465544,941862.006427689,11092976.54216,217803550.180429,42445740.2211459,75821479.7158446,9228029.76019017,2750295.28536983,64359708.8961057,61445230.6423127,194349721.209709
324499.180618301,5056469.15517709,28741992.2248684,14827671.3893197,4571104.43753863,11554413.4319559,140668448.477094,91622405.0523136,66062018.6831116,29212488.8545009,11504721.935314,6260448.57645731,137213229.948514,26165.1134639933,166069606.618938,640099.338104433,92557.9213631797,1318743.70059468,38423738.3935459,59017739.8465544,941862.006427689,11092976.54216,217803550.180429,42445740.2211459,75821479.7158446,9228029.76019017,2750295.28536983,64359708.8961057,61445230.6423127,194349721.209709
324499.180618301,5056469.15517709,28741992.2248684,14827671.3893197,4571104.43753863,11554413.4319559,140668448.477094,91622405.0523136,66062018.6831116,29212488.8545009,11504721.935314,6260448.57645731,137213229.948514,26165.1134639933,166069606.618938,640099.338104433,92557.9213631797,1318743.70059468,38423738.3935459,59017739.8465544,941862.006427689,11092976.54216,217803550.180429,42445740.2211459,75821479.7158446,9228029.76019017,2750295.28536983,64359708.8961057,61445230.6423127,194349721.209709
324499.180618301,5056469.15517709,28741992.2248684,14827671.3893197,4571104.43753863,11554413.4319559,140668448.477094,91622405.0523136,66062018.6831116,29212488.8545009,11504721.935314,6260448.57645731,137213229.948514,26165.1134639933,166069606.618938,640099.338104433,92557.9213631797,1318743.70059468,38423738.3935459,59017739.8465544,941862.006427689,11092976.54216,217803550.180429,42445740.2211459,75821479.7158446,9228029.76019017,2750295.28536983,64359708.8961057,61445230.6423127,194349721.209709
324499.180618301,5056469.15517709,28741992.2248684,14827671.3893197,4571104.43753863,11554413.4319559,140668448.477094,91622405.0523136,66062018.6831116,29212488.8545009,11504721.935314,6260448.57645731,137213229.948514,26165.1134639933,166069606.618938,640099.338104433,92557.9213631797,1318743.70059468,38423738.3935459,59017739.8465544,941862.006427689,11092976.54216,217803550.180429,42445740.2211459,75821479.7158446,9228029.76019017,2750295.28536983,64359708.8961057,61445230.6423127,194349721.209709
324499.180618301,5056469.15517709,28741992.2248684,14827671.3893197,4571104.43753863,11554413.4319559,140668448.477094,91622405.0523136,66062018.6831116,29212488.8545009,11504721.935314,6260448.57645731,137213229.948514,26165.1134639933,166069606.618938,640099.338104433,92557.9213631797,1318743.70059468,38423738.3935459,59017739.8465544,941862.006427689,11092976.54216,217803550.180429,42445740.2211459,75821479.7158446,9228029.76019017,2750295.28536983,64359708.8961057,61445230.6423127,194349721.209709
324499.180618301,5056469.15517709,28741992.2248684,14827671.3893197,4571104.43753863,11554413.4319559,140668448.477094,91622405.0523136,66062018.6831116,29212488.8545009,11504721.935314,6260448.57645731,137213229.948514,26165.1134639933,166069606.618938,640099.338104433,92557.9213631797,1318743.70059468,38423738.3935459,59017739.8465544,941862.006427689,11092976.54216,217803550.180429,42445740.2211459,75821479.7158446,9228029.76019017,2750295.28536983,64359708.8961057,61445230.6423127,194349721.209709
324499.180618301,5056469.15517709,28741992.2248684,14827671.3893197,4571104.43753863,11554413.4319559,140668448.477094,91622405.0523136,66062018.6831116,29212488.8545009,11504721.935314,6260448.57645731,137213229.948514,26165.1134639933,166069606.618938,640099.338104433,92557.9213631797,1318743.70059468,38423738.3935459,59017739.8465544,941862.006427689,11092976.54216,217803550.180429,42445740.2211459,75821479.7158446,9228029.76019017,2750295.28536983,64359708.8961057,61445230.6423127,194349721.209709
324499.180618301,5056469.15517709,28741992.2248684,14827671.3893197,4571104.43753863,11554413.4319559,140668448.477094,91622405.0523136,66062018.6831116,29212488.8545009,11504721.935314,6260448.57645731,137213229.948514,26165.1134639933,166069606.618938,640099.338104433,92557.9213631797,1318743.70059468,38423738.3935459,59017739.8465544,941862.006427689,11092976.54216,217803550.180429,42445740.2211459,75821479.7158446,9228029.76019017,2750295.28536983,64359708.8961057,61445230.6423127,194349721.209709
