5470656722.1559,11497004460.5605,2082731445.0972,7635965054.50093,2116771775.17745,3239351028.88569,1217617506.93122,6720266879.864,8446247550.47762,574815187.305206,9240345504.48805,2516360478.34399,18282708478.6947,10024593778.2206,6544529324.18495,3547735.72531608,2823163494.30006,6663416841.46504,12014843130.0081,3998053707.12363,1973833574.33178,3836352455.32717,791504375.125243,1550047258.77987,625070107.973577,28466890.9436962,102807803.098208,3948173994.45687,664199143.365602,2312762584.88979
3930955974.90547,8834885512.34748,845074189.215527,6417643173.4581,1154900027.49475,2440340125.74042,839658828.843121,5367141572.08027,7476876604.07064,178410473.229581,6300626598.8439,2069734434.27277,16166700566.4002,9254797263.14179,4481001817.09188,1729237.46150341,1461886062.60144,4359149719.78819,10872726123.036,3450774824.66826,628354858.598784,2341010473.4657,657771827.867683,1261867604.42777,387620834.956533,26287988.0625512,27875012.430223,3335811471.6624,611211361.976863,1643318467.42878
793628047.590923,949265957.996326,149816893.411852,2727117131.42142,194880192.33386,29759391.5122205,192620964.379764,1700688067.45627,2053873473.27001,178410473.229581,92775938.2730783,841164349.770399,672497725.49645,6392626207.69663,964894143.7311,939129.786598352,67679846.4446811,210751391.648033,6781063635.14144,478389464.636735,14580644.3813499,662840980.491556,572763275.505665,404394701.17647,172619944.342112,23764147.4987225,7171909.5457015,701155498.599447,477202890.968837,566664595.819787
172875976.782905,52087888.8647771,73403444.4757514,327861438.347106,144562965.363266,27914080.8494233,192620964.379764,1374152568.44391,1505480202.31597,164748053.540985,42409128.2334732,92692517.3444331,498888376.274414,113849300.703322,845435598.635261,753812.17782461,29098901.9698697,13621480.0700014,640369514.91029,441225515.394374,4998230.30287126,358768014.990397,464926828.922672,253319119.126856,131512556.915937,21657206.6800897,6607997.03906376,218611446.222228,303494436.082404,564831289.41555
13354793.3495604,11701007.6119923,57429872.0600095,249108006.473146,124393697.901338,19175887.4579741,192581873.335817,1304814709.27574,1434151521.6948,138104329.730807,15230392.7310336,92112018.4776228,352992442.217426,113849300.703322,833409554.947168,689492.849840261,20270785.6517652,13052801.5099143,560320198.624312,398711083.909513,2339190.7898165,31950216.6011335,285283138.664228,180694290.270714,113083471.542705,13842870.5411307,6291958.03368344,143447115.351004,284173909.053008,564117529.237151
12902360.3599305,7476603.14433196,57372782.5115118,77835109.3336402,14294801.7142839,14532922.4920582,192423024.346124,1255011298.84105,772912392.465685,123981676.67455,13953935.9281249,42122021.9537522,349760687.723921,113849300.703322,814055103.593507,673727.027533621,1832625.42632164,11990841.5398975,560320198.624312,256465287.47027,1152034.89585481,21004289.8109914,282815899.199029,79188503.9026249,111868201.174205,13770231.8483074,5739503.8479883,107556500.25737,283502397.773797,564003560.945286
7047218.95746792,6491720.21875096,39726408.7072013,68566657.4694642,13061818.2585194,13122850.113133,140733640.933436,921965300.191874,186693432.814384,47014088.5945616,12079773.2526952,27518169.2598122,284430154.044481,104718898.605534,520565891.332397,651908.759908029,93884.215490649,2600418.71968723,311297769.091683,253774362.642443,957526.133791551,18859420.124853,218052989.317152,48994855.2156297,76031642.1605803,9321490.44263733,5148028.90578032,80092480.6390773,159132625.494123,194895428.29202
2267433.05711685,6356984.90647457,28742907.511374,39323224.9271159,12354730.310186,11572487.7847008,140668453.458696,904885576.231058,186645477.095101,47010558.644911,11545893.0926665,27405379.6553026,162776399.311307,70666202.0539257,454945984.400283,643966.783988427,93545.701942353,1918019.60610981,39041060.9060822,65836772.9051754,941872.608747235,17053095.2065793,217805374.635698,46186938.0470431,75949323.9051312,9310261.51559218,4394263.43265619,79580348.7972537,64856840.0421971,194371708.963656
1042255.20555579,5623610.12572385,28741992.6845754,35953444.2443041,11524006.2918487,11554525.0258858,140668448.477095,153527179.391763,186645403.446541,45943070.5676103,11505046.6179176,6320985.88031243,137827200.58215,4058604.46213826,195449645.842545,640868.534824401,93404.7059638266,1419852.94276238,38423738.5134315,59116770.3412349,941862.006427785,13767078.4333473,217803550.243718,42568428.8120038,75918582.037151,9234110.01985784,3781056.69094012,79180757.327738,64847391.4981642,194349721.212067
670794.017110875,5057046.79207982,28741992.2248684,20376121.0974112,10083198.8433808,11554413.4319559,140668448.477094,91622405.0523136,66062112.6838344,29212551.2836026,11504721.935314,6260448.57645731,137213516.262301,26166.1358070021,166069606.623215,640110.895197092,92830.0845864853,1318755.85846592,38423738.3935459,59017740.2634322,941862.006427689,11514957.044649,217803550.180429,42446426.2689558,75821479.7158446,9228029.76019017,3066440.28146103,67431447.2112511,61530350.6708039,194349721.209709
460176.467102387,5056469.15517709,28741992.2248684,20099917.5715005,7264737.02831252,11554413.4319559,140668448.477094,91622405.0523136,66062018.6831116,29212488.8545009,11504721.935314,6260448.57645731,137213229.948514,26165.1134639933,166069606.618938,640099.338104433,92557.9213647781,1318743.70059468,38423738.3935459,59017739.8465544,941862.006427689,11092983.0238035,217803550.180429,42445898.4690835,75821479.7158446,9228029.76019017,2750327.20103033,64359708.8961057,61445230.6423127,194349721.209709
324499.180618303,5056469.15517709,28741992.2248684,16344590.0782946,4571104.43753863,11554413.4319559,140668448.477094,91622405.0523136,66062018.6831116,29212488.8545009,11504721.935314,6260448.57645731,137213229.948514,26165.1134639933,166069606.618938,640099.338104433,92557.9213631797,1318743.70059468,38423738.3935459,59017739.8465544,941862.006427689,11092976.54216,217803550.180429,42445740.2211459,75821479.7158446,9228029.76019017,2750295.28536983,64359708.8961057,61445230.6423127,194349721.209709
324499.180618301,5056469.15517709,28741992.2248684,14827671.3893197,4571104.43753863,11554413.4319559,140668448.477094,91622405.0523136,66062018.6831116,29212488.8545009,11504721.935314,6260448.57645731,137213229.948514,26165.1134639933,166069606.618938,640099.338104433,92557.9213631797,1318743.70059468,38423738.3935459,59017739.8465544,941862.006427689,11092976.54216,217803550.180429,42445740.2211459,75821479.7158446,9228029.76019017,2750295.28536983,64359708.8961057,61445230.6423127,194349721.209709
324499.180618301,5056469.15517709,28741992.2248684,14827671.3893197,4571104.43753863,11554413.4319559,140668448.477094,91622405.0523136,66062018.6831116,29212488.8545009,11504721.935314,6260448.57645731,137213229.948514,26165.1134639933,166069606.618938,640099.338104433,92557.9213631797,1318743.70059468,38423738.3935459,59017739.8465544,941862.006427689,11092976.54216,217803550.180429,42445740.2211459,75821479.7158446,9228029.76019017,2750295.28536983,64359708.8961057,61445230.6423127,194349721.209709
324499.180618301,5056469.15517709,28741992.2248684,14827671.3893197,4571104.43753863,11554413.4319559,140668448.477094,91622405.0523136,66062018.6831116,29212488.8545009,11504721.935314,6260448.57645731,137213229.948514,26165.1134639933,166069606.618938,640099.338104433,92557.9213631797,1318743.70059468,38423738.3935459,59017739.8465544,941862.006427689,11092976.54216,217803550.180429,42445740.2211459,75821479.7158446,9228029.76019017,2750295.28536983,64359708.8961057,61445230.6423127,194349721.209709
324499.180618301,5056469.15517709,28741992.2248684,14827671.3893197,4571104.43753863,11554413.4319559,140668448.477094,91622405.0523136,66062018.6831116,29212488.8545009,11504721.935314,6260448.57645731,137213229.948514,26165.1134639933,166069606.618938,640099.338104433,92557.9213631797,1318743.70059468,38423738.3935459,59017739.8465544,941862.006427689,11092976.54216,217803550.180429,42445740.2211459,75821479.7158446,9228029.76019017,2750295.28536983,64359708.8961057,61445230.6423127,194349721.209709
