108.022314032778,187.79749036508,1204.76558775002,1699.13455848503,173.772186537892,1274.77969758208,428.661836338426,153.709522600853,1167.85325425209,3813.89379409783,1248.70960641068,843.184672408352,484.577170149238,5609.46802677167,310.627876583135,1505.50868327431,426.058085577107,4300.42839447684,127.598002220443,72.2938358198846,114.119670692499,60.202689311148,5578.14715147376,3155.4241097362,881.896747545119,46.2142235551948,83.817121688374,49.1463186049301,742.737912417199,123.390742524213
41.6841072891685,54.8724469655914,299.744077468618,194.818202022847,141.649490439762,242.748462360128,182.714357426303,41.6746427716233,459.138732685029,613.506201458249,917.614300048094,313.632180501312,291.744484013943,4896.26514634955,34.492884685586,84.1042894466721,168.103897881988,2008.59455192684,86.8946865829469,71.1823544464954,64.9106967350667,53.5207817144552,3541.10721012439,993.386459966218,398.818882613472,11.262931047097,68.4428404428991,8.7452036460657,226.83612370376,6.80921386266994
26.1670152585174,54.5325956762093,298.159612740489,169.892166804813,97.9260554316346,59.1564533999926,126.156803366044,9.08888066471468,82.5395670685889,115.769027344125,781.207487375016,140.65563005612,287.261767183895,4456.20271215757,16.3557719494076,16.2970144553674,123.072741296219,1978.57817795712,76.8028870415054,70.8908930155404,8.25598569467644,46.007532748044,3518.05645681729,508.341665906333,123.835620811802,9.21825598568472,68.1427692429572,7.51991474020377,130.710562114311,6.61085900408693
13.7552232766987,49.5256626673626,298.15505655559,162.543188343381,6.67826476279339,12.4656316084773,95.5864728145858,8.59237380076388,78.0559254167759,80.0974826320918,375.893202738893,132.289496493186,203.383044253942,4080.76254334023,14.1755915085176,12.5260848907835,97.8047274680508,1386.67271293398,74.4787184838041,70.3758399371597,7.23640073656054,40.2464775849743,1759.48085938506,211.750471211908,72.2613926119198,7.36332281568713,68.0214295475205,6.94142349176514,35.5295672136754,5.80897388120911
7.90085132541452,49.1563437574669,257.911516491391,162.421247358181,6.31073629308128,11.6699547494892,90.5694620129021,7.96871022135537,77.1485401044976,70.794117258665,373.87525469803,132.081327507807,175.187246532575,2404.38669057523,13.9876904658427,12.5227461516112,89.2122726033276,1378.87835698806,74.3812437939048,69.7579203071795,6.82478195740231,27.2135537300926,1759.47880669951,194.342649718916,47.3283463885651,7.27246175900132,65.4008135536048,5.69961536186906,35.1839202557218,5.70475089207571
7.90063213108613,49.1563437574669,257.911516491391,162.421247358181,6.31052188468936,9.46449372138119,90.5121211964017,7.90824970398802,77.146357559235,70.6050254632438,373.87525469803,132.081327507756,175.186769625666,2404.38660906132,13.9875935813374,12.5227461482987,89.164040326141,1378.87835698806,74.3812302313132,69.7524042954724,6.82477734703934,25.0850154587334,1759.47880669951,194.340734202284,46.1975809660365,7.27217561199353,65.3648769812119,5.67158677564089,35.183920255561,5.70475077388903
7.90063213108613,49.1563437574669,257.911516491391,162.421247358181,6.31052188468936,9.46449372138119,90.5121211903576,7.90824970398802,77.146357559235,70.6044716746224,373.87525469803,132.081327507756,175.186769625666,2404.38660906132,13.9875935813374,12.5227461482987,89.164040326141,1378.87835698806,74.3812302313132,69.7524042700582,6.82477734703934,25.0850154587334,1759.47880669951,194.340734202284,46.197580966036,7.27217561199353,65.3648769812119,5.67158677564089,35.183920255561,5.70475077388903
7.90063213108613,49.1563437574669,257.911516491391,162.421247358181,6.31052188468936,9.46449372138119,90.5121211903576,7.90824970398802,77.146357559235,70.6044716746224,373.87525469803,132.081327507756,175.186769625666,2404.38660906132,13.9875935813374,12.5227461482987,89.164040326141,1378.87835698806,74.3812302313132,69.7524042700582,6.82477734703934,25.0850154587334,1759.47880669951,194.340734202284,46.197580966036,7.27217561199353,65.3648769812119,5.67158677564089,35.183920255561,5.70475077388903
7.90063213108613,49.1563437574669,257.911516491391,162.421247358181,6.31052188468936,9.46449372138119,90.5121211903576,7.90824970398802,77.146357559235,70.6044716746224,373.87525469803,132.081327507756,175.186769625666,2404.38660906132,13.9875935813374,12.5227461482987,89.164040326141,1378.87835698806,74.3812302313132,69.7524042700582,6.82477734703934,25.0850154587334,1759.47880669951,194.340734202284,46.197580966036,7.27217561199353,65.3648769812119,5.67158677564089,35.183920255561,5.70475077388903
7.90063213108613,49.1563437574669,257.911516491391,162.421247358181,6.31052188468936,9.46449372138119,90.5121211903576,7.90824970398802,77.146357559235,70.6044716746224,373.87525469803,132.081327507756,175.186769625666,2404.38660906132,13.9875935813374,12.5227461482987,89.164040326141,1378.87835698806,74.3812302313132,69.7524042700582,6.82477734703934,25.0850154587334,1759.47880669951,194.340734202284,46.197580966036,7.27217561199353,65.3648769812119,5.67158677564089,35.183920255561,5.70475077388903
7.90063213108613,49.1563437574669,257.911516491391,162.421247358181,6.31052188468936,9.46449372138119,90.5121211903576,7.90824970398802,77.146357559235,70.6044716746224,373.87525469803,132.081327507756,175.186769625666,2404.38660906132,13.9875935813374,12.5227461482987,89.164040326141,1378.87835698806,74.3812302313132,69.7524042700582,6.82477734703934,25.0850154587334,1759.47880669951,194.340734202284,46.197580966036,7.27217561199353,65.3648769812119,5.67158677564089,35.183920255561,5.70475077388903
7.90063213108613,49.1563437574669,257.911516491391,162.421247358181,6.31052188468936,9.46449372138119,90.5121211903576,7.90824970398802,77.146357559235,70.6044716746224,373.87525469803,132.081327507756,175.186769625666,2404.38660906132,13.9875935813374,12.5227461482987,89.164040326141,1378.87835698806,74.3812302313132,69.7524042700582,6.82477734703934,25.0850154587334,1759.47880669951,194.340734202284,46.197580966036,7.27217561199353,65.3648769812119,5.67158677564089,35.183920255561,5.70475077388903
7.90063213108613,49.1563437574669,257.911516491391,162.421247358181,6.31052188468936,9.46449372138119,90.5121211903576,7.90824970398802,77.146357559235,70.6044716746224,373.87525469803,132.081327507756,175.186769625666,2404.38660906132,13.9875935813374,12.5227461482987,89.164040326141,1378.87835698806,74.3812302313132,69.7524042700582,6.82477734703934,25.0850154587334,1759.47880669951,194.340734202284,46.197580966036,7.27217561199353,65.3648769812119,5.67158677564089,35.183920255561,5.70475077388903
7.90063213108613,49.1563437574669,257.911516491391,162.421247358181,6.31052188468936,9.46449372138119,90.5121211903576,7.90824970398802,77.146357559235,70.6044716746224,373.87525469803,132.081327507756,175.186769625666,2404.38660906132,13.9875935813374,12.5227461482987,89.164040326141,1378.87835698806,74.3812302313132,69.7524042700582,6.82477734703934,25.0850154587334,1759.47880669951,194.340734202284,46.197580966036,7.27217561199353,65.3648769812119,5.67158677564089,35.183920255561,5.70475077388903
