64744.7124904439,34309.8369940343,35953.3062584413,2826.26867650584,24563.5891170981,20794.9585998794,20725.6535682809,34001.4469818727,9548.73820066804,11310.8502237898,26922.6800248986,16138.4294945887,16551.6224515486,5029.64144391049,18147.1990470076,13417.6308186,65316.6805744823,7286.76486452319,68726.3604152442,54459.8423813617,5929.57539022736,43614.9532077575,44995.6385264812,8691.23239631107,20701.4731186326,11739.9767992017,18201.3944632286,30506.6623268758,8036.26922377581,32791.9240900902
57456.9858227571,24756.1136048208,32233.325171898,2122.32683481512,12806.5446192896,10640.8404580887,18935.6427199326,30839.9982847237,8715.4006661799,10788.8512156085,23866.4472172303,14393.1087862476,7659.45054446829,3575.90571034771,15296.3591132762,12037.4125020284,45853.4123730909,6908.10289374101,62191.2485423964,47445.8018085495,5059.8826358707,39944.0346720047,38836.3022729117,5333.43353713646,18495.7440593701,9524.6282527692,9821.41519863329,28983.8670593517,7441.65364260841,24813.5804408497
27921.4683258185,9120.38157179595,8144.14408923131,597.664692199657,6216.92222312984,1310.26675250343,6368.6975674132,15621.2464281462,5434.8107008455,8524.27861730399,10836.8558551951,7009.18916065187,681.04139459573,1534.09305982918,3139.12881503974,5450.53361523196,13644.1930813538,4514.74584991623,27973.4037926672,21092.1959783456,1236.16706695353,16975.014664,19329.0884522713,1573.39876953936,8261.85976261802,2793.34922254807,4189.47400588777,24179.3074611702,4427.11336655953,9923.88552560431
16889.0466996733,6195.41198319298,6311.26917776399,305.300313798832,4833.68764926615,577.288053189602,4858.75899701165,4690.12527881686,1568.55796617308,1329.80255584889,3990.43455023795,5950.0974925166,363.618687194514,1159.60108557494,1412.17658967918,4017.85983962507,10642.0471106108,1345.60591419029,8820.70745508325,16773.1328972234,1157.84759055637,9152.39753842409,11562.5681882098,645.964952114391,5937.6232195877,1429.45618194597,1881.31332767881,3578.86280320254,2257.89395998355,5917.96997488731
7473.90674282446,2358.86741819736,542.161037583968,103.182935349915,2936.41688426772,93.3203217510543,3715.49005212897,1706.08668612254,78.9347520208414,465.705208601561,1469.03053700427,1776.93905851443,224.22001463257,643.581569493441,1071.01024047205,1415.07710876189,5937.68578407408,678.166191160204,3887.97093707181,13385.0880704696,980.90199372147,5112.96477380954,2489.60547970345,355.218611007328,3675.70340937449,290.423603564961,321.19894168147,3578.86280320254,2063.2401374192,1673.94937491143
1685.51256859003,1764.86682135307,336.907672389566,32.8672013438963,2887.17731341762,75.9129485457006,833.370323556983,263.789854403558,46.0625819160414,242.339594265856,288.331528042166,1585.26083154822,107.554299279252,510.70440854526,496.76261515796,262.852173966052,3790.61451360335,489.624342800636,2539.47635953372,4888.4384273959,552.583898369032,1823.16645200721,2038.09828287776,180.779443703486,2540.64667625965,146.620082073297,116.053254776898,3324.95066976295,1194.85017014454,184.585467607948
792.078809363154,418.635397685334,126.594437756846,10.4488568327523,1163.5337273322,72.2483684205801,535.806154149211,58.7676089542483,12.4729742726204,64.9414680854386,93.3944654902133,178.398084903045,76.9936191277426,445.62993110759,268.548005686593,72.0204735289792,1290.06679950188,393.169731143787,1553.58411968536,1503.43942530063,340.936212452749,602.904759405033,1351.75256589231,100.600459234481,1888.84757131513,90.2213005248462,111.483175956986,2138.82530613193,256.031646866158,50.1684419645253
416.438532432302,317.332725095491,52.064810893744,3.8030861234343,749.082578913402,69.9470761887674,150.479147377316,9.75874561845626,6.54629584561656,51.664119567023,14.8942992306829,178.345630755602,61.5481622999766,407.90537312896,165.421534752046,70.0334219193964,615.298395784859,385.467471442097,696.500550952495,1450.49640371428,131.534814857595,58.1922295507319,1289.82159525618,81.6767436809383,1407.74319631913,88.2819223300908,110.667665063561,653.045259920275,114.813969363276,7.4736899411235
137.784995819937,30.5637514327888,38.9466175107118,0.118281601600984,557.159458998663,69.5689590090421,103.463818769212,8.32244355127096,6.32113213853455,39.8520100147119,8.21234450438874,152.470846193203,50.431985226842,366.281936735897,149.837854001626,69.9759048523516,414.764140362412,281.433580368272,625.000106495889,1445.88434944705,131.520363153661,15.7761205963359,854.5329625697,68.6482655671891,1142.31206154023,86.7037798425016,110.5851873444,527.618267793844,104.908049391535,6.66625732223389
91.8574474723947,22.2355113731716,33.9855215259741,0.110664807369346,551.783152406766,69.5557352574024,100.864636765551,7.95137695149549,6.31564540658178,38.8425632312438,7.55019428980603,152.467313277455,48.6416339909942,313.848772820848,148.327816104042,69.9111352890519,403.846583986316,259.82207022249,584.243714231775,541.322269010095,98.3627579425329,7.50931932377455,729.465972196062,65.6908722709595,1140.30036627462,86.1797299650563,107.004383264407,233.268251032328,91.6035392935901,4.65880328877614
91.6340749958766,8.52012931216143,33.8339930664334,0.105808395342763,551.674281488707,69.5523197559631,100.400748756498,7.47403497459374,6.18624484041402,38.8265242718261,7.46457874956752,151.273104825279,48.4548709062297,313.848722132223,148.107218719811,69.9107091289245,403.827167146933,259.618948097293,126.789747030406,528.501082935416,98.2720014144388,7.43477491654005,729.465907023302,59.1936324576289,1140.29130019392,84.6363693377825,106.991498403602,228.407671846996,91.2098278266958,4.53083113775676
91.6340749711401,6.04638865079232,33.8339928416887,0.103624833110018,551.674281488707,69.5521236931228,100.367370696449,7.35619011890265,6.17978988434021,38.8260288367654,7.43153242971857,151.273104825279,48.3984216882177,313.848722132223,148.093313214741,69.9107084780935,403.827167146933,259.618942087555,120.818744501619,528.268479227345,98.2720014066959,7.43220350383075,729.465907023302,58.5172578850662,1140.29130019392,84.6356676495195,106.99149840337,228.180190824949,91.2098080932839,4.52209631753914
91.6340749711401,6.04638860052387,33.8339928416887,0.103618597804143,551.674281488707,69.5521236473859,100.367370696449,7.35618762549751,6.17978988430087,38.8260288367654,7.43153234762423,151.273104825279,48.3983592985566,313.848722132223,148.093313214741,69.9107084780935,403.827167146933,259.618942087555,120.788713379512,528.268479227345,98.2720014066959,7.43220314290068,729.465907023302,58.4722460706794,1140.29130019392,84.6356663639905,106.99149840337,228.180190824949,91.2098080932566,4.52086326054774
91.6340749711401,6.04638860052387,33.8339928416887,0.103618597780724,551.674281488707,69.5521236473859,100.367370696449,7.35618762549751,6.17978988430087,38.8260288367654,7.43153234762423,151.273104825279,48.3983592985566,313.848722132223,148.093313214741,69.9107084780935,403.827167146933,259.618942087555,120.788713379512,528.268479227345,98.2720014066959,7.43220314290068,729.465907023302,58.4722448473194,1140.29130019392,84.6356663639905,106.99149840337,228.180190824949,91.2098080932566,4.52086326054774
91.6340749711401,6.04638860052387,33.8339928416887,0.103618597780724,551.674281488707,69.5521236473859,100.367370696449,7.35618762549751,6.17978988430087,38.8260288367654,7.43153234762423,151.273104825279,48.3983592985566,313.848722132223,148.093313214741,69.9107084780935,403.827167146933,259.618942087555,120.788713379512,528.268479227345,98.2720014066959,7.43220314290068,729.465907023302,58.4722448473194,1140.29130019392,84.6356663639905,106.99149840337,228.180190824949,91.2098080932566,4.52086326054774
91.6340749711401,6.04638860052387,33.8339928416887,0.103618597780724,551.674281488707,69.5521236473859,100.367370696449,7.35618762549751,6.17978988430087,38.8260288367654,7.43153234762423,151.273104825279,48.3983592985566,313.848722132223,148.093313214741,69.9107084780935,403.827167146933,259.618942087555,120.788713379512,528.268479227345,98.2720014066959,7.43220314290068,729.465907023302,58.4722448473194,1140.29130019392,84.6356663639905,106.99149840337,228.180190824949,91.2098080932566,4.52086326054774
