434.320642334623,339.645880007239,466.338611706669,436.177372407264,329.662844050064,191.830246842134,262.637072738583,105.280153693367,279.609870005497,421.10017921426,221.061378980693,488.032078113678,269.28597761733,237.019168819784,284.586683647347,300.642780428013,226.256870869806,253.517143643325,229.789473620383,346.16300947398,298.642563861999,427.496707952161,244.022680720423,442.259321146809,359.41634858683,213.207645482225,86.433210250132,445.394255595855,363.907588547814,174.143563419606
398.902055089239,321.100953925032,443.887656539758,433.052594700085,289.70446901787,180.729816103144,244.122248355889,94.4308080255897,266.74327395563,406.858298722821,193.631371543606,474.975184819619,231.073748679216,216.134364099149,271.085324479085,280.35602836086,204.541952816217,217.528741079893,211.1133246149,317.530725244597,281.246458304315,406.793768545565,235.246655959918,425.904585361908,345.834098798999,189.973556260325,72.6400509287112,398.131739754622,345.780547705315,138.115579447342
373.888568553404,297.804326428406,436.303538504547,428.45261981741,260.649125480576,179.716246753433,230.225687367761,60.0812176876201,238.818578379248,386.210607394467,169.927986915796,467.907278106741,192.71299954197,175.97975710655,253.732355088437,252.893610984112,173.253291797272,205.767799481484,194.335640761104,308.9430543445,272.856184380342,372.913801493988,223.548068695656,411.750680162901,333.452060794313,162.023007563447,55.0804914169473,353.203968377592,338.464171638372,110.005235403431
367.15317029122,273.738664024503,433.914674672627,420.46618043277,256.109501195375,179.12213311157,228.882227358122,40.1184052037321,236.106179120507,367.441034399438,164.462527429648,463.143569319745,178.984727085634,150.423962921934,230.301755667501,237.811325090199,161.97087051722,190.533133314934,180.014092916853,305.622986942486,254.243172155326,361.178318994214,217.713379809823,370.033503540986,329.89968228557,160.227084233749,51.9114953345203,335.61105934772,335.616758880543,96.6504854207343
364.046270136335,247.158126402387,433.777506235252,414.895028089123,255.695834017305,179.087594049853,228.827092288055,37.8158910994993,235.801603386489,364.765669694198,164.165756117758,461.174574874368,178.097478966194,137.372889028578,227.865936265225,235.796464740854,161.184582759629,188.060577443155,169.318422933022,305.446022458935,239.93265971359,360.167015888393,202.952482345322,350.605989082634,329.307891101327,160.185773665741,51.7402816036572,318.584114261261,335.300296785517,89.6337680886775
361.186610371601,236.850868582964,433.776470908683,414.872286160846,255.695002681422,179.087292594187,228.827014790667,37.8083068437736,235.801118611569,364.624427017055,164.164626063363,461.032672007013,178.09522884904,137.302182371967,227.842146889343,235.788072518838,161.180755897547,188.042572866667,168.147700178281,305.445324708246,239.778768408899,360.164372763242,199.06911539377,348.241162980101,329.306838816557,160.185445708283,51.7375542902782,318.373498758018,335.289690199094,89.5460328680085
341.120225058449,233.818585374647,433.776470505453,414.872276366449,255.695000779265,179.087292493079,228.827014767782,37.8083027005292,235.801118366186,364.512390068933,164.164625904392,460.205125736825,178.095227193353,137.302175392702,227.842138638464,235.788071579975,161.180754723571,188.04256032022,168.143374135862,305.445324181982,239.778489057376,360.164372013051,198.990139005556,348.221102527742,329.306837851943,160.185445606159,51.7375518935438,318.371170832193,335.289687813013,89.5458602318274
325.143152828231,233.809950604008,433.776470505452,414.872276366381,255.695000779264,179.087292493079,228.827014767782,37.8083027005232,235.801118366185,364.492778956888,164.164625904392,449.603356104703,178.095227193347,137.30217539268,227.842138638451,235.788071579974,161.180754723569,188.042560320207,168.143374108467,305.445324181982,239.778489056889,360.16437201305,198.986972735817,348.221102446512,329.306837851943,160.185445606159,51.7375518935368,318.37117082527,335.289687813006,89.5458602306428
324.831166461057,233.809950588409,433.776470505452,414.872276366381,255.695000779264,179.087292493079,228.827014767782,37.8083027005232,235.801118366185,364.489561208652,164.164625904392,439.561209481582,178.095227193347,137.30217539268,227.842138638451,235.788071579974,161.180754723569,188.042560320207,168.143374108467,305.445324181982,239.778489056889,360.16437201305,198.98697273537,348.221102446512,329.306837851943,160.185445606159,51.7375518935368,318.37117082527,335.289687813006,89.5458602306428
324.692014610887,233.809950588409,433.776470505452,414.872276366381,255.695000779264,179.087292493079,228.827014767782,37.8083027005232,235.801118366185,364.489277823653,164.164625904392,438.819869960625,178.095227193347,137.30217539268,227.842138638451,235.788071579974,161.180754723569,188.042560320207,168.143374108467,305.445324181982,239.778489056889,360.16437201305,198.98697273537,348.221102446512,329.306837851943,160.185445606159,51.7375518935368,318.37117082527,335.289687813006,89.5458602306428
324.395021579674,233.809950588409,433.776470505452,414.872276366381,255.695000779264,179.087292493079,228.827014767782,37.8083027005232,235.801118366185,364.489217149684,164.164625904392,438.785493382278,178.095227193347,137.30217539268,227.842138638451,235.788071579974,161.180754723569,188.042560320207,168.143374108467,305.445324181982,239.778489056889,360.16437201305,198.98697273537,348.221102446512,329.306837851943,160.185445606159,51.7375518935368,318.37117082527,335.289687813006,89.5458602306428
324.394955294284,233.809950588409,433.776470505452,414.872276366381,255.695000779264,179.087292493079,228.827014767782,37.8083027005232,235.801118366185,364.489217149684,164.164625904392,438.78549234947,178.095227193347,137.30217539268,227.842138638451,235.788071579974,161.180754723569,188.042560320207,168.143374108467,305.445324181982,239.778489056889,360.16437201305,198.98697273537,348.221102446512,329.306837851943,160.185445606159,51.7375518935368,318.37117082527,335.289687813006,89.5458602306428
324.394955294284,233.809950588409,433.776470505452,414.872276366381,255.695000779264,179.087292493079,228.827014767782,37.8083027005232,235.801118366185,364.489217149684,164.164625904392,438.78549234947,178.095227193347,137.30217539268,227.842138638451,235.788071579974,161.180754723569,188.042560320207,168.143374108467,305.445324181982,239.778489056889,360.16437201305,198.98697273537,348.221102446512,329.306837851943,160.185445606159,51.7375518935368,318.37117082527,335.289687813006,89.5458602306428
324.394955294284,233.809950588409,433.776470505452,414.872276366381,255.695000779264,179.087292493079,228.827014767782,37.8083027005232,235.801118366185,364.489217149684,164.164625904392,438.78549234947,178.095227193347,137.30217539268,227.842138638451,235.788071579974,161.180754723569,188.042560320207,168.143374108467,305.445324181982,239.778489056889,360.16437201305,198.98697273537,348.221102446512,329.306837851943,160.185445606159,51.7375518935368,318.37117082527,335.289687813006,89.5458602306428
324.394955294284,233.809950588409,433.776470505452,414.872276366381,255.695000779264,179.087292493079,228.827014767782,37.8083027005232,235.801118366185,364.489217149684,164.164625904392,438.78549234947,178.095227193347,137.30217539268,227.842138638451,235.788071579974,161.180754723569,188.042560320207,168.143374108467,305.445324181982,239.778489056889,360.16437201305,198.98697273537,348.221102446512,329.306837851943,160.185445606159,51.7375518935368,318.37117082527,335.289687813006,89.5458602306428
324.394955294284,233.809950588409,433.776470505452,414.872276366381,255.695000779264,179.087292493079,228.827014767782,37.8083027005232,235.801118366185,364.489217149684,164.164625904392,438.78549234947,178.095227193347,137.30217539268,227.842138638451,235.788071579974,161.180754723569,188.042560320207,168.143374108467,305.445324181982,239.778489056889,360.16437201305,198.98697273537,348.221102446512,329.306837851943,160.185445606159,51.7375518935368,318.37117082527,335.289687813006,89.5458602306428
