761.365417702644,1073.20236880667,902.676620215353,977.722338943366,730.144783972141,482.800542095475,951.405920403855,536.843456310887,1209.16065751351,1277.01731284545,1258.1200740005,852.607159784974,745.103248858115,515.27587060002,1856.0026835562,910.292407647661,1353.51269490946,1595.14218789323,436.959362029695,811.915308412436,1070.15676532108,855.811890984563,581.442132959,598.476130237002,595.979633773009,509.482036366957,588.502164482174,738.823195164339,844.421106856568,1345.19850073347
737.902910668817,1068.39608755858,895.181103185442,965.166508598349,714.941765154319,472.388990752384,936.814150144445,526.911991134537,1194.05160548802,1258.94349792445,1249.40120382885,848.251917578378,741.590773365859,490.217433963273,1835.92363210508,897.78906831141,1332.84877546933,1585.93791131015,401.131807830687,806.648929031088,1054.09542443429,828.045754937553,577.390029995644,582.534420484477,584.139188035286,502.975598515383,571.093012364204,726.68895184487,841.040678249949,1334.51943323717
724.519890445048,1065.14172096434,892.859350920747,962.867109953675,709.297032495093,470.193932951879,923.188702592465,521.169777115532,1163.92517825891,1229.1745377165,1244.59514783999,846.521081249154,740.513585582727,485.865745946917,1810.32721098761,896.695520694128,1330.12598916966,1581.25214970451,391.97056266336,804.17519871179,1045.38230005514,811.618077668265,574.792954913149,577.745793173044,578.581946375785,478.760951231808,567.453859028308,722.999227240242,838.117229800611,1325.68433310827
723.097407186181,1064.03585958156,892.697806218255,962.504374988398,708.579870171963,469.944044144865,918.372461722742,520.456150552403,1158.59292144325,1196.07552969927,1243.59163412437,846.417020376054,740.452624621417,485.368486492417,1806.86329441042,896.42735133912,1329.52721474288,1580.27390061173,390.405185845677,803.998502661787,1043.55507401225,809.272011255617,574.675687778203,577.370454206208,575.817004526823,465.354787405209,566.939087247322,722.669074924914,837.932078802904,1315.45158575199
722.973420963669,1063.98909650071,892.686011877045,962.473158971404,708.574074286121,469.932134432566,918.02398620499,520.328466060791,1158.32793502267,1190.02570070315,1243.56656013912,846.415091439161,740.449068293154,485.352749001407,1806.73439928776,896.416562130491,1329.49146865666,1580.22006246849,390.36148610447,803.988881032796,1043.35802497964,808.686551636145,574.669971815756,577.352792132118,575.792189435227,464.818931538449,566.925595766227,722.634627277845,837.926366124398,1313.77132101259
722.972381483536,1063.98881892906,892.685998173345,962.473076907575,708.574037715657,469.932094408378,918.022633195437,520.328062620421,1158.32701544889,1189.75173241754,1243.56621742481,846.415070501518,740.449055048018,485.352704102804,1806.73426389751,896.416522032892,1329.49132875139,1580.21956616537,390.361087399891,803.988867329066,1043.35665576434,808.438103368752,574.669918122766,577.352684986908,575.792099567198,464.812417300348,566.92554248045,722.634487975942,837.926357759489,1313.74276356054
722.972380587765,1063.988818901,892.685998168329,962.473076883116,708.574037707276,469.932094398556,918.022632728952,520.328062250242,1158.3270130109,1189.74848767129,1243.56621729288,846.415070496624,740.449055042931,485.352704097219,1806.73426387174,896.416522009886,1329.49132860561,1580.21956552639,390.361087360783,803.988867323747,1043.35665563946,808.434987413994,574.669918110646,577.35268496764,575.792099500344,464.812415899812,566.925542474071,722.634487888391,837.926357758907,1313.74236144508
722.972380587764,1063.988818901,892.685998168329,962.473076883116,708.574037707276,469.932094398556,918.022632728949,520.328062250241,1158.32701301088,1189.74733345423,1243.56621729288,846.415070496624,740.449055042931,485.352704097219,1806.73426387174,896.416522009886,1329.49132860561,1580.21956552639,390.361087360782,803.988867323747,1043.35665563946,808.434631571502,574.669918110646,577.35268496764,575.792099500342,464.812415899802,566.925542474071,722.634487888391,837.926357758907,1313.74236144454
722.972380587764,1063.988818901,892.685998168329,962.473076883116,708.574037707276,469.932094398556,918.022632728949,520.328062250241,1158.32701301088,1189.7473139515,1243.56621729288,846.415070496624,740.449055042931,485.352704097219,1806.73426387174,896.416522009886,1329.49132860561,1580.21956552639,390.361087360782,803.988867323747,1043.35665563946,808.434631556469,574.669918110646,577.35268496764,575.792099500342,464.812415899802,566.925542474071,722.634487888391,837.926357758907,1313.74236144454
722.972380587764,1063.988818901,892.685998168329,962.473076883116,708.574037707276,469.932094398556,918.022632728949,520.328062250241,1158.32701301088,1189.74731376439,1243.56621729288,846.415070496624,740.449055042931,485.352704097219,1806.73426387174,896.416522009886,1329.49132860561,1580.21956552639,390.361087360782,803.988867323747,1043.35665563946,808.434631556469,574.669918110646,577.35268496764,575.792099500342,464.812415899802,566.925542474071,722.634487888391,837.926357758907,1313.74236144454
722.972380587764,1063.988818901,892.685998168329,962.473076883116,708.574037707276,469.932094398556,918.022632728949,520.328062250241,1158.32701301088,1189.74731376439,1243.56621729288,846.415070496624,740.449055042931,485.352704097219,1806.73426387174,896.416522009886,1329.49132860561,1580.21956552639,390.361087360782,803.988867323747,1043.35665563946,808.434631556469,574.669918110646,577.35268496764,575.792099500342,464.812415899802,566.925542474071,722.634487888391,837.926357758907,1313.74236144454
722.972380587764,1063.988818901,892.685998168329,962.473076883116,708.574037707276,469.932094398556,918.022632728949,520.328062250241,1158.32701301088,1189.74731376439,1243.56621729288,846.415070496624,740.449055042931,485.352704097219,1806.73426387174,896.416522009886,1329.49132860561,1580.21956552639,390.361087360782,803.988867323747,1043.35665563946,808.434631556469,574.669918110646,577.35268496764,575.792099500342,464.812415899802,566.925542474071,722.634487888391,837.926357758907,1313.74236144454
722.972380587764,1063.988818901,892.685998168329,962.473076883116,708.574037707276,469.932094398556,918.022632728949,520.328062250241,1158.32701301088,1189.74731376439,1243.56621729288,846.415070496624,740.449055042931,485.352704097219,1806.73426387174,896.416522009886,1329.49132860561,1580.21956552639,390.361087360782,803.988867323747,1043.35665563946,808.434631556469,574.669918110646,577.35268496764,575.792099500342,464.812415899802,566.925542474071,722.634487888391,837.926357758907,1313.74236144454
722.972380587764,1063.988818901,892.685998168329,962.473076883116,708.574037707276,469.932094398556,918.022632728949,520.328062250241,1158.32701301088,1189.74731376439,1243.56621729288,846.415070496624,740.449055042931,485.352704097219,1806.73426387174,896.416522009886,1329.49132860561,1580.21956552639,390.361087360782,803.988867323747,1043.35665563946,808.434631556469,574.669918110646,577.35268496764,575.792099500342,464.812415899802,566.925542474071,722.634487888391,837.926357758907,1313.74236144454
722.972380587764,1063.988818901,892.685998168329,962.473076883116,708.574037707276,469.932094398556,918.022632728949,520.328062250241,1158.32701301088,1189.74731376439,1243.56621729288,846.415070496624,740.449055042931,485.352704097219,1806.73426387174,896.416522009886,1329.49132860561,1580.21956552639,390.361087360782,803.988867323747,1043.35665563946,808.434631556469,574.669918110646,577.35268496764,575.792099500342,464.812415899802,566.925542474071,722.634487888391,837.926357758907,1313.74236144454
722.972380587764,1063.988818901,892.685998168329,962.473076883116,708.574037707276,469.932094398556,918.022632728949,520.328062250241,1158.32701301088,1189.74731376439,1243.56621729288,846.415070496624,740.449055042931,485.352704097219,1806.73426387174,896.416522009886,1329.49132860561,1580.21956552639,390.361087360782,803.988867323747,1043.35665563946,808.434631556469,574.669918110646,577.35268496764,575.792099500342,464.812415899802,566.925542474071,722.634487888391,837.926357758907,1313.74236144454
