722.972381483536,1063.98881892906,892.685998173345,962.473076907575,708.574037715657,469.932094408378,918.022633195437,520.328062620421,1158.32701544889,1189.75173241754,1243.56621742481,846.415070501518,740.449055048018,485.352704102804,1806.73426389751,896.416522032892,1329.49132875139,1580.21956616537,390.361087399891,803.988867329066,1043.35665576434,808.438103368752,574.669918122766,577.352684986908,575.792099567198,464.812417300348,566.92554248045,722.634487975942,837.926357759489,1313.74276356054
722.972380587764,1063.988818901,892.685998168329,962.473076883116,708.574037707276,469.932094398556,918.022632728949,520.328062250241,1158.32701301088,1189.74748691094,1243.56621729288,846.415070496624,740.449055042931,485.352704097219,1806.73426387174,896.416522009886,1329.49132860561,1580.21956552639,390.361087360782,803.988867323747,1043.35665563946,808.434682769196,574.669918110646,577.35268496764,575.792099500342,464.812415899802,566.925542474071,722.634487888391,837.926357758907,1313.74236144454
722.972380587764,1063.988818901,892.685998168329,962.473076883116,708.574037707276,469.932094398556,918.022632728949,520.328062250241,1158.32701301088,1189.74732348051,1243.56621729288,846.415070496624,740.449055042931,485.352704097219,1806.73426387174,896.416522009886,1329.49132860561,1580.21956552639,390.361087360782,803.988867323747,1043.35665563946,808.434631556469,574.669918110646,577.35268496764,575.792099500342,464.812415899802,566.925542474071,722.634487888391,837.926357758907,1313.74236144454
722.972380587764,1063.988818901,892.685998168329,962.473076883116,708.574037707276,469.932094398556,918.022632728949,520.328062250241,1158.32701301088,1189.74731376484,1243.56621729288,846.415070496624,740.449055042931,485.352704097219,1806.73426387174,896.416522009886,1329.49132860561,1580.21956552639,390.361087360782,803.988867323747,1043.35665563946,808.434631556469,574.669918110646,577.35268496764,575.792099500342,464.812415899802,566.925542474071,722.634487888391,837.926357758907,1313.74236144454
722.972380587764,1063.988818901,892.685998168329,962.473076883116,708.574037707276,469.932094398556,918.022632728949,520.328062250241,1158.32701301088,1189.74731376439,1243.56621729288,846.415070496624,740.449055042931,485.352704097219,1806.73426387174,896.416522009886,1329.49132860561,1580.21956552639,390.361087360782,803.988867323747,1043.35665563946,808.434631556469,574.669918110646,577.35268496764,575.792099500342,464.812415899802,566.925542474071,722.634487888391,837.926357758907,1313.74236144454
722.972380587764,1063.988818901,892.685998168329,962.473076883116,708.574037707276,469.932094398556,918.022632728949,520.328062250241,1158.32701301088,1189.74731376439,1243.56621729288,846.415070496624,740.449055042931,485.352704097219,1806.73426387174,896.416522009886,1329.49132860561,1580.21956552639,390.361087360782,803.988867323747,1043.35665563946,808.434631556469,574.669918110646,577.35268496764,575.792099500342,464.812415899802,566.925542474071,722.634487888391,837.926357758907,1313.74236144454
722.972380587764,1063.988818901,892.685998168329,962.473076883116,708.574037707276,469.932094398556,918.022632728949,520.328062250241,1158.32701301088,1189.74731376439,1243.56621729288,846.415070496624,740.449055042931,485.352704097219,1806.73426387174,896.416522009886,1329.49132860561,1580.21956552639,390.361087360782,803.988867323747,1043.35665563946,808.434631556469,574.669918110646,577.35268496764,575.792099500342,464.812415899802,566.925542474071,722.634487888391,837.926357758907,1313.74236144454
722.972380587764,1063.988818901,892.685998168329,962.473076883116,708.574037707276,469.932094398556,918.022632728949,520.328062250241,1158.32701301088,1189.74731376439,1243.56621729288,846.415070496624,740.449055042931,485.352704097219,1806.73426387174,896.416522009886,1329.49132860561,1580.21956552639,390.361087360782,803.988867323747,1043.35665563946,808.434631556469,574.669918110646,577.35268496764,575.792099500342,464.812415899802,566.925542474071,722.634487888391,837.926357758907,1313.74236144454
722.972380587764,1063.988818901,892.685998168329,962.473076883116,708.574037707276,469.932094398556,918.022632728949,520.328062250241,1158.32701301088,1189.74731376439,1243.56621729288,846.415070496624,740.449055042931,485.352704097219,1806.73426387174,896.416522009886,1329.49132860561,1580.21956552639,390.361087360782,803.988867323747,1043.35665563946,808.434631556469,574.669918110646,577.35268496764,575.792099500342,464.812415899802,566.925542474071,722.634487888391,837.926357758907,1313.74236144454
722.972380587764,1063.988818901,892.685998168329,962.473076883116,708.574037707276,469.932094398556,918.022632728949,520.328062250241,1158.32701301088,1189.74731376439,1243.56621729288,846.415070496624,740.449055042931,485.352704097219,1806.73426387174,896.416522009886,1329.49132860561,1580.21956552639,390.361087360782,803.988867323747,1043.35665563946,808.434631556469,574.669918110646,577.35268496764,575.792099500342,464.812415899802,566.925542474071,722.634487888391,837.926357758907,1313.74236144454
722.972380587764,1063.988818901,892.685998168329,962.473076883116,708.574037707276,469.932094398556,918.022632728949,520.328062250241,1158.32701301088,1189.74731376439,1243.56621729288,846.415070496624,740.449055042931,485.352704097219,1806.73426387174,896.416522009886,1329.49132860561,1580.21956552639,390.361087360782,803.988867323747,1043.35665563946,808.434631556469,574.669918110646,577.35268496764,575.792099500342,464.812415899802,566.925542474071,722.634487888391,837.926357758907,1313.74236144454
722.972380587764,1063.988818901,892.685998168329,962.473076883116,708.574037707276,469.932094398556,918.022632728949,520.328062250241,1158.32701301088,1189.74731376439,1243.56621729288,846.415070496624,740.449055042931,485.352704097219,1806.73426387174,896.416522009886,1329.49132860561,1580.21956552639,390.361087360782,803.988867323747,1043.35665563946,808.434631556469,574.669918110646,577.35268496764,575.792099500342,464.812415899802,566.925542474071,722.634487888391,837.926357758907,1313.74236144454
722.972380587764,1063.988818901,892.685998168329,962.473076883116,708.574037707276,469.932094398556,918.022632728949,520.328062250241,1158.32701301088,1189.74731376439,1243.56621729288,846.415070496624,740.449055042931,485.352704097219,1806.73426387174,896.416522009886,1329.49132860561,1580.21956552639,390.361087360782,803.988867323747,1043.35665563946,808.434631556469,574.669918110646,577.35268496764,575.792099500342,464.812415899802,566.925542474071,722.634487888391,837.926357758907,1313.74236144454
722.972380587764,1063.988818901,892.685998168329,962.473076883116,708.574037707276,469.932094398556,918.022632728949,520.328062250241,1158.32701301088,1189.74731376439,1243.56621729288,846.415070496624,740.449055042931,485.352704097219,1806.73426387174,896.416522009886,1329.49132860561,1580.21956552639,390.361087360782,803.988867323747,1043.35665563946,808.434631556469,574.669918110646,577.35268496764,575.792099500342,464.812415899802,566.925542474071,722.634487888391,837.926357758907,1313.74236144454
