297.89656127766,184.065782259744,139.292626793463,163.170418673686,253.70933599877,145.274985866163,138.297483228761,150.235636893807,157.201648298104,342.247936205853,302.455497310275,220.72970893107,202.01528605364,87.5559086244185,253.70455699102,207.942668588615,184.760142212509,151.23161049193,35.8184113892635,103.474168394874,153.22639078369,173.119621753158,229.73004914921,313.170390732764,187.049455647712,232.820662351717,164.165771048838,313.393256575434,262.663814856909,179.980968824398
296.489094777459,184.062708750042,139.292593287794,163.170317739619,253.70931650517,145.238104926101,138.297449684141,150.235622584304,157.201628057217,342.247477611105,302.455496895951,219.984259273272,201.963790562427,87.5557891459335,253.704496805202,207.94266671509,184.65957947543,151.231591182437,35.8184047830511,103.474166451019,153.226015338856,173.119533791845,227.841091598758,313.023978219784,187.049452427426,232.810713233617,164.165770827264,313.393251067504,262.663814197497,179.579139954491
296.489094662221,184.062708750042,139.292593287794,163.170317739619,253.70931650517,145.198339500961,138.297449684141,150.235622584304,157.201628057217,342.247477611105,302.455496895951,219.977837687282,201.934680763737,87.5557891459335,253.704496805202,207.94266671509,184.638261542908,151.231591182437,35.8184047830511,103.474166451019,153.225911417829,173.119533791845,227.84108796776,313.013478844076,187.049452427426,232.810713122512,164.165770827264,313.393251067504,262.663814197497,179.539592294946
296.489094662221,184.062708750042,139.292593287794,163.170317739619,253.70931650517,145.18573827599,138.297449684141,150.235622584304,157.201628057217,342.247477611105,302.455496895951,219.974797621302,201.922949823025,87.5557891459335,253.704496805202,207.94266671509,184.637270350816,151.231591182437,35.8184047830511,103.474166451019,153.22588616728,173.119533791845,227.84108796776,313.011368438414,187.049452427426,232.810713122512,164.165770827264,313.393251067504,262.663814197497,179.436801853826
296.489094662221,184.062708750042,139.292593287794,163.170317739619,253.70931650517,145.185501469397,138.297449684141,150.235622584304,157.201628057217,342.247477611105,302.455496895951,219.974702746662,201.922939103145,87.5557891459335,253.704496805202,207.94266671509,184.637267191656,151.231591182437,35.8184047830511,103.474166451019,153.225885758832,173.119533791845,227.84108796776,313.0113159056,187.049452427426,232.810713122512,164.165770827264,313.393251067504,262.663814197497,179.43629457642
296.489094662221,184.062708750042,139.292593287794,163.170317739619,253.70931650517,145.185501469397,138.297449684141,150.235622584304,157.201628057217,342.247477611105,302.455496895951,219.974702746662,201.922939103145,87.5557891459335,253.704496805202,207.94266671509,184.637267191656,151.231591182437,35.8184047830511,103.474166451019,153.225885758832,173.119533791845,227.84108796776,313.0113159056,187.049452427426,232.810713122512,164.165770827264,313.393251067504,262.663814197497,179.43629457642
296.489094662221,184.062708750042,139.292593287794,163.170317739619,253.70931650517,145.185501469397,138.297449684141,150.235622584304,157.201628057217,342.247477611105,302.455496895951,219.974702746662,201.922939103145,87.5557891459335,253.704496805202,207.94266671509,184.637267191656,151.231591182437,35.8184047830511,103.474166451019,153.225885758832,173.119533791845,227.84108796776,313.0113159056,187.049452427426,232.810713122512,164.165770827264,313.393251067504,262.663814197497,179.43629457642
296.489094662221,184.062708750042,139.292593287794,163.170317739619,253.70931650517,145.185501469397,138.297449684141,150.235622584304,157.201628057217,342.247477611105,302.455496895951,219.974702746662,201.922939103145,87.5557891459335,253.704496805202,207.94266671509,184.637267191656,151.231591182437,35.8184047830511,103.474166451019,153.225885758832,173.119533791845,227.84108796776,313.0113159056,187.049452427426,232.810713122512,164.165770827264,313.393251067504,262.663814197497,179.43629457642
296.489094662221,184.062708750042,139.292593287794,163.170317739619,253.70931650517,145.185501469397,138.297449684141,150.235622584304,157.201628057217,342.247477611105,302.455496895951,219.974702746662,201.922939103145,87.5557891459335,253.704496805202,207.94266671509,184.637267191656,151.231591182437,35.8184047830511,103.474166451019,153.225885758832,173.119533791845,227.84108796776,313.0113159056,187.049452427426,232.810713122512,164.165770827264,313.393251067504,262.663814197497,179.43629457642
296.489094662221,184.062708750042,139.292593287794,163.170317739619,253.70931650517,145.185501469397,138.297449684141,150.235622584304,157.201628057217,342.247477611105,302.455496895951,219.974702746662,201.922939103145,87.5557891459335,253.704496805202,207.94266671509,184.637267191656,151.231591182437,35.8184047830511,103.474166451019,153.225885758832,173.119533791845,227.84108796776,313.0113159056,187.049452427426,232.810713122512,164.165770827264,313.393251067504,262.663814197497,179.43629457642
296.489094662221,184.062708750042,139.292593287794,163.170317739619,253.70931650517,145.185501469397,138.297449684141,150.235622584304,157.201628057217,342.247477611105,302.455496895951,219.974702746662,201.922939103145,87.5557891459335,253.704496805202,207.94266671509,184.637267191656,151.231591182437,35.8184047830511,103.474166451019,153.225885758832,173.119533791845,227.84108796776,313.0113159056,187.049452427426,232.810713122512,164.165770827264,313.393251067504,262.663814197497,179.43629457642
296.489094662221,184.062708750042,139.292593287794,163.170317739619,253.70931650517,145.185501469397,138.297449684141,150.235622584304,157.201628057217,342.247477611105,302.455496895951,219.974702746662,201.922939103145,87.5557891459335,253.704496805202,207.94266671509,184.637267191656,151.231591182437,35.8184047830511,103.474166451019,153.225885758832,173.119533791845,227.84108796776,313.0113159056,187.049452427426,232.810713122512,164.165770827264,313.393251067504,262.663814197497,179.43629457642
296.489094662221,184.062708750042,139.292593287794,163.170317739619,253.70931650517,145.185501469397,138.297449684141,150.235622584304,157.201628057217,342.247477611105,302.455496895951,219.974702746662,201.922939103145,87.5557891459335,253.704496805202,207.94266671509,184.637267191656,151.231591182437,35.8184047830511,103.474166451019,153.225885758832,173.119533791845,227.84108796776,313.0113159056,187.049452427426,232.810713122512,164.165770827264,313.393251067504,262.663814197497,179.43629457642
296.489094662221,184.062708750042,139.292593287794,163.170317739619,253.70931650517,145.185501469397,138.297449684141,150.235622584304,157.201628057217,342.247477611105,302.455496895951,219.974702746662,201.922939103145,87.5557891459335,253.704496805202,207.94266671509,184.637267191656,151.231591182437,35.8184047830511,103.474166451019,153.225885758832,173.119533791845,227.84108796776,313.0113159056,187.049452427426,232.810713122512,164.165770827264,313.393251067504,262.663814197497,179.43629457642
