15406.3446451573,12100.6430946735,272253215.087052,3310427.63962767,38811.380622797,180851.278677506,122911.594002068,1859.78261686128,132356.610602494,12854.9485881633,1264.97331888924,11917.142198785,5578.83751555044,108936.803625158,30585.897922122,385634702.59635,8225.15193480678,56691.3787977575,27053.6100326984,15836312.3788368,1033.64496799894,15812.3502140373,9329.49078660992,867482.992311067,3097.08655954683,12190.4916819523,9662558.07976666,6655.77750340338,151225.157928073,3460.908650292
246.592740387981,2283.79216306505,16202.9295059305,6141.75579284391,940.94980752268,4162.67699637739,647.374275202408,362.572729504864,747.539980088683,732.462238652135,1210.30915533533,3347.47922333175,3215.97008515669,575.746680945144,1259.0420052264,6742.97281435861,388.652774730803,4011.36121248781,415.456318246283,5737.09047220698,369.304127747419,2955.41491010983,1126.55518849849,5611.67813018813,2875.68788535811,11671.624676669,2245.18045048201,1644.55346002889,807.366762189494,665.232315049339
246.55453132453,2283.49407431952,5623.05595415966,5533.73886039852,940.811459361124,4162.14130584857,647.300120875676,362.500845061387,747.449827591971,732.423787304026,1210.06486916931,3346.57670729686,3215.29349980842,575.695856439457,1258.87188204844,5515.26260190282,388.599951791433,4010.86267906953,415.404160442784,5684.1431733783,369.247222587898,2955.02294035866,1126.42992837249,5610.57882937558,2875.15727597006,11669.9914360592,2236.84615603753,1644.28516256966,807.255734720794,665.097372839805
246.428306944956,2282.48427086172,5532.05485065596,5531.6733952099,940.360127593123,4160.37329753371,647.007091249361,362.345661765507,747.07454569361,732.101222124843,1209.50375357841,3345.16326873465,3213.86313707659,575.463857775651,1258.30457341948,5513.49151932877,388.395975733412,4009.26489892121,415.214466671558,5617.06653594689,369.043949373978,2953.47927478505,1125.79577595135,5607.99361528864,2873.66348312111,11664.1509309452,2235.60017955058,1643.37423574862,806.952616095459,664.801653342363
246.129370715575,2279.87444154138,5525.64762273857,5525.56720169526,939.176899162022,4155.23116178564,646.218138328181,361.921546094536,746.24220729677,731.263549494716,1208.25329572568,3341.63243850657,3210.57680171777,574.836634222823,1256.80437981395,5507.24154600489,387.90883056153,4004.66016227874,414.713544594471,5527.6666013823,368.617466030242,2949.6950946106,1124.64520135562,5601.80313032623,2870.27553808787,11652.5433744862,2233.03891448582,1641.76117261837,806.109047775402,664.000111763898
245.496299600071,2274.56704039838,5514.0175809577,5513.66069583006,937.047565748664,4145.2802431509,644.584019661997,361.14067789618,744.560706770567,729.546320629345,1205.0140847167,3333.76820766448,3202.41286412507,573.507473697432,1253.85607979182,5492.62014286035,386.892054076288,3995.34632417226,413.837049048421,5514.41354635105,367.739389458238,2942.15695700502,1121.78495236439,5588.03524558077,2863.79817475034,11625.2510573238,2227.81667479297,1637.78584743467,804.103816499142,662.613199385544
244.83730809964,2269.07442307658,5501.35255464641,5500.25121459285,934.865642779206,4135.67565030991,642.886550560358,360.28767725423,742.89729790191,727.714348943953,1202.06090483004,3326.93379276226,3195.21817486194,572.12702431828,1250.95027081766,5478.9039826078,386.023157513143,3985.98522175866,412.909527642076,5502.68778833694,366.889910491427,2935.21886763548,1119.09146368604,5573.55886648644,2856.94493063035,11596.73852053,2222.73749590289,1633.90619768681,802.076838944963,661.030083183186
244.255815277481,2263.66022757871,5488.78205216663,5486.8423531051,932.971818311886,4125.03353107264,641.435479680575,359.525219482578,741.248213014072,725.895800468083,1199.28867560568,3319.00546512816,3188.14004572423,570.759407465838,1248.14267562058,5465.68165842539,385.074978270985,3977.00514899105,411.943037275954,5490.45115223172,365.978753680233,2928.08595814485,1116.48996041787,5560.49188789446,2849.54983333254,11570.7806048966,2217.68107789335,1630.20116818991,800.039112510936,659.482321076761
243.682533631592,2258.38555091744,5476.20537419972,5474.45858890344,930.654816910759,4115.61788788891,639.909954106784,358.73365552166,739.579697865932,723.991834675138,1196.61050472359,3311.81985452027,3180.71188708669,569.550918338757,1245.03994578215,5453.12669683139,384.169887070646,3966.47940812985,410.968920307688,5478.26031520025,365.097651772244,2920.83283952069,1113.81671944616,5546.81912540432,2842.64599523411,11543.6690195209,2212.47971386994,1626.61057342959,798.132668972865,657.865669411365
243.089959638472,2253.29956348826,5463.7705308541,5459.9674870934,928.467610522032,4105.12632941235,638.24320926835,357.887426286475,737.74948405978,722.352230540617,1193.59266676911,3304.22816317488,3173.54789250709,568.088390901731,1242.04999160373,5440.99537941745,383.084194824712,3957.28755046923,410.00046709199,5465.73617090745,364.271389618238,2913.8069308096,1111.23547567639,5533.47635355039,2835.5351496797,11517.6026281842,2206.67295856444,1622.89736310348,796.318291255062,656.285651487214
242.515913920753,2247.47355764541,5450.14927424858,5447.72709443006,926.301868045064,4095.4351243442,636.628942519159,357.077291614161,735.954705077223,720.691509061262,1191.01149472301,3296.62849121951,3166.4488562933,566.761228748597,1239.34797978162,5428.72668256124,382.150765974516,3948.66717536032,409.018277292687,5453.54877904582,363.328557662477,2907.19655262865,1108.80232369192,5519.73078052233,2828.79149495231,11489.7304739614,2201.80823748816,1619.36487983896,794.452319088898,654.583356434099
241.92368534124,2242.49836430789,5437.05116052211,5434.01582719058,924.22194179719,4086.81498595163,635.164271058218,356.260707159966,734.150660376331,718.982516014104,1188.04972787185,3288.47038751272,3159.33295685135,565.288188228247,1236.76269082064,5416.52252725657,381.195522646269,3939.02052599321,408.092896218352,5441.14157638089,362.485432717527,2900.68749173775,1106.23113562799,5506.07475357924,2822.28295477904,11463.1180351015,2196.70187023402,1615.49256214157,792.735787498065,653.111390567899
241.323701324764,2237.37894565583,5423.96478096893,5422.453847564,921.99465645508,4077.35369106243,633.682297262654,355.29717568089,732.456472829773,717.145929441394,1185.20369356016,3281.33249838291,3151.49580110562,563.933403444816,1233.91128749185,5403.77445381247,380.271501080981,3930.16072598079,407.093517376526,5427.95379781325,361.507228468081,2893.53055986986,1103.51191899619,5493.05122497233,2815.52131670244,11435.3851739769,2191.5793556004,1611.2572925892,790.888036649098,651.471138053373
240.787888130641,2231.85669713034,5412.21559475286,5410.45631187127,919.754266602133,4068.20859684032,632.274753557642,354.539945733931,730.710099351438,715.521372320522,1182.28019900703,3272.73378494946,3143.78341336909,562.507194858047,1230.80732077528,5389.51274929315,379.406373483952,3920.35950000375,406.122729965615,5415.23509784833,360.653282422038,2886.66870825511,1101.11363869824,5479.54134697987,2808.68692306808,11407.4225242655,2186.4162729346,1607.79330885513,789.091055115137,649.900804744179
