55383127050.6759,49146048360.4648,80632488746.2733,48905896099.1722,55991923576.9446,59068098759.0723,141102796903.311,40879409078.4212,58578523724.1016,77572350503.5955,38421786193.2145,25832342263.4013,55761154286.1346,93458969861.7073,56667997083.3832,53982638075.6156,70839024399.6454,47108528722.9265,113044778256.491,75087162832.2147,58645873651.3644,42725596492.6448,44103045533.1785,77235576365.8343,38035641575.5556,33673828615.5905,29353415206.338,20029764872.2177,37429975461.7981,75563380254.283
10847472615.3736,27606934247.939,40449824260.4043,30423532428.8178,22272495649.7675,46975715330.5546,34580033196.2208,20588754621.5414,20144754149.1276,40706686989.1339,16068085234.7974,13576215744.084,23687693529.956,46771224201.0072,10478205930.8874,34442355289.5211,24467483891.9938,23707322599.5821,47343633433.3498,34424836055.4059,17369213821.8241,21542032424.6897,17250861931.2787,42959266591.9622,21735035437.1184,14985995070.1913,11651028043.4848,7206922456.99081,12610553106.6761,36983778181.223
4478913831.72369,9280761256.82294,27465866802.1576,17794564571.3795,11215524993.6877,21524803928.8134,19692605438.3928,5589576081.45679,3943854977.85644,16053026162.2166,2092064859.48084,4290945617.95816,2820071427.78276,13222869724.4792,7651994752.07263,20786563886.2914,8997332008.18298,11263476042.8252,18222274002.9285,11608618752.364,3420575015.97501,7050823955.16138,3727503173.49862,11061411883.2477,2964049171.11658,10433224304.1139,7677307689.68621,947733938.867427,4297945069.75442,14922335956.1875
339295812.617725,970999336.637643,17478672085.8912,391901342.258071,1468095782.52362,2114919061.45041,5758428334.07916,409514894.013466,429080666.575258,2403887213.628,97396346.4490266,210151510.386609,64386613.9149419,590604429.960364,480309572.523422,11839734882.6391,321755318.802421,828607535.436601,3068687090.19794,1698029038.68675,714530383.020546,971229972.904863,521128987.38947,834858303.078777,410859205.148279,733405788.878065,2465779088.03636,168595160.414225,322440904.496889,690920423.053715
21015100.7309085,6351436.45272417,6805038508.17824,57694401.3194793,26721014.8351003,84527025.2946534,131861350.204713,4290968.40855463,21660178.0528528,139354482.237195,1070143.35502557,4676175.3436697,2686145.57164183,26669785.0851594,9664941.49320227,1410435211.89911,1941130.59919021,21754928.2350589,16182247.733557,734761728.036901,7032849.62909218,12039332.1791686,14796095.0314102,36619343.7270943,2646163.00401103,1684369.49868852,161751494.359569,1363210.55349843,12960425.7720298,4458769.08276622
15406.3446451573,12100.6430946735,272253215.087052,3310427.63962767,38811.380622797,180851.278677506,122911.594002068,1859.78261686128,132356.610602494,12854.9485881633,1264.97331888924,11917.142198785,5578.83751555044,108936.803625158,30585.897922122,385634702.59635,8225.15193480678,56691.3787977575,27053.6100326984,15836312.3788368,1033.64496799894,15812.3502140373,9329.49078660992,867482.992311067,3097.08655954683,12190.4916819523,9662558.07976666,6655.77750340338,151225.157928073,3460.908650292
246.624480847593,2283.92313098398,3150622.10079266,6348.43341456905,941.252701093417,4171.89878346447,650.3052811033,362.57782955828,747.887206352051,735.518340686081,1210.3750480216,3347.57064623745,3216.04968879872,586.888425405285,1262.72997241963,4139262.47039104,389.035208128315,4017.64352039313,415.517051920596,6587.2901927501,369.340636619494,2956.29937398105,1126.74011615404,5618.74014133498,2875.7194669264,11672.0665464338,3714.20420820421,1644.60604571255,807.998511812652,665.242808944859
246.580265547449,2283.68374590356,5668.51212352386,5592.7316420705,940.90945871703,4162.42888883186,647.352213296436,362.54267657456,747.501831602075,732.456989613572,1210.18197050206,3347.03863902972,3215.68251591794,575.732337741452,1258.96682076065,5515.76012425501,388.63979662567,4011.21370909971,415.4439276619,5684.1431733783,369.280409720149,2955.26045815559,1126.52549762284,5611.31275996138,2875.47376323103,11671.074866251,2236.87933182422,1644.45630729859,807.337721464297,665.176772041431
246.49665222995,2283.06483722899,5609.22474834548,5532.14056844063,940.599746393843,4161.49343136509,647.16946335985,362.424284212837,747.295793029247,732.272215396721,1209.73405517912,3346.06482371155,3214.77596129203,575.603441212805,1258.59001279398,5514.53248753642,388.517014245826,4010.23139966419,415.336131419899,5656.41350202691,369.16728386607,2954.29123088546,1126.15046840817,5609.26057113235,2874.37673592066,11667.1705635185,2236.22500212572,1643.92091687051,807.110635213512,664.928783665457
246.345975788366,2281.75457921782,5530.82739736215,5530.06611377795,939.967556232303,4159.14726401604,646.804404258048,362.236249878173,746.880093571757,731.892414155467,1209.20575709648,3344.14091679816,3212.99269514306,575.284832993576,1257.97665424585,5511.92877380254,388.253427406693,4008.06536318775,415.067774278663,5533.06649832451,368.951584466226,2952.45616099842,1125.49445609428,5606.4607455759,2872.72785684621,11661.1507997167,2234.96309614232,1642.9780660935,806.716926884546,664.587935687722
246.129370715575,2279.87444154138,5525.64762273857,5525.56720169526,939.176899162022,4155.23116178564,646.218138328181,361.921546094536,746.24220729677,731.263549494716,1208.25329572568,3341.63243850657,3210.57680171777,574.836634222823,1256.80437981395,5507.24154600489,387.90883056153,4004.66016227874,414.713544594471,5527.6666013823,368.617466030242,2949.6950946106,1124.64520135562,5601.80313032623,2870.27553808787,11652.5433744862,2233.03891448582,1641.76117261837,806.109047775402,664.000111763898
245.735100366446,2276.73540666095,5518.76054869999,5518.68657572627,937.991463921924,4149.13074462489,645.211983776941,361.474301147807,745.344859203244,730.254810318263,1206.36328998362,3337.3071490273,3205.93169638544,574.041717857171,1255.15695293711,5498.15777554369,387.296229247552,3999.46888076275,414.179189404272,5519.81680040463,368.087520761537,2945.34414117598,1123.07026267795,5593.26899760677,2866.42074054213,11636.9436079398,2229.88999639717,1639.64791665264,804.882559953825,663.155638642501
245.142455513213,2271.78829804304,5507.43762043972,5506.44426011414,935.989775215572,4140.49121266225,643.674188975588,360.67281816725,743.75123667929,728.701717552271,1203.50058063877,3330.1921325964,3199.02265044772,572.77514511484,1252.40964257156,5485.74066363225,386.422615486395,3990.42502626345,413.32778840381,5508.19834559337,367.308866432658,2938.60632408926,1120.49517812211,5580.47695751587,2860.0822664975,11610.5169898377,2225.00947376578,1635.58964007422,803.027697308356,661.84854016311
244.270184208664,2263.78652353651,5489.08675171297,5487.19589949075,933.010536001039,4125.24972956323,641.453249726821,359.534474495374,741.282703551167,725.933437545467,1199.31987755031,3319.135589627,3188.31644119852,570.797161320048,1248.20394067319,5465.88952124716,385.086178313486,3977.11735673099,411.957749009664,5490.85582242351,365.998043283295,2928.24859681235,1116.52816439589,5560.79887204811,2849.68140713454,11571.3083504664,2217.74333462533,1630.28500225305,800.075919292085,659.511238660105
242.908416279182,2251.54732358786,5459.40799112747,5455.81295005379,927.798498801061,4102.12997793008,637.786828713643,357.621921646976,737.214060218689,721.909379718415,1192.66799474467,3301.87579555118,3171.52156327577,567.668718067069,1241.18913138803,5437.29531196386,382.824635173918,3954.9399501701,409.659286732203,5461.9843112434,363.98570648402,2911.61515333403,1110.47040417148,5528.58367651841,2833.67886126255,11509.5651608145,2205.06673345102,1621.72107884345,795.752241871273,655.731580554006
240.787888130641,2231.85669713034,5412.21559475286,5410.45631187127,919.754266602133,4068.20859684032,632.274753557642,354.539945733931,730.710099351438,715.521372320522,1182.28019900703,3272.73378494946,3143.78341336909,562.507194858047,1230.80732077528,5389.51274929315,379.406373483952,3920.35950000375,406.122729965615,5415.23509784833,360.653282422038,2886.66870825511,1101.11363869824,5479.54134697987,2808.68692306808,11407.4225242655,2186.4162729346,1607.79330885513,789.091055115137,649.900804744179
