8693.25865378746,8909.96946948842,8594.84603108429,9115.525011809,8938.12507241174,10042.3324541594,9342.76694208552,10439.1216868963,7884.24745599657,8307.92503778563,8261.06676581708,8512.72292351484,8987.16666426158,7273.77468071755,8440.15072224978
8157.1417506002,8909.96938955639,8557.57060221073,9091.05700040038,8910.10415214772,10000.6459345975,9297.69752270613,10251.0313205267,7884.24722683587,8255.68695230558,8211.03904166554,8452.76014581658,8909.77027021221,7263.82251617674,8424.64049685558
8116.61631287279,8909.96938955639,8529.68723589311,9061.69390097258,8909.85927474807,9990.94083379168,9230.03558012687,10136.3308570607,7884.24722683587,8252.44113876799,8198.62419925453,8452.36308374342,8882.76382920174,7263.50833706012,8419.61706677722
8086.57153506008,8909.96938955639,8511.0341722467,9053.6976934698,8889.47951368669,9984.84505823263,9207.7901983127,10132.5615245664,7884.24722683587,8245.50982468535,8190.48680672947,8413.00683199667,8840.29298940205,7260.845463746,8416.17208981109
8070.35960647007,8909.96938955639,8495.80495432929,9040.73882624437,8879.53374909549,9980.67700082294,9187.05847237398,10116.650792882,7884.24722683587,8245.50982468535,8187.8596976331,8413.00681507168,8823.38080741495,7260.845463746,8412.40366710803
8070.35960646948,8909.96938955638,8495.80495430634,9038.49855685565,8876.183883512,9976.62416494619,9183.02297080063,10116.6507928815,7884.24722683587,8245.50982468535,8186.46334542956,8390.7780479517,8787.67216555851,7260.845463746,8412.40160789833
8070.20580861056,8909.96938955638,8495.80495428786,9038.49855684028,8875.1481718531,9975.32709487161,9183.02256114368,10116.6507928815,7884.24722683587,8245.50982468535,8186.46334542956,8390.51377845625,8787.6656007239,7260.845463746,8412.40160789575
8054.71266800424,8909.96938955638,8495.8049542734,9038.49855677128,8875.1481718531,9975.24428586789,9183.02256113698,10116.6507928815,7884.24722683587,8245.50982468535,8186.46334542956,8338.34139082196,8787.62478701722,7260.845463746,8412.40160789313
8054.71266800424,8909.96938955638,8495.80495412218,9038.49855674328,8874.10847939485,9975.24410126475,9183.02256113024,10116.6507928815,7884.24722683587,8245.50982468535,8186.46334542956,8338.34139014504,8787.62478685116,7260.845463746,8412.40160789044
8054.71266800424,8909.96938955638,8495.80495409614,9038.49855669623,8874.10847939349,9975.24410057244,9183.0225611235,10116.6507928815,7884.24722683587,8245.50982468535,8186.46334542956,8338.34138761152,8787.62478657908,7260.845463746,8412.40160788777
8054.71266800424,8909.96938955638,8495.80495408071,9038.49855662901,8874.10847939349,9975.24410057194,9183.02256111672,10116.6507928815,7884.24722683587,8245.50982468535,8186.46334542956,8338.34138580013,8787.62478652748,7260.845463746,8412.40160788514
8054.71266800424,8909.96938955638,8495.80495406551,9038.49855661616,8874.10847939349,9975.14490210084,9183.02256110987,10116.6507928815,7884.24722683587,8245.50982468535,8186.46334542956,8338.34138158585,8787.62478645886,7260.845463746,8412.40160788248
8054.71266800424,8909.96938955638,8495.80495404013,9038.49855659227,8874.10847939349,9975.13714081037,9183.02256110306,10116.6507928815,7884.24722683587,8245.50982468535,8186.46334542956,8338.34131810676,8787.62478640609,7260.845463746,8412.40160787984
8054.71266800424,8909.96938955638,8495.80495401766,9038.49855657806,8874.10847939349,9975.13714034124,9183.02256109617,10116.6507928815,7884.24722683587,8245.50982468535,8186.46334542956,8338.34131802891,8787.6247857452,7260.845463746,8412.40160787715
