1539.40503267431,1128.33659035473,1332.39414992668,1869.92227108053,1378.45545261205,2007.09250017172,2206.43019771049,1434.00411249599,1988.66306197273,1878.48224409715,1937.08074413418,1653.35225363074,2690.99677226339,2297.82022909431,1530.60198411997
1539.30495262124,1128.33657573583,1331.07745237019,1869.73966747201,1378.45545238753,2007.02105127218,2206.43018166236,1433.04636277803,1975.62437670487,1868.58227559811,1916.97820512216,1646.38726342517,2690.99611488238,2297.82022909431,1517.53281109958
1537.5752210135,1128.33657573583,1331.07232315095,1869.72668500102,1378.45545238753,1998.334057571,2206.43018166236,1433.03853879699,1974.64863183067,1868.0091960479,1915.99403004218,1636.6650019115,2690.99603769872,2297.82022909431,1516.40903853111
1536.36306594027,1128.33657573583,1331.07231560289,1866.04402462652,1378.45545238753,1990.70069624171,2206.43018166236,1433.03853879699,1974.64863183067,1867.89855039898,1914.10798391065,1633.60519733618,2690.22282675673,2297.82022909431,1514.9723122866
1534.24202931482,1128.33657573583,1331.07231545724,1860.60623701855,1378.45545238753,1990.6406126356,2206.43018166236,1433.03853875657,1974.64863183067,1867.88863310488,1914.06247584773,1633.20176805767,2684.35803162113,2297.82022909431,1514.47640093215
1534.13607126536,1128.33657573583,1331.07231541503,1860.60623701855,1378.45545238753,1990.63762725426,2206.43018166236,1433.03853858571,1974.64863183067,1867.8881817286,1914.05467522505,1633.20089450557,2684.35803162113,2297.82022909431,1514.45549480012
1534.13388031359,1128.33657573583,1331.07231541501,1860.59296251421,1378.45545238753,1990.63762702428,2206.43018166236,1433.03853855449,1974.64863183067,1867.88818172847,1914.04547687198,1633.2008945054,2684.35803162113,2297.82022909431,1514.45549438127
1534.13388031359,1128.33657573583,1331.07231539317,1860.59296251421,1378.45545238753,1990.63762702422,2206.43018166236,1433.03853855003,1974.64863183067,1867.88818172825,1914.04299931401,1633.20089450525,2684.35803162113,2297.82022909431,1514.45549438115
1534.13388031359,1128.33657573583,1331.07231539317,1860.59235304545,1378.45545238753,1990.6376270241,2206.43018166236,1433.03853842691,1974.64863183067,1867.88818172802,1914.03975862346,1633.20089450507,2684.35803162113,2297.82022909431,1514.45549438113
1534.13388031359,1128.33657573583,1331.07231539314,1860.59046590758,1378.45545238753,1990.63762702402,2206.43018166235,1433.03853838315,1974.64863183067,1867.8881817278,1914.03503362706,1633.20089450491,2684.35803162113,2297.82022909431,1514.45549432545
1534.13388031359,1128.33657573583,1331.07231539314,1860.58820022427,1378.45545238753,1990.637627024,2206.43018166235,1433.0385383728,1974.64863183067,1867.88818172761,1914.0349923076,1633.20089450474,2684.35803162113,2297.82022909431,1514.45549432514
1534.13388031359,1128.33657573583,1331.07231537028,1860.58820022355,1378.45545238753,1990.6376270239,2206.43018166235,1433.03853772534,1974.64863183067,1867.88818172743,1914.03492938843,1633.20089450458,2684.35803162113,2297.82022909431,1514.45549432512
1534.13388031216,1128.33657573583,1331.07231537028,1860.58820022355,1378.45545238753,1990.63509432639,2206.43018166235,1433.03853754177,1974.64863183067,1867.88818172722,1914.03485996629,1633.20089450441,2684.35803162113,2297.82022909431,1514.45549432511
1534.13388031108,1128.33657573583,1331.07231537027,1860.58820022355,1378.45545238753,1990.63509432639,2206.43018166235,1433.03853590477,1974.64863183067,1867.88818172702,1914.03481850988,1633.20089450425,2684.35803160783,2297.82022909431,1514.45549432511
