21432.7973026648,19941.204092304,20196.2922408875,18974.5583856052,21171.5569854848,19231.5446899122,19860.9348125174,20791.9999318371,18714.2408237257,21491.925436927,18882.6429059476,21216.9561639166,19343.9797387634,19595.5134304177,19426.1570365973
21432.7973026648,19941.204092304,20196.2922408875,18974.5583856052,21171.5569854848,19231.5446899122,19860.9348125174,20791.9999318371,18714.2408237257,21491.925436927,18882.6429059476,21216.9561639166,19343.9797387634,19595.5134304177,19426.1570365973
20964.2603866482,19383.7437819172,19767.3384734353,18575.1906762298,20569.1597538736,18921.4081656587,19761.2999104555,19966.2144509355,18367.1568630648,21183.8462380526,18796.0211233504,20593.8010391693,19026.9991878083,19312.3214536467,19219.9836715459
20523.2121441492,19059.7659943884,18958.8729244231,18474.0111844127,20347.680963168,18633.3293445424,18920.3247222473,19966.2144509355,17884.1534350264,19784.5528997186,18197.2591295857,20012.5509849033,18518.7456495727,18864.8821926233,19010.2524548398
18924.0377440723,17882.9753806555,16565.1147257029,17032.0223045691,17467.0193024968,17535.6456264966,17792.627144163,18678.5456850137,16122.8682700448,17334.5990346244,17506.7438989334,18324.2127021293,16738.5765854198,16440.2352770109,17822.5468348751
16776.4585079159,15039.6334789583,14352.4834118062,14642.335754303,14919.0572711761,15157.1019961738,14097.7711661184,16214.5657782086,12723.452060195,14632.3464930035,15936.2590151489,14392.5125753875,13274.2708329119,14279.0044563091,15472.9841474106
12342.1917360552,11516.5040608389,11280.3299579441,11651.7205693767,11456.7374679937,12620.1656306645,11529.7142170907,13701.9401976422,10783.971499714,10355.0591731537,12242.4792488037,11071.386334026,12065.7252071664,10336.7380056682,11919.5333496434
10626.7525766906,9384.53447014705,9213.54342324474,10026.2899184754,10082.7171976294,10974.7367102366,10111.8420757475,11668.4178626556,8833.00310610872,8677.45229258013,9798.17460171639,9029.10868200183,10870.3104756079,8484.30272541637,10057.7758659163
9574.00778211696,8916.27053941378,8738.21102219793,9415.70561158522,9199.75814381969,10236.7313508882,9470.61604297611,10816.5339674592,7924.56093219993,8381.30624142196,8570.28157426547,8564.06522136724,9735.5846143566,7585.59161667693,8893.86899121449
8912.43765390346,8909.96964420335,8595.38890449225,9116.54035611782,8944.37189755505,10054.0643749619,9388.27537191776,10471.8486237842,7884.24842668713,8309.5204966618,8286.38850686578,8514.16326114054,9043.41665931438,7274.96726533598,8459.12764994386
8157.1417506002,8909.96938955639,8557.57060221073,9091.05700040038,8910.10415214772,10000.6459345975,9297.69752270613,10251.0313205267,7884.24722683587,8255.68695230558,8211.03904166554,8452.76014581658,8909.77027021221,7263.82251617674,8424.64049685558
8086.58102619475,8909.96938955639,8511.32767448159,9054.84392815969,8889.57369832782,9984.84505823439,9207.7907241698,10136.3308569521,7884.24722683587,8245.50982468535,8192.59107257192,8413.00715404452,8842.04731617824,7260.845463746,8416.27318076714
8070.35960647008,8909.96938955639,8495.80495432996,9041.00964362264,8879.57815166898,9980.84839292284,9187.05847237402,10116.650792882,7884.24722683587,8245.50982468535,8187.85969763372,8413.0068150801,8823.87073019756,7260.845463746,8412.63747863487
8070.35960646945,8909.96938955638,8495.80495430485,9038.49855685316,8875.68207161815,9976.59969834263,9183.02297074977,10116.6507928815,7884.24722683587,8245.50982468535,8186.46334542956,8390.7780479517,8787.67216555831,7260.845463746,8412.40160789807
8054.71266800424,8909.96938955638,8495.80495413073,9038.49855674741,8875.1481718531,9975.24428586709,9183.02256113313,10116.6507928815,7884.24722683587,8245.50982468535,8186.46334542956,8338.34139016863,8787.62478685898,7260.845463746,8412.40160789163
8054.71266800424,8909.96938955638,8495.80495401766,9038.49855657806,8874.10847939349,9975.13714034124,9183.02256109617,10116.6507928815,7884.24722683587,8245.50982468535,8186.46334542956,8338.34131802891,8787.6247857452,7260.845463746,8412.40160787715
