244.110235095332,315.023261558459,194.501003410018,4148.13968531741,196.109676225296,1178.48327150209,897.510491090678,23354.3771907928,762.959099540977,9823.93676844932,2191.91779278192,4442.38031602358,145.001440043322,11412.8889880306,164.813236386494,196.094067335631,102.967037040708,503.212199351121,154.409197732462,212.302947221518,153.30480709811,16009.2600747814,107.348406914827,441.322885237269,544.544002916364,1712.20788050651,2464.15706597415,2088.76934930304,3754.55080054805,188.05655792482
138.71706544744,59.5626611781761,121.16600388857,134.035343434941,173.859643573412,186.652511904905,280.753174211208,182.473786690615,51.7620439434747,173.495300548612,283.421134564781,127.647794825697,65.4354473543872,131.59353122535,109.690328998379,42.0340615797747,26.1842371109492,63.8953135614267,88.9217299116726,63.4548485418893,113.20056795564,545.301121348585,31.0293806156358,295.991213590659,146.813819396717,559.192871018785,202.206877960484,46.8266106743131,109.324590813251,116.498559710556
133.334635966655,57.3588669299977,120.789147657164,122.896014951468,173.847105985938,82.9334044714899,127.373334480065,142.845744126611,44.7912003233923,90.5559309666294,88.9298801353991,55.6266733755672,65.3890495427049,76.0371839959307,109.02221184185,41.4377220922336,24.8885017224045,62.9517904574284,88.8988519839147,61.6246412497435,112.589554612131,57.0397622161042,29.8322166718235,133.661798233382,144.774474544321,263.857733684325,128.232878643103,40.8590486640783,87.3903872583112,116.489154289659
132.047976337147,56.1737927304976,119.363165477695,122.847983177065,173.774532445862,81.2452315516514,125.996893048655,132.642223521022,43.1934756941362,90.553238050564,51.5492377556279,54.7241327281711,65.3888010842797,59.0590316329587,107.662629737533,39.8471372669446,24.886013605701,61.6619818020922,88.74778163614,60.2963609236313,112.584499091761,37.7393246449196,28.2454909415062,126.807894415148,143.492777944658,190.397885393601,126.937293875729,40.2023832109139,86.561341025083,116.42551485329
130.474411716949,55.8239683080312,118.544333923341,122.688160491659,173.578285643942,80.7229849378759,124.580573966824,132.587266090606,41.9769209526878,90.5463541982792,49.0125974510331,54.7230333275606,65.388418260075,58.7930586229356,106.638608226781,38.9678836939045,24.8838585319895,59.9077924715091,88.6227453884244,58.8571472630836,112.416416583794,35.106625541858,27.0351224376298,126.448615912142,141.561621679695,188.281067747073,125.523987715752,39.9029648989842,84.7643750622151,116.227359735146
130.363768423688,55.7369325939706,118.425476345656,122.364567249818,173.139568651162,80.6204811831317,124.407144393829,132.562215665598,41.8188943089995,90.5413621157393,48.8068096627492,54.7221303216095,65.3881534502989,58.7185981965085,106.508265949366,38.836206531593,24.8837188995685,59.7443902034424,88.5661020931743,58.7358789407274,112.04276976737,34.859563444177,26.90345283637,126.372462895725,141.310665680837,188.079993938098,125.395317360756,39.8187849422297,84.6029465958957,116.137511673849
130.347235538499,55.7255741088552,118.407175101811,122.017082782811,172.877945020324,80.6051957206409,124.385674078417,132.561986523601,41.7998886354267,90.539999485987,48.7840035827376,54.7218577800193,65.3881112300021,58.7070458192306,106.491847303742,38.8183247265617,24.8837187331931,59.7247654746104,88.5555349572378,58.7201732235967,111.671432358146,34.834080123183,26.8849498886198,126.361427708834,141.287272185987,188.052496095418,125.377500882702,39.8065890484841,84.5811084942004,116.129676986063
130.343263779522,55.7225211372709,118.40353916253,121.621346374125,172.843639380342,80.6011365637123,124.381536765814,132.561982229413,41.795604899577,90.5396497381573,48.7792754077432,54.7217850328013,65.3881065956066,58.7037156712911,106.48803445123,38.8134621628103,24.8837187328641,59.7202662055884,88.5531280954606,58.7162174909165,111.249904800712,34.8289364805985,26.87993843096,126.358636860649,141.281957303764,188.047820261909,125.373835945336,39.8036116351605,84.5767860583187,116.129213203006
130.342145451276,55.72148791175,118.40240942074,121.196653029536,172.841255881907,80.600064269004,124.380273636848,132.561982117278,41.7945324539562,90.5395330367494,48.7780472854126,54.7217588324563,65.3881059197743,58.7029569996471,106.487066713621,38.8124526264014,24.8837187328641,59.7191069134419,88.5524763909143,58.7149514556697,111.096467179454,34.8274441724939,26.8786398120776,126.357952430898,141.281016766814,188.04641554575,125.372869348117,39.8028334760179,84.5758974343014,116.129169511954
130.341863652772,55.7212084474224,118.402319115472,121.110191942383,172.841052983011,80.5997846892637,124.379991535717,132.561982115173,41.794228159818,90.5395066398282,48.7777000676142,54.7217524363903,65.3881058500554,58.7026925512896,106.486818487611,38.8120974815304,24.8837187328641,59.7188144131253,88.5522981232434,58.7146316554008,111.085692242824,34.8269595720869,26.8782579932417,126.357766649335,141.28073374166,188.045990395611,125.372614536866,39.8026219744675,84.5756306956832,116.129163598514
130.341782796211,55.7211278290695,118.402319115379,121.104825758652,172.841032336034,80.5996983127438,124.37989962935,132.561982115125,41.7942248465517,90.5394903730073,48.7775830758785,54.7217500349341,65.3881058417262,58.7026111452776,106.48673624741,38.8119746234427,24.8837187328641,59.718716321187,88.552235366177,58.7145186124922,111.084836218382,34.8268524494781,26.8781339213008,126.357706560183,141.28064291059,188.045866632634,125.372552635105,39.8025424232792,84.5755659507568,116.129162770344
130.341755002478,55.7211021402347,118.40221146609,121.104328401158,172.841030045882,80.5996724900206,124.379867524631,132.561982115125,41.7941794412952,90.5394855671095,48.7775498931865,54.7217493644569,65.3881058404313,58.7025864852972,106.486711801282,38.8119399260247,24.8837187328641,59.7186831085983,88.5522178174149,58.7144745752908,111.084745903041,34.8268221621115,26.8780992002942,126.357690237839,141.28061320889,188.04582525121,125.372530209867,39.8025161373969,84.5755547913618,116.129162659165
130.341748319805,55.7210936356009,118.402058182693,121.10427846659,172.84102968847,80.5996647243628,124.379855117023,132.561982115125,41.7941160942773,90.5394839875948,48.7775400378507,54.721749063526,65.3881058402762,58.7025784611708,106.486702975744,38.8119274305075,24.8837187328641,59.7186737544223,88.552212636497,58.7144615456325,111.084735172637,34.8268094139721,26.8780884068851,126.357684722008,141.280604845883,188.045812778818,125.372523094848,39.8025063409207,84.5755417325443,116.129162645135
130.341746600074,55.7210905111422,118.402014439291,121.10427126466,172.841029638676,80.5996622721159,124.379851025079,132.561982115125,41.7940986014919,90.5394834796698,48.7775367440338,54.721748951167,65.3881058402649,58.7025755830998,106.486700060309,38.8119235929057,24.8836978710799,59.7186712501073,88.5522109818853,58.7144574745196,111.084733817983,34.8268091116604,26.8780850239382,126.357683226548,141.280602290307,188.04580928179,125.372520624079,39.802503905478,84.5755376677066,116.129162643722
