91817.8235804651,159120133.104678,63497.555374485,298123338.411117,85485.1051944682,14530.6342884215,5178.18893378414,51413.1806028372,878116378.473422,943375.231269516,14931.5922096902,31704.204674153,178739.108020494,2102298236.95617,150168.758948516,1186926984.54159,475437858.938989,10965.8994515995,5976.96900988219,19804.9132572588,132459.334592541,1495.66776407542,55797300.9284447,30191.4461999082,45202.2335566965,1291561079.96508,1144177658.8853,4178.31453807874,4011.17317838735,44799.9776419635
64266.7974765598,10952.3559326922,38867.8992941782,6264.02554707566,71153.8892935025,10863.8947606382,3242.85700223003,42210.8922630195,90828.5302526548,59364.4730152528,13002.8735147513,16344.1490496544,145712.066382086,1724760.84552922,13059.9670304626,17732.8794848948,20676.4431868104,10019.585644561,2251.41297837597,19563.5183577397,2044.88761059809,640.306581833685,107292.593813083,22477.307933524,17945.5524166414,128271.605975505,15556.1118969735,4178.31453807874,3183.68233350335,43147.9458350425
60269.1560089353,3701.401530735,17454.286385438,5059.72174658453,25461.2199407848,5812.66818462177,1390.25186835602,30662.0959978587,35002.1416707046,44399.1746456554,11406.4252684629,11728.4803799705,105965.22827423,25027.2243769853,12532.7519596497,17501.1577476211,13348.0910864029,10019.585644561,2251.41297837597,6964.81293192429,1930.59421745929,640.306581833685,39914.6572558824,18520.6984319194,16575.0334146004,25034.6355751329,15556.1118969735,3615.21487950323,734.821463532079,34085.9304070569
44160.4132462869,2937.52434081762,9180.21759291706,4815.43316264045,6546.5401470782,1682.94579045321,1006.4559517438,18029.9179354922,32633.089190177,28103.9151642186,8427.77463367443,5226.37343116734,43651.3753369306,17463.7493858847,9885.17060589017,17501.1577476211,6342.00330673662,7986.70788593499,1397.34563650831,2614.06394251509,881.156065268538,458.684943848298,27207.4160499829,10840.1880888352,12367.0300639239,24370.3399400456,13592.8372475268,1858.81084280267,516.571934059769,30106.3092407368
8001.0612718569,835.122281248473,2126.71912918684,1299.94848406907,1409.47141144114,605.511392153535,215.170268238711,7397.48923789724,23901.9094145215,8988.0834418445,2873.04344450315,1603.81187270205,12050.0526305472,1200.7810261974,982.345869259296,11139.1684557367,1647.10484760528,2358.6244931797,282.504778165709,300.725697625237,273.288624909434,126.663471390533,10207.7325008029,1880.6435559434,7338.86206417494,9642.15500792656,3918.36055152899,665.254425589606,390.596372540202,12390.9043786145
714.244765769236,380.031300513908,791.908479231845,475.860330834872,190.69692796089,459.126062827559,90.1987252447543,696.187219821707,5852.64022929673,659.934331986048,763.412491278926,202.520456352442,1196.45986500645,249.637251865686,486.489447822512,707.358973849668,170.821272662497,373.757848248646,181.976345479237,120.423912788199,45.6283763268846,35.2786438125472,3176.70153947258,453.028132806226,246.965584460141,964.863485006602,525.743479709066,383.554167073328,253.094919345207,745.233081266212
231.197297042103,352.006236394737,56.9507207779993,355.703748602074,114.488310335024,403.55993704806,78.3765696125222,106.098070128605,202.340930582724,262.450643408074,492.371413301969,138.279039376919,84.5458759770775,66.6767430209052,311.221457288191,269.37816379444,152.357430528216,299.89783563802,145.720150777479,118.716674561259,36.622755918344,9.0615219415547,509.188663051596,151.800481552214,138.907717631934,177.828839127961,455.158848561669,202.040541856471,115.716409387565,164.931420173326
150.318037990434,208.09542378836,40.0654523794096,324.429362622319,93.5491234638057,400.661746223479,78.1770626494113,74.4710753050449,119.983814136786,96.0153669086683,139.249798560047,137.11597572024,23.2235714024994,65.8748256239248,304.126887740598,188.426962557262,152.344042858523,249.089196679328,145.056077308972,118.157993264464,36.6173307021888,8.97183217593374,235.886806552578,57.2586404505323,98.5999005096974,97.2792641886542,198.102026289488,198.721283326742,113.196991553204,116.587919267184
149.039984679862,206.437782372295,38.8522312612267,311.333474990912,93.5462413227949,328.175732463292,77.85585728561,73.400740692643,78.2688300367786,92.1435495606431,133.713419777269,135.837036673213,22.2038114000129,64.4356926612961,222.667348323048,105.128044415741,152.30848965915,144.958599956828,144.642136539218,117.749520179417,36.5938549469356,8.92587203512107,217.139980756871,55.8958615856629,98.5634046087268,90.3850306154316,168.034545336535,198.717356802067,112.79581117802,115.034163162361
147.630424391845,204.383746939221,37.2669235769192,100.484280755548,93.5423404821311,195.513582061569,77.7265152523155,72.904447620911,77.9287437274822,91.7414386024614,131.836042833293,134.669100656392,20.3202237702214,62.9949642932809,103.072140657496,103.176112335757,152.27604921531,142.939864900228,144.442318298107,117.539415410689,36.5654976341245,8.81464786129777,215.779769395414,54.2655003605669,98.4310479963071,90.3368293425513,166.052976592233,198.711854367505,112.602353415598,113.05163012632
147.359178670926,204.091704200493,36.9306905429378,97.4004738767642,93.5401107697517,194.595930468351,77.6584440863126,72.7364907600581,77.7067882903607,91.6104849159847,130.530108772733,134.424441159157,20.0198913076219,62.801331586815,101.76960961409,102.641873998781,152.244091942057,142.417066775923,144.330124144721,117.458792753603,36.5433209881414,8.64243977247406,214.137370586319,53.8439209187659,98.3071282895194,90.1816704886862,165.337367551285,198.708859600892,112.488928499939,112.566296544053
147.284862597964,203.998794769833,36.8460226662874,97.0483915504628,93.5398159528406,194.471614246599,77.6209886184752,72.6709193225129,77.634382033993,91.5648531679449,130.38232504628,134.350623225364,19.9350943460747,62.7278216897996,101.602939095823,102.524702546999,152.230076111395,142.315664909029,144.286669199272,117.420620062594,36.5362366784454,8.36290398574556,213.957138879104,53.7699614062628,98.237990105235,89.9839941941975,165.201307135739,198.707838445738,112.450163949209,112.474930277802
147.263467520218,203.972068878695,36.8250236987872,97.0039767288874,93.5398064448009,194.442941549096,77.6097820422428,72.6518839552441,77.6112734398673,91.5461425113922,130.349883320751,134.325681838571,19.910741815457,62.7044661334176,101.566085384788,102.495807451315,152.224455033503,142.286896877948,144.271265341431,117.408438867045,36.5351555082552,7.89735941397066,213.918381979031,53.743500920747,98.220924065859,89.5904102503791,165.170191604836,198.707611467946,112.436350885124,112.450301332714
147.258964661984,203.966205134017,36.8198322861233,96.9947847752035,93.5398064285362,194.436065670783,77.6071761675921,72.647002340708,77.6068960713567,91.5427174690071,130.343477051819,134.319414900501,19.9058778141509,62.6993490092063,101.558297855371,102.489647571761,152.222758279139,142.280741317144,144.267073837737,117.40517749161,36.5350639627502,7.68369128565882,213.910224231175,53.7387061432876,98.2200020012458,88.9323507909039,165.163417245875,198.707581502389,112.432905904247,112.444233820714
147.258459881171,203.965672572129,36.8191986898216,96.9938246700024,93.5398064285357,194.43529185869,77.6068147506983,72.6466124813617,77.6063862016272,91.5422819045114,130.3426058692,134.318801384736,19.9052452388228,62.6988327879442,101.557340686302,102.489069393087,152.222540827057,142.280167280365,144.266726096706,117.404770505554,36.5350616133071,7.68153522620787,213.909445939443,53.7380996156378,98.2199853398338,88.2733701873208,165.162712926168,198.70758095625,112.432474107723,112.44355685704
147.258442719215,203.965602791644,36.8191765574127,96.9937895102139,93.5398064285357,194.43526181714,77.6068018051305,72.6465975728286,77.60636858612,91.5422107986331,130.342582834258,134.318770758356,19.90522844014,62.6988098812062,101.557300256423,102.489050852583,152.222533467789,142.280146319836,144.266624298094,117.404735606785,36.5350616064632,7.68153026232926,213.909418846314,53.7380790795803,98.2199853037582,88.2718042221113,165.162686092239,198.707580954755,112.432457885638,112.443536694017
