3037.05141334433,4016.99788234482,37892.1132980208,21996.1745509222,24602.8331425951,14591.1466196601,8604.8999223963,18018.1681187842,6147.41715431093,4770.71718969248,20765.2706428471,2894.00533323564,24940.3334480861,6642.61923507146,26324.2243349384,24838.168171783,30506.0589412705,2434.33152900489,25277.3822065404,18477.0446594361,1571.67233080887,5219.36778772682,3445.81226924067,22054.2324666641,19869.1591180993,4837.26647203023,4692.52379781752,35656.7743780319,37927.1931975664,15736.9682717624
1562.10322185012,4010.20219146002,37821.9114106902,21960.8600611354,24561.1073178478,4908.53624333558,8591.87594964601,11509.9601575855,6135.2070116377,4761.37954260932,20734.7654621174,938.250049786024,1707.30683717198,6629.79975599956,26271.1582105807,24785.9988957441,30456.3188585161,2432.52044784951,25222.0403379224,18443.7771928241,1570.46083621815,2586.06591947545,3443.29406912136,22022.0896845724,17211.6127412832,1764.17181064204,4681.91855694364,9183.15838229131,37892.9894574618,15716.8556453886
604.130596210085,4003.94774821909,37749.8935614144,21914.3492090866,24512.2975361159,731.781513834304,8578.83266005159,11505.3956433696,6126.10159810203,4753.2602011205,20701.7002999758,905.121216731388,1707.2970955125,6622.60362876557,26227.2739209777,24747.7747549194,30412.5703396966,2430.79573211655,25185.5824954441,18419.2562216831,1568.81375309271,2583.24529811794,3441.54712544914,21966.6900567343,17211.0584172304,1002.61978424207,4675.69106354367,7457.46781483165,37851.3230198578,15682.8271171157
600.296239098544,3991.69531718217,37672.3954125846,21830.7959447106,24424.7926607635,703.001219523194,8553.49916792437,11499.9017297126,6107.21691239602,4737.82381688746,20637.6047037659,721.723814315147,1706.11606656834,6600.29963007739,26132.5270446802,24663.7711574099,30314.4265243217,2427.00855074276,25101.102931852,18366.4954655813,1566.40711787266,2575.02429446625,3437.98894370434,21888.6321650528,17163.548432806,962.743678663223,4660.69351200233,7435.61802821339,37758.3403282982,15623.11383931
598.912403892884,3959.39826051639,37455.5225820692,21620.3317551721,24203.3451565672,702.53829150655,8478.81929433632,11421.3249922355,6063.2120247415,4699.07225808104,20456.0942355916,721.584802637284,1697.01664028601,6551.00501602387,25948.2515574565,24443.2705449113,30042.6672042404,2417.44556973275,24916.9227593875,18213.1337225953,1559.30281136308,2557.21341521976,3430.0613033231,21683.0664859225,16985.3039008366,961.815792585716,4626.4054759101,7370.38732757018,37569.8501970521,15487.7492950574
596.189214193004,3886.80138030997,36956.2564026736,21256.3528406561,23749.0921698856,701.66902040663,8350.66443871524,11234.5379540963,5974.15931081873,4620.08732098955,20138.7296199345,721.578401755473,1679.86614111148,6449.42937534547,25548.9876210837,24023.4413367943,29503.745038952,2397.51415447275,24482.1225606784,17933.5046219071,1547.25512783094,2524.85392985207,3414.15158764448,21275.3819151676,16707.9388580278,959.607279472832,4556.80524792157,7242.31879834476,37131.5008624765,15196.7673831387
593.686502613592,3815.43836593553,36521.3099638448,20903.0325435915,23351.3011162842,700.684730038578,8206.67308163823,11049.5354636474,5880.61436735442,4548.36907322987,19833.5965417866,721.578272920006,1662.43646743588,6357.12783675558,25210.5338774362,23628.031555021,29060.0651946549,2377.89446670874,24025.0212700096,17654.2765348261,1535.00593667465,2493.1613064274,3397.24001062037,20901.1930637922,16403.9986242709,957.84016162953,4486.83368441524,7109.63434070303,36779.5595107989,14949.2752123067
591.193249902205,3750.47295593607,36103.9567109973,20517.5103345289,22936.8232715429,699.725298102051,8059.18391044456,10884.3573997896,5801.27140748942,4476.93007000549,19525.439912718,721.578268241411,1646.33778723632,6254.99631027997,24835.4574640456,23256.0027329416,28566.8766159243,2359.76012694494,23642.3479250084,17398.0022849805,1522.24612913794,2462.72895039504,3382.24203964721,20487.0293050603,16136.5278690474,956.002620014448,4422.45982298668,6988.55475095347,36421.0217668187,14696.0254413943
588.598646454886,3686.83448739241,35622.8496009799,20165.450263098,22538.181335779,698.798456189891,7935.71003541696,10703.6205490133,5706.93282778571,4404.97525374522,19186.123106209,721.578268132107,1630.41591538916,6163.14056675531,24369.6495112524,22861.7023392301,28040.9539980756,2340.91188235409,23223.238986026,17134.4434474412,1509.82819059171,2430.9920566029,3364.41400036643,20138.2628827665,15873.2483672064,954.202892017426,4359.80342928389,6857.29675525753,36033.1421225246,14406.756633263
586.194635374479,3624.86650113591,35158.3684793487,19858.2981028704,22145.1799414706,697.889719555867,7806.89546116773,10553.8358682454,5614.92211814834,4328.89338961271,18887.6806427896,721.578268128889,1613.43419717234,6065.08691495045,23972.5360885117,22512.2644756399,27581.9953491125,2322.08962771462,22787.8068180994,16884.7005005601,1497.45422068706,2399.43557298971,3348.59975890837,19797.0716093213,15623.1369692824,952.289557090871,4291.19906405053,6744.73027321927,35638.4549396765,14144.5157257713
583.905840831846,3566.10403399987,34723.745042166,19514.3557889684,21753.3359565437,697.000034395792,7674.96484020675,10397.6277076756,5527.87045914688,4261.56596921507,18551.005338695,721.578268128813,1597.91485327058,5972.33985396404,23603.9351296395,22113.1545222206,27105.597154847,2304.53945590958,22449.3273862668,16639.6612601571,1483.9228039276,2371.69899571633,3332.82078406936,19461.8720791498,15402.5676166097,950.31522374233,4227.18641192739,6610.4944658089,35299.9527210014,13888.3495413687
581.528900255442,3510.42449181877,34274.0978873246,19169.4505647269,21361.690721989,696.219305311716,7544.1435298926,10233.6799132986,5449.46536806891,4194.52753590242,18270.1474610737,721.578268128812,1583.75076804722,5890.40848679082,23215.1627041854,21697.1319832913,26674.0963137526,2288.07218104382,22118.2769595804,16414.9279723717,1472.29693172501,2342.66744719837,3318.92147861165,19129.346655356,15140.4320633923,948.567224632075,4163.98833638266,6494.54716457906,34946.3597102609,13613.5786358612
579.308976800755,3451.48994947437,33855.1118690011,18835.5440992554,20974.9432787314,695.333239856785,7437.46894829427,10077.7985800051,5366.95433681914,4123.53716626315,17985.9768349652,721.578268128812,1567.51479715881,5803.40479449381,22834.4440475958,21331.6246021118,26234.3247324547,2269.2811749329,21757.5014086664,16179.1428369742,1459.81548456682,2318.04168224379,3303.13505339613,18840.1628416669,14905.4902876832,946.925918175498,4093.92835586467,6368.95550164683,34592.0072736062,13373.9881199004
577.291279701687,3391.80220092361,33449.7234726528,18526.2695936346,20613.9150556274,694.523480085819,7328.13461509021,9919.44917529986,5299.22033449495,4059.37128754163,17714.7644042981,721.578268128812,1549.89821682855,5712.44446482326,22466.258490037,21001.3660222597,25765.0938627566,2254.12786405294,21414.4547375006,15949.9587790562,1448.9103457568,2288.07605372147,3289.04251371632,18518.2854012809,14650.1682872375,945.180572283379,4037.94155252796,6256.7243822214,34238.573447435,13136.660598297
