21221674.4555484,146749473.722144,440932.760767054,4507428232.87882,1575320780.90152,125541384.212689,10876239738.814,706693337.722234,86887473.5022489,11360429355.5721,5882806896.7597,1020492449.61099,1496541391.18359,80433982.882689,289010167.280862,13470778708.1406,8162763913.88074,69914288.8317937,1052095308.23008,6146718644.59747,2141780225.12308,997783282.915839,855019784.268875,1937730212.62184,15048762245.1277,2642739673.25238,12966608856.0237,252405367.754833,10358618943.4193,12541949905.8211
13324526.4146644,6593106.11039534,7233.41351272996,2200469.79243206,1260116.61384393,584454.758980631,292351072.655928,19777473.32453,2721025.83817087,431289611.790482,391462106.956982,807224.279952191,42551125.003425,5213849.48807994,997888.740292034,5212657479.85827,500917744.168309,2951302.95463142,1387140.76470367,145254326.187546,198735688.464905,746647.063386207,77719361.1590808,139696632.873536,2417733030.23587,43945343.8305658,71485130.0951235,1823893.18318546,1921951482.66483,26138615.0962185
31576.0573331305,52968.6823172968,670.217244887028,219283.033688895,14073.6929073705,38749.3002915561,148954079.238508,238231.599189643,32675.065715978,25892956.1304029,28733608.2427146,690418.120945444,594252.44069517,24587.1668877456,15033.5882406443,9194235.54550495,2177837.92686317,46253.9397556524,1387140.76470367,201413.630101583,208078.037585822,76371.6268207107,290151.095187131,3076171.18239879,183652864.799585,272618.359243475,2239409.67458947,49746.008361891,1082865245.08309,2680970.87461036
230.852383645542,29956.6433169396,474.45133020182,15656.6568363081,9174.69216390192,32907.5619097923,83554.066184495,21816.1254480758,24082.2514150465,12766.8636175666,31831.8529021327,5813.87447273956,14415.7487531781,6668.07391136212,8433.64289049588,20949.4353872843,18353.1624418959,23382.6759703684,14799.6175140145,4055.25704839062,22581.6161482359,25982.1457478113,14985.1459277315,15508.7819942032,113258.483918527,23159.1087935741,10537.7953069159,18406.2251594071,9542.14978471152,14540.2686171244
228.22594331447,29948.756001139,474.388167823058,6413.0656001829,9170.79972902984,32899.83994275,12816.2611555113,21790.6810965459,24080.6687008227,7918.89510263663,29955.9550394127,5404.59321505981,13783.3313075033,6632.96329435608,8433.07533196573,19718.1009710659,16421.0086239679,23382.1632861109,11025.5132913632,4023.48302973826,22370.7855787348,25980.1998362847,14587.4099533652,15213.7927482089,30835.9894677474,22974.5282552296,9627.50644682059,18400.5809614273,2322.27906882757,13912.0308252562
228.212629696869,29945.2086159464,474.263832911085,6410.92566328399,9167.6235458441,32894.9324656396,12802.1087404621,21740.6795062924,24070.5720990084,7917.30540959138,29949.2238710095,5403.83343168085,13759.0679310858,6632.61801331099,8432.4362543143,19715.5985081341,16418.0061833288,23374.7873986051,11021.7058331318,4022.91663063162,22362.4670223581,25975.8544143681,14586.3816242779,15210.6316585167,30834.472359239,22968.9563945438,9625.11650271169,18393.8386620432,2321.86482808587,13910.5497410989
228.018880148558,29915.4189345962,445.839893471049,6405.94094138952,9163.84458308476,32177.9873109931,12576.1655776982,5719.08202458183,24046.3448622921,7044.41666234229,29921.3402639976,5399.10137953502,7233.38376764963,6623.73710350201,7896.77737499553,19532.1239516677,15955.3498292148,23355.7233845476,11013.46345239,2658.54464951251,22345.5519405916,25948.894018755,13367.4892691781,15197.1884178374,30806.4958027202,22941.9018839392,9619.80147574598,18366.1137910457,2320.04192931937,13902.2133714396
162.568927492219,29881.5115448452,445.521924293323,6399.41546279034,9157.44308605978,16417.0342123831,2784.65687901666,5707.01408814183,24015.8185431422,852.384949317013,29877.7340481247,5394.46654680665,1527.53327730189,4631.51488976194,1483.07360649733,6966.62857043435,2332.57402028893,23323.5547000721,10996.0051766632,1386.78545642211,22326.5464788164,25907.3202386356,4794.11769028575,15178.5842771219,30721.795199729,22916.1659178493,9609.72051986256,18349.3030880032,2317.70062891065,13892.5653209884
37.5955535938383,29802.691186152,439.386216354401,6385.91406912645,9143.90700638789,16412.5504749304,2781.80569806443,5693.52767779804,23972.1143199627,851.741036883308,29815.7962376384,5381.764769855,1527.35872331761,4629.65335180164,1481.79518984629,6965.52351874568,2328.19671974494,23287.8513138544,10974.4724236688,922.034813729367,22293.7602966764,25854.3243552415,3228.3214604326,15157.77317248,30676.4617153016,22864.0472417231,9588.04507576906,18299.4013491377,2314.07511396403,13872.108869088
34.8646803557556,29687.1390437894,438.85962007568,6364.64745267686,9125.52494123827,16368.0810184853,1539.20227948399,5678.46189235305,23890.8067106805,529.570034529483,29754.7181147139,5366.70199532365,1216.20976500012,4623.09011726707,387.094395274299,6961.89986783999,2322.00873480159,23206.5384932535,10934.4313423038,639.636750578844,22230.5609996807,25756.6677562759,3218.60380094708,15118.0157244629,30592.5593111105,22767.314234294,9556.53077247451,18237.0787547455,2307.49578465396,13834.5477298284
34.8437697918932,29525.8554415362,438.184367969683,6333.87506507252,9097.28591703434,16268.4040899093,1533.76151344721,5647.83042425704,23778.8984208784,511.317559257854,29598.2338369192,5335.18062743096,1211.84336573,4599.87006259519,265.84995202453,5086.49523274457,2310.89947309933,23080.9720717407,10874.2464618351,629.624234707094,22116.3048021536,25593.3579000864,3204.19859845083,15031.1432788713,30454.5123179747,22586.23916481,9509.44557911187,18131.7974678461,2299.0027889616,13772.933363273
34.8090589658004,29291.2388297917,436.952652690111,6291.75974002962,9047.76229691289,16112.9544988677,1523.55421312591,5605.86280994489,23597.3355085517,510.411834887899,29298.9393610402,5292.23025462817,1204.44044031285,4571.34978341093,265.523138496917,5048.82391445349,2294.01002948836,22860.4602038347,10788.5067311915,627.274415227386,21906.9540258141,25392.7619880869,3179.43947583429,14910.7836495452,30207.9435549124,22382.4623230294,9429.88051454559,17980.3732335242,2282.48102904341,13668.2940741478
34.7515117763448,28867.0494101116,435.162425085582,6230.41534143517,8976.53980791697,15886.9773461086,1508.16549182689,5535.54475651592,23355.5801402971,508.868607817407,28950.0625006696,5222.16281489621,1193.11608739616,4521.5498449373,265.04080088745,4977.43201098546,2266.53324640187,22579.0961292831,10636.0568569903,623.517099254021,21585.577266036,25035.3436527064,3133.52258873992,14688.4889835904,29807.0839026445,22082.704051614,9307.6579211723,17717.0713497438,2258.65648877221,13514.2477157594
34.6592747392065,28242.5007380119,432.319798875962,6132.93321947999,8872.62622172278,15559.4949092989,1482.1696147497,5419.49997943124,22875.19753641,506.435236641661,28356.6035403956,5123.59116710907,1174.05586939012,4444.41512932831,264.318596572708,4864.45088276647,2230.28601921217,22155.1713302426,10422.2954549989,618.434798629827,21141.0711493181,24504.3980186802,3074.49777965699,14361.9668249522,29202.1840037859,21553.6578581306,9124.11400571089,17329.4878182197,2223.78283521636,13268.0045318808
34.5198029929595,27352.0447724246,428.219020470119,5973.68825597866,8700.2258919841,15063.9952312504,1447.77262526369,5234.88921875446,22119.8919761327,502.713812897653,27401.4335373776,4962.67194373706,1147.4507537728,4316.34037232063,263.139071853271,4699.78477987546,2168.63552271109,21448.0291101635,10056.3055329122,610.145962002699,20413.0480781358,23644.8072754858,2973.5189939795,13838.5489673874,28353.3345385946,20782.3946052135,8844.6374578953,16730.8707023529,2172.49408530945,12917.7216380587
34.3121200349219,25851.154589421,421.481838845947,5710.58961894363,8447.51433373792,14256.920984945,1387.24089937557,4965.24361635118,20963.1224372704,497.449950152274,26017.3083202321,4688.52975901931,1109.15795351493,4135.08316955155,261.255261494872,4469.78286709004,2077.58311304893,20387.68339524,9490.13338056551,597.442991179582,19314.6600355843,22344.9487989114,2829.8159070835,13055.5714700681,26969.1279141523,19737.9278910812,8416.87688649134,15841.1596738076,2092.15603598449,12408.5573028355
