1113.53305794908,4477097029.0525,155575.891210551,247733.225813253,2074188436.54571,693320763.221602,5410.53345447797,882430.53966246,513500285.641312,1635381717.92332,106.876720177669,634422.164839918,4093361.41500546,211392.918927645,2536783442.50248,104346299.258536,307137.383701524,2790872609.75568,20122.3809033004,2066714845.02534,25651.2691117769,286316.07936403,6425650.88313831,28712.2232366879,14878.5478933128,1037792022.56334,348640048.494133,2755157652.65545,5181443093.83032,3278811.50893456
540.877862172764,44727.5441865678,29807.8259225584,18202.1398583883,3342880.29798078,371050.590128609,5410.53345447797,146527.793862867,220577.988457458,124035.58231651,106.876720177669,22803.0738480052,12777.1793039499,211392.918927645,2777112.14902234,850.842358329757,3047.37619368764,1875192.29924193,20122.3809033004,2216932.9291951,15341.3134685124,286316.07936403,151103.658418995,22833.2623929059,5735.19216987245,2956195.55935006,72347.6322292573,274502.304130222,64153.0990623533,471.928524736719
536.337311945081,9818.19791221423,12405.2594403845,17217.5485924981,3546.76277571013,167.088646496064,5410.53345447797,6934.1252204614,25894.3128753294,1127.35969918695,100.369115831926,20308.5093258464,7471.34632601938,1803.11959150883,21259.6641998069,755.581275629609,2679.07424591912,1649.84595719083,19802.2601991925,10770.5793268706,383.771247509592,7709.27584168653,19502.1427201009,22737.7196429511,4610.40085770294,6377.56347705571,23172.9564379525,16750.9824494235,3139.65798805683,471.928524736719
534.450931795885,9818.19791221423,12397.9255892215,17217.5485924981,115.732868638354,138.756356146718,5410.53345447797,6934.1252204614,25272.8291645731,930.645463180324,100.369115831926,19563.284255043,7471.34632601938,1223.90639558425,154.708725543614,717.379084008889,2666.13106901848,152.182142390355,19802.2601991925,154.684433310003,383.771247509592,7546.90029853451,19498.9414905269,22737.7196429511,4594.57920013899,1262.46733194139,23172.9564379525,16353.1240421227,883.523649993206,471.928524736719
534.450931795885,9818.19791221423,12395.5548895024,17217.5485924981,115.732868638354,138.756356146718,5410.53345447797,6934.1252204614,25262.6302544829,930.645463180324,100.369115831926,19563.0661756062,7471.34632601938,1223.30691846512,153.511646856011,717.379084008889,2666.13106901848,152.182142390355,19802.2601991925,154.597460443247,383.771247509592,7546.16341191599,19498.9414905269,22737.7196429511,4594.57920013899,1260.60396032137,23172.9564379525,16351.6488461884,883.345047853222,471.928524736719
534.450931795885,9818.19791221423,12389.6640734163,17194.1302388501,115.732868638354,138.738894081387,5410.53345447797,6934.1252204614,25256.2110594841,930.645463180324,100.340420398993,19553.6310576646,7471.34632601938,1223.29409116227,153.509936828994,716.443821873283,2666.13106901848,152.182142390355,19794.6379264114,154.534904848207,383.771247509592,7545.00466975335,19489.3196744135,22713.3301696553,4594.40026121301,1260.5571742355,23172.9564379525,16331.461211218,883.338940863088,471.928524736719
532.493676447514,9818.19791221423,12378.8677971028,17154.6209354432,115.315793971742,138.685787194062,5389.3979006992,6908.01194746976,25231.3059212586,930.645463180324,99.9945864819072,19540.7857778261,7471.34632601938,1223.24383017324,153.44030660842,711.091318220452,2665.77497541706,152.182142390355,19782.8553496388,154.087477040677,383.238911990732,7539.09459933552,19458.6673250914,22646.2087327093,4591.0986966342,1256.80959325865,23150.2099186335,16312.2569545497,869.500093679853,471.928524736719
529.111844627818,9818.19791221423,12366.4665636506,17098.695140011,115.272426420276,138.573115150694,5351.33564282748,6845.69829948244,25182.9500536833,930.645463180324,99.7369988150344,19512.3939532255,7471.34632601938,1223.14812543901,153.230394980319,705.036080701101,2664.35486079842,152.182142390355,19748.6603858766,153.292598749225,380.028880515948,7531.93166428188,19416.241161388,22523.1210593402,4585.86810510293,1251.15427259821,23054.6255828171,16274.2992361265,869.241956879088,471.928524736719
522.715787167541,9818.19791221423,12350.5502635534,16978.1487508227,115.114627700878,138.467355643364,5263.17153511509,6785.93943207657,25085.7885471602,930.645463180324,99.3823230621601,19444.0875089744,7468.40936793878,1222.97820014913,152.767674535656,692.775350488501,2662.77747433691,152.182142390355,19690.6842399713,152.032855937757,375.608802955093,7513.61647524126,19340.8261537907,22297.1988760607,4579.432951579,1242.24116683769,22919.9220693747,16225.1186065348,868.86901909176,471.928524736719
517.008891125415,9813.04712589639,12292.0380303089,16808.7652130429,113.899387450741,138.363877362769,5164.63279043909,6670.57112299948,24971.3900083955,930.631138161048,98.860653676556,19330.9174138487,7447.97690529889,1222.71320930228,151.583623312124,683.097479355652,2659.57912314074,152.182142390355,19617.5895274371,151.035953237355,368.88304293504,7489.66527747107,19231.4487692344,22034.1394654735,4569.5311113279,1226.85670337206,22630.5138751238,16150.0951218719,868.834020733263,471.928524736719
509.180729514864,9760.29472109345,12219.1609864853,16582.6938817205,107.837660426587,138.286220058473,5027.33285129849,6515.48032067329,24816.1541358424,930.523133015205,98.5390049290074,19138.3767047047,7399.7992918322,1222.22237434586,148.536253826945,665.450221361097,2655.82468931959,152.182142390355,19481.3871396058,149.613776651197,362.510505936796,7443.93095951961,18979.7300285579,21639.3135583574,4554.39122140209,1212.48537885691,22196.80693007,15998.4217770288,868.794226904053,471.928524736719
502.226469486028,9698.01335624609,12077.50786149,16359.8440608115,98.8542724935021,138.263100895098,4875.84200856083,6305.94937310925,24534.0855948677,930.414624329786,98.3877071996078,18611.892351378,7295.58902463836,1220.7752210335,145.937230118778,650.588458208997,2649.58338824287,151.221751636303,19164.169905813,148.767716531792,355.586093403265,7331.65844265418,18451.4095379537,21140.794335716,4535.0226835077,1192.29003111967,21690.5202088882,15836.7131763923,868.707717602982,471.928524736719
497.570320686423,9589.66194651736,11755.8355768587,16024.2925776628,96.7821037388376,138.255749326565,4720.38407644824,6121.51932711961,23936.6263550479,930.315818968356,98.3701422244069,17714.6642656331,7008.61185020661,1215.61662608899,145.374467101212,639.481263512963,2637.54067670423,150.192067190933,18429.4451027437,148.39171494851,351.848598487497,6945.10649711586,17548.2809386537,20475.3477996972,4503.53944760866,1179.13666242415,21007.7189506884,15599.2213326526,868.557560722135,471.928524736719
495.739933819964,9227.7377778522,10860.8613150684,15632.8542741818,96.6626114924231,138.25472827174,4618.04144410911,5951.76006684188,22160.9086988862,930.250877196421,98.3682243075837,16561.1470723094,6378.50391177269,1159.72631736766,145.356720230813,633.86920889525,2580.16006863764,150.023646802127,17075.8431702257,148.300203682636,350.250415441536,6352.29413137433,16486.1499485602,19877.3165816357,4418.49782626641,1172.32814374322,20166.726780297,15044.1527232291,868.28983811771,471.928524736719
495.433054528922,8104.61840625473,9924.73736288577,14542.0639316632,96.6615723044486,138.254702281472,4535.0730771674,5812.41181229033,20376.5965447119,930.219792663482,98.3681988712897,15703.9689913873,5969.21790088765,965.397374335361,145.356495815863,632.475151184538,2167.45815132189,150.017542027176,15976.7075653205,148.293268594055,350.096362533823,5993.01485456278,15719.2912096096,18670.5381838249,3866.03313179882,1169.70605352379,19071.6694518251,13330.3508815733,867.981802152235,471.928524736719
495.411646540112,7539.23761777968,9362.77614035979,12523.8780694601,96.6615716136168,138.254702195258,3864.58174623973,4933.55313656201,18566.3152770845,930.213070907777,98.3681988534229,13496.1928305609,5721.45676761958,942.608696056016,145.356495165791,632.360503910571,2037.97632582034,150.017514406175,14477.9295963909,148.293189993368,350.089306175,5701.28363054538,13801.2865406616,16144.2897562091,3500.34491873629,1168.78696601706,16214.6876523988,12277.7444595507,867.797628251221,471.928524736719
