237.605513459997,123.089135562496,23187.4478709942,741.919074715461,4734.43426267688,4924.8083772331,525.638755614292,5876.23355637471,22520.8250199987,4516.46364329931,378.750131572887,6902.93021524927,608.685366119698,8073.90712921382,727.077879235277,653.166969985537,414.845294188894,12475.4315582536,15782.5259402917,336.413077031339,22428.1495966039,3404.95433620738,245.491881834043,5011.74982611604,2556.67913004318,21963.9613442378,916.773791642609,798.580704246352,14595.5426078232,5063.09672388721
237.516871710816,122.703406139428,23092.2856904083,737.080198187895,4724.8130154324,4924.8083772331,216.766057857892,5873.20468512714,22440.4647555862,4513.63998017456,378.656963689683,6865.30544802854,604.228955026844,8073.90712921382,727.009288261543,653.152444262577,414.845294188894,12475.4315582536,15782.5259402917,332.947775120449,22357.5962173337,3396.91774016569,245.474146656502,4983.33676597318,2556.67913004318,21878.5946869139,916.671814864781,790.897525067223,14534.6878217227,5041.55927566244
237.397079992406,122.555390672679,23027.9270167417,733.589888840605,4714.8204560992,4906.05847622707,216.649686548879,5866.41253746267,22338.1374732795,4509.42644120507,378.256130508095,6825.41480855261,597.149600686392,8073.90712921382,726.679624075753,653.126276954881,411.757838091431,12475.4315582536,15782.5259402917,326.979744206628,22284.1278407708,3388.67209198654,245.458811175833,4963.07358831472,2548.98508636053,21783.7188606323,916.618398058672,786.27492599603,14429.6662890011,5023.27447481005
236.980112969077,122.175480317422,22784.8520270821,723.460908179506,4686.86086255816,4866.04766879403,216.458745040735,5855.27924747177,22131.7809083348,4505.43803596453,377.52159378758,6749.31000362088,583.356607582542,8073.90712921382,725.868704657853,653.087871469586,366.262384869904,12475.4315582536,15782.5259402917,317.674851859905,22125.6825368785,3368.98454093469,245.425914084533,4924.79924371691,2506.07066113283,21609.1514914579,916.482607106162,774.822205533062,14286.5848344127,4991.00287389733
235.476796980767,121.715867209723,22293.2455839863,705.816242866581,4653.07970901668,4793.25078239693,216.191480160606,5826.78375747428,21595.984043859,4492.09992245607,376.107165533061,6552.36538357519,550.240211471738,8004.11006424363,724.276150615841,652.968629605586,357.546323627159,12475.4315582536,15782.5259402917,308.729733022404,21662.8216098099,3298.88400248007,245.381953170028,4852.72925747981,2413.36433933602,21252.7787966696,915.504784159691,754.630175295179,14001.4077467226,4888.35378014097
230.633204238691,121.649195497898,21377.9713896395,687.121538000239,4583.75657565401,4710.59852004369,215.986491445714,5726.04045191088,20898.3264059521,4462.05214317437,375.393238224455,6286.25659026612,515.561118407265,7786.14537736635,722.950622523104,652.587182168756,357.461603517115,12368.6709027122,15782.5259402917,301.760069917044,20934.3790957816,3099.69863755806,245.346361112759,4716.75174027355,2276.18723622706,20700.026241081,910.87753682363,732.540345562052,13352.5956370482,4745.90926925294
227.969569750834,121.646943493853,20679.4130904744,680.956298570869,4549.51313034327,4644.02682777162,215.926847567317,5483.42156423872,20423.165302915,4413.03158648486,375.098974456411,6111.08482534796,505.339802506078,7669.79939038203,722.432368039449,651.959008442213,357.435399381229,12238.7466200053,15658.4859795652,299.44040507295,20370.5877740624,2934.97150942275,245.337226132051,4654.67083814194,2181.42604289187,20268.8355858139,885.99720274748,723.550673454324,12956.4059655605,4662.19428735361
226.993068853627,121.646851717734,20208.7147315517,678.399267777181,4519.86072000201,4607.22270128798,215.911642624676,5167.08097176522,20057.8736724819,4265.76649234845,375.022391902573,5953.33105864556,502.074783699356,7585.34153918428,722.177294215797,651.192095841701,357.427621426159,12042.861433968,15463.9404439692,298.71507729799,19988.2213231452,2817.30418174308,245.334754432881,4609.33668956062,2139.82051906492,19940.583127782,824.484487520787,719.885265783122,12668.5905335969,4605.93279776414
226.809001712311,121.646849411936,19882.5069749626,677.515084633848,4489.65745032472,4582.78404212846,215.907111149157,4938.13992648337,19783.6948535038,3976.09475959555,374.993560059369,5885.26691516964,500.656410626379,7525.22676883494,722.059630658972,650.425536844462,357.425599337002,11705.7654884511,15249.8940410076,298.524250984245,19713.9293822234,2758.29275442538,245.33420172613,4577.73956253195,2112.83685997095,19647.746151983,755.553412706686,718.523610158751,12457.4013600353,4569.87636218655
226.757274782397,121.646849342661,19625.5162748138,677.117356267876,4446.58208091172,4549.50529561472,215.90578315226,4769.30641135253,19489.3792903969,3780.41058356753,374.982821444977,5834.8510861227,500.244574948577,7445.43278324299,722.020460963159,649.715737089327,357.424841907102,11140.1535581684,14819.9089270203,298.469142963175,19409.6296721773,2722.2787278631,245.334052247329,4551.67177797197,2100.9332712638,19367.4760676362,724.077904564197,718.051357551594,12311.0994183934,4540.51246179599
226.747339079785,121.646849340803,19357.8696666961,676.918451970618,4344.30845234566,4502.80877226233,215.905628594772,4683.8725355547,19025.264913767,3623.48003101962,374.979813882921,5793.84314136887,500.050804539432,7322.22053758903,721.99670434884,649.187648071946,357.424561280116,10607.4348274812,14153.8404362691,298.451163848604,18866.2984261706,2702.76255907476,245.334018309627,4520.88201307553,2093.32202972997,18782.6489780668,711.772576591749,717.810777422269,12159.5985863447,4510.32376328952
226.743765712107,121.646849340792,18897.1023804092,676.843451635153,4092.47178049752,4422.89461718201,215.905585858702,4626.74712946402,18388.2420651312,3546.99322340417,374.978766264892,5742.39946010023,499.993231236396,7095.64022135907,721.988947800015,648.906622046309,357.424464778235,10227.6242229766,13496.4143822422,298.445251044263,17949.5823178823,2691.72477597198,245.334009827269,4465.42781506663,2088.6739950709,17940.0362117638,706.036794963021,717.719876188769,11931.260048829,4474.10280822692
226.742843608718,121.646849340792,18025.4284359063,676.802022599763,3859.67649188282,4245.7287087786,215.90557764145,4592.40324985582,17369.9819763992,3504.16791625306,374.978486901599,5647.35026001663,499.970709410827,6659.38512686358,721.985891404547,648.720215563705,357.424440488141,10024.1580951418,13115.6969267172,298.443741474638,17157.0737001287,2682.28509025678,245.334007887239,4352.88603029623,2085.41564523633,17160.5073106753,703.660364572829,717.687263577785,11467.614513569,4398.38721834233
226.742584463248,121.646849340792,17074.1190599941,676.785483514394,3698.77725208557,3986.74747928273,215.905575488873,4568.6299537679,16720.2379509207,3481.03504171246,374.97837537877,5467.85463080274,499.960656692035,6392.24153500012,721.98435503466,648.628388747697,357.424431161079,9861.33376963763,12769.1384381548,298.443298779274,16598.9332111922,2675.06353029097,245.334007436195,4132.73680529072,2081.85663615512,16598.0578476405,702.680124217596,717.674230179909,10924.0547041206,4211.16776011869
