32460.8958191213,58444.8302805598,69556.7544697225,11155.3583682369,12387.1243685353,102466.225593772,5243.61621004715,57572.7065138007,1095.89890569426,118283.455790971,2012.80045767929,223673.533867434,20221.493891667,61029.4052988129,47489.8607707001,80566.1657416576,5050.51159869782,250620.464321003,21925.9893633533,315.41059998217,12833.7288292041,157515.861192446,99570.064346024,134422.899722598,16587.9942624951,117489.746289276,6581.12171092462,26096.1351975462,48104.4684552837,24661.1828910937
11668.8161260135,18338.2880045035,32092.7348139676,5014.07576095724,12387.1243685353,26234.7350571485,5239.40486547271,56544.1159712711,366.007435173769,3381.33621041815,109.867438139427,23557.0423667916,18370.4684085587,3290.34573387226,17115.0685040307,16429.3788244295,4725.49558029381,23521.6427810022,21925.9893633533,120.841812525482,6643.868123869,16072.0235253391,33188.1651366322,34390.4321657296,16558.8522009387,7583.9948808888,4224.00423381875,26059.9164656119,10779.5049417661,1125.02188022248
10615.1990840408,18337.1503082645,26045.5658165034,5008.43159065899,12387.1243685353,26185.4785139677,5234.4375783421,5370.76968518318,365.930321382491,3375.38909243231,105.680404842964,23490.6525381443,7200.00797984467,3161.02250445426,17084.2030764749,16408.1590717804,515.604819389294,23521.6427810022,21925.9893633533,117.694490413703,492.892101759942,15605.1676625448,33151.8103795915,10461.4898301481,16531.9346966561,7583.57993830315,4218.3374007083,26013.4933138945,10754.0164686226,330.258822532275
10614.090346989,18330.7300834538,25971.11639892,4995.1677373553,12352.3482242053,24022.2283463415,5218.7831727285,2737.91536327298,365.49473157855,1494.81445068023,85.6904219442072,1565.55471269789,7196.31180503304,2217.98487940713,17046.7274422585,16375.7218649954,486.201141525775,7144.07977697678,21925.9893633533,117.682951671467,492.229171749974,7245.77740870622,33049.6074340753,7985.68990568358,16484.312101575,7583.16024761159,4208.57327689801,25959.1716929337,1842.1679859516,329.728072449898
10564.6422830763,18204.358108674,25794.6510977926,4972.12865586911,12250.2751499706,13664.8070901367,5184.83835913315,2722.97441501821,364.668967815926,255.385198592868,72.1256014164937,218.721747824942,7017.95346846339,2201.48942912887,16916.0323503678,16301.9004191664,144.55150013923,4599.3509097996,21925.9893633533,117.644898352549,490.346462588758,7220.73365471514,32838.4236603881,7928.91411812446,16353.2014776703,7541.73716456356,4181.8747216162,25799.0012969218,1808.60743878734,327.837066186737
10425.1788960525,17989.9799133189,25444.3310071099,4912.52544775225,12052.9576827802,13461.5570097275,5113.28256718941,2682.27385915211,363.018045371396,253.498987840931,72.1226001070215,75.7608491484505,6923.74310159857,2170.42347125509,16666.7040458191,16090.3504368122,136.645805768826,4549.03596889774,21925.9893633533,117.567501945812,485.73887995064,7141.95744366774,32427.7968902955,7818.56482939368,16109.1589337248,7460.27881936645,4126.69925161431,25493.5957015895,1790.01431106682,323.812328334478
10289.2957202016,17766.9462414248,25117.4603615227,4856.68352848947,11900.2907361766,13254.2339309839,5042.94087785914,2649.44524584421,361.539485563953,251.484225263772,72.1194698224069,75.7608491484361,6846.96242255272,2143.02229041025,16429.9003555134,15926.4760155116,135.403968825977,4489.596435207,21925.9893633533,117.489008831457,481.489229304727,7044.93996237767,32069.6616898544,7714.02414807464,15896.8627267876,7398.22258251005,4077.42194997663,25178.6355593224,1766.72330784941,320.15541619116
10170.4718671983,17547.650063715,24770.8230888197,4805.28933775123,11727.3069717951,13056.1210918979,4955.68262042507,2619.0152729382,360.074638053141,248.955845315812,72.116462779233,75.7362161384042,6762.38010758494,2107.6706713843,16212.3127024469,15733.5728862422,134.096019233333,4430.14583256809,21925.9893633533,117.428409509096,477.216242568348,6971.06404918379,31698.3046677462,7586.95489174292,15639.8956064061,7319.56786237813,4025.27941069763,24886.8986429588,1746.85996619322,316.090587091829
10012.9552340229,17324.6647145971,24460.0945290947,4748.18572721522,11548.377888438,12836.3261606728,4884.2863921749,2583.89749373755,358.607474098628,246.61372491601,72.1129364205165,75.7021778693322,6682.02510350894,2079.11517316388,15982.3979694837,15548.4687650329,132.930304655389,4371.36240819385,21925.9893633533,117.353017752637,473.356007229341,6893.88659949945,31332.4670719741,7472.97300253001,15430.9369281855,7246.96926875724,3973.2016287424,24604.133308252,1726.11040658964,312.036864390215
9876.20240902079,17065.8584648297,24150.1620620297,4698.53733503946,11386.4475851455,12671.3756554107,4826.72525120197,2549.29314231826,357.167621138371,243.941780159905,72.1092951611811,75.7021778693322,6606.69752116338,2048.75034823271,15765.235820535,15404.7616046995,131.624972746776,4319.93866902111,21925.9893633533,117.291008321038,470.040173650265,6813.2236200555,31019.1359952715,7359.13522211283,15216.8104689806,7175.34499351037,3922.82527491549,24334.410801713,1704.63432635535,308.719596222585
9752.72107016653,16840.7625898756,23800.6787535192,4651.28390251365,11216.6334984175,12480.0067894502,4775.64317832979,2513.06021716853,355.664578947809,242.091185693208,72.1057730269415,75.7021778693322,6532.71906671318,2018.29998531229,15546.3938824072,15233.0961254541,130.463133630853,4273.05869573472,21925.9893633533,117.224930448643,466.237093121321,6737.85002406092,30650.8624760827,7259.21671245136,14963.9559625818,7109.46375613972,3875.04597977718,24053.7626519015,1683.75142066437,305.171741282629
9641.24181650692,16604.646743867,23493.1965491916,4597.26341089168,11001.9731939275,12282.7678386903,4705.26585427682,2479.98604393314,354.293732620339,240.160511842232,72.1025647047511,75.7021778692592,6451.47078994031,1987.22460047107,15350.6827858354,15042.2716655259,129.314784843181,4223.80524172354,21925.9893633533,117.156158452471,463.069476533908,6661.68383884105,30355.3379304198,7126.91404028848,14729.7435047999,7024.13484165141,3828.62168603832,23742.2119713604,1663.06950844347,301.951715069372
9534.68408999975,16392.3779855176,23139.919728425,4537.07997766102,10855.7188002625,12122.8941251987,4632.42159362449,2447.03899183792,353.003331073986,238.0216186204,72.0993489610044,75.6949524937927,6388.24461403206,1958.80252824065,15114.3917466811,14884.91910988,128.014999624924,4167.29017595474,21925.9893633533,117.08515183043,459.771897455256,6565.99332126491,30001.612048658,7031.58941187053,14495.2360967384,6949.90627262301,3779.84345003201,23446.6201542128,1644.72104934519,298.603818137382
9412.12907515356,16179.2626041923,22811.1763085423,4490.26788353815,10691.0424934108,11958.8808492503,4563.73845095604,2417.24756779047,351.498060024354,235.824481905024,72.0966432632031,75.6949524937927,6325.18313314243,1935.37382441488,14863.9132294887,14709.3091435196,126.903937112501,4116.98811577777,21925.9893633533,117.015489401398,456.232130350769,6465.22046718005,29688.1359288612,6930.01730609153,14317.7772320415,6873.4324143028,3734.98725102758,23208.2979368044,1625.73209267396,295.805724854466
