28296811174.4454,67720480313.0585,26726219853.4127,55895964879.8439,64140179960.479,30680951560.5112,65875140220.4879,18660433808.103,38200304354.0529,1744722218.87976,20829023745.5532,42092495689.7245,34205993172.5158,63554257547.6597,16974449817.5799
27864849218.1484,67254139352.5525,26358494774.5463,55003798734.1627,63840390955.6825,30128299759.0832,65127638380.2497,18342520685.7278,37724296224.7475,1656689443.06946,20648990688.497,41605785317.778,34018842293.8197,63066696662.6734,16574461233.6723
27478524066.0839,66676240762.0152,26205014400.6379,54729015352.7438,62842901514.8136,29994071620.0778,64143125366.0899,18142531561.4178,36762357649.5172,1573245036.00673,20123801332.3818,41223221981.2701,33539838144.5064,62499032061.5132,16369632566.105
26661918618.199,60372827958.3035,24085047570.598,52941281304.5401,59800846132.56,25924614741.7019,60388917217.0864,16597794896.2494,31914263726.373,784763038.203136,18805801774.8813,35798978126.8379,28495774656.6438,57276088987.0747,14328930726.2095
13056521295.1946,39917888328.5232,18151108526.3658,33813560144.5585,44497110338.7589,12262541092.5016,40401203007.1803,7357043390.31597,12049921192.7573,71231450.7343554,9532436493.25506,27569815746.3692,15941282347.0422,37698476031.609,6496166842.3074
1070066031.7161,14721906119.4801,7681493713.96983,2691620224.79383,22024879640.4019,433789819.017151,22542718502.3237,1729390807.11656,1586590209.29609,1179295.47902862,1250282219.90667,2052859334.27344,784149201.045286,4082979414.27784,208950866.397805
33124.1746498691,109002.42332334,135760.136970592,113817.098775181,3582775.31828987,40021.2598056797,13963211.0278897,36503.2706760954,52950.273017007,61545.3003617834,585189.419737052,67288.6286031038,22909.5202792161,139736.00148585,63842.5869715388
30909.8637735427,39994.246662163,40390.8702115274,112394.987555207,81522.4219259092,30216.4856403235,46697.4441781276,25418.4149802411,41254.8983441864,61530.7768011077,74781.5241576447,58339.5777854657,20432.0379263354,20511.4136673947,62592.313984061
30841.2474422991,39986.2116084307,40377.2819339495,111680.414862383,81486.0393033851,30213.0319454326,46683.3195614289,24937.3787297849,41236.5577236915,61477.6147655001,74767.1315083653,58319.0487173366,20399.559930025,20495.6411567022,62544.5586571071
17559.4728829553,31847.0140270515,32723.4982411549,58398.351170406,49639.0873125323,30152.223780726,24366.8888712037,9350.53086513089,18619.3726308503,29627.5584714393,62136.4263863156,26926.2341846908,6299.77720410217,11664.332765233,57145.7039625036
13232.7140692149,22846.1143765969,16716.8630743261,26446.7517198986,26917.941278014,19277.7505630006,12230.7090451543,5644.96319670702,13644.4538113918,29581.6281275175,52226.451681236,14868.8044592899,4709.68676477651,11664.0256064796,5503.3831881344
9187.7479008157,19230.5506956242,5999.76100623013,9312.01127329886,26911.800818668,16084.8573322674,5291.89467598833,2821.1789009611,10509.4808726018,29580.6337884691,51956.6255781731,11421.1136728393,4697.86000882333,11662.8881445863,728.607181900051
9176.8776076707,19202.4742321293,2912.20668636817,9229.50882709044,16769.3678147386,16076.5262444731,5290.51039985157,1469.35896102501,10504.4860619166,26529.0424525959,43286.6662014132,11402.8229584069,4691.35669655552,2519.19465789587,621.673265321054
9154.37540822895,19145.2658932402,2906.26157168518,4537.81901287964,5546.54769652806,16030.2612528755,5275.7557087463,1209.35877823062,10480.814326031,26451.5006594375,43200.024796595,11365.2578438888,4678.94241119015,1370.31706075834,478.998364305952
9111.73265460268,19036.190501877,2891.81985430852,4512.53925472017,5513.9894811667,15935.9315657709,5245.3154755671,1205.36109775209,10437.4508007535,26302.1168926861,42933.0161161153,11297.8681322524,4654.72760565673,1365.52436878496,422.754300393391
9026.19823385792,18819.7901352913,2862.77648770371,4465.46913117204,5448.80405507936,15754.4769035595,5187.22421463377,1197.90894067368,10347.8146098486,26017.420331083,42424.0902991159,11165.5799874379,4607.70949145046,1355.91870067526,422.382251110369
