677.196241281632,1175.57204103341,594.337459892128,764.008506560361,659.564924812476,763.377746772962,427.411399056509,404.178675098756,632.098363466268,715.266465238314,614.152996245292,478.050391084985,732.271492449873,32.7430592326273,636.338994699503,1029.01250186911,382.534630978422,447.513710980734,848.404975737382,1848.47959520062,750.221022525168,495.666406741522,828.243204270165,650.961917755719,521.164995421002,707.84453678344,386.982752464532,451.805535179793,530.358832212983,534.517954906424
638.829110808428,1166.03587244373,593.181403764552,764.008506560361,659.32639588616,646.426151567176,367.418768556262,404.178675098756,574.889579506742,604.682558714861,606.08862975599,428.14675783279,661.198098956218,2.13751801062494,418.832582685225,911.833750341741,244.4164113901,423.755621324338,689.228052267566,1290.59044561274,750.104817536518,495.644906352511,828.243204270165,611.502898362162,517.627194833391,647.596668701454,325.37618329831,420.043998426322,434.343593147706,477.548224908061
638.218031087166,935.66928389442,592.333681113114,764.008506560361,619.873347952951,646.348848547445,364.495842866121,404.178675098756,573.755328423561,558.931819841552,603.546034220598,422.338190886602,661.059347055345,2.12612292730228,417.624664000559,911.833731498681,241.999760741019,423.446174287596,689.011381541617,621.533390673761,749.33037003068,495.644906352511,828.243204270165,611.502892201856,517.627190616367,645.076892114726,306.644688556977,419.763288171716,434.066281069844,474.783995345082
600.186290961574,935.669263539292,589.177591820689,764.008506560361,619.873313035847,646.348848305789,364.495841650329,404.178675098756,571.510009758052,556.966048347231,603.54593610845,422.338156423857,661.059346994536,2.1261228198407,417.624595406163,911.833731498681,241.999760261838,423.254837292555,644.258213246205,619.934745598432,749.33037003068,407.387653550443,828.243204270165,611.502892201856,517.627190616367,645.076891391451,306.63230295168,419.763286825247,433.050135480267,474.783992673619
600.18582920596,935.516021819039,582.16951107929,763.903661559715,619.873313035188,646.348848305789,364.495841650179,404.178675098756,571.510009758052,556.788118750241,603.54593610845,422.338156423857,661.059346994536,2.12612281983979,417.624595401062,911.833731498678,241.999760261838,423.254837292369,643.884624838464,619.334181205431,749.33037003068,407.374930324192,828.243204270165,611.502892201856,517.627190605831,645.076891391451,306.632302951679,419.763286825247,432.467000615178,474.783992673619
600.18582920596,935.516021819039,582.16951107929,763.897405926017,619.873313035188,646.348848305788,364.495841650058,404.178675098756,571.510009758052,556.72503134764,603.54593610845,422.338156423857,661.059346994536,2.1261228198357,417.624595401056,911.83373149867,241.999760261837,423.254837292369,643.884624818431,619.333865492014,749.33037003068,407.374930323894,828.243204270165,611.502892201851,517.627190605831,645.07689139142,306.632302951678,419.763286825247,432.466760166814,474.783992673619
600.18582920596,935.516021819039,582.16951107929,763.897405850844,619.873313035188,646.348848305788,364.495841650058,404.178675098756,571.510009758052,556.712233490527,603.545936105839,422.338156423857,661.059346994536,2.12612281983138,417.624595401017,911.83373149867,241.999760261804,423.254837292369,643.884624818431,619.210559341491,749.33037003068,407.374930323698,828.243204270165,611.502740099724,517.627190605831,645.076891358905,306.63230295166,419.763286825247,432.466752827398,474.783992673619
600.18582920596,935.516021819039,582.16951107929,763.89740583359,619.873313035188,646.348848305788,364.495841650058,404.178675098756,571.510009758052,556.70770897145,603.485252027561,422.338156423857,661.059346994536,2.12612281982638,417.615660880974,911.83373149867,241.999760261683,423.254837292369,643.884624816639,619.210558986264,749.33037003068,407.374930323409,828.243204270165,611.206715380305,517.627190605831,645.073217070993,306.632302950353,419.763286825247,432.466750207194,474.783992673619
600.18582920596,935.516021819039,579.856477369215,763.897405716405,619.873313035188,646.348848305788,364.495841650058,404.178675098756,571.510009758052,556.705766362335,603.485252024285,422.338156423857,661.059346994536,2.12612281974157,417.615660880974,911.83373149867,241.999760261683,423.254837292213,643.88462481478,619.210558985846,749.33037003068,407.374930323033,828.243204270165,611.206715269136,517.627190605827,645.073217070962,306.585183173226,419.763286825247,432.466726586012,474.783992673619
600.18582920596,935.516021819039,579.856314434226,763.897405617208,619.873313035188,646.348848305788,364.495841650058,404.178675098756,571.510009758052,556.704793777009,603.387657722528,422.338156423857,661.059346994536,2.12612281962151,417.615660880974,911.83373149867,241.999760261683,423.254837292177,643.884624813649,619.210558985083,749.33037003068,407.374930322756,828.243204270165,611.206715269136,517.627190605754,645.073217022466,306.564568600247,419.763286825239,432.466726568814,474.783992673619
600.18582920596,935.516021819039,579.856314434226,763.897405604546,619.873313035188,646.348848305788,364.495841650058,404.178675098756,571.510009758052,556.704395364723,603.387657722528,422.338156423857,661.059346994536,2.12612281962129,417.615660880974,911.83373149867,241.999760261683,423.254837289456,643.884624812275,619.210558984337,749.33037003068,407.374930322514,828.243204270165,611.206715269134,517.627190601851,645.057930897027,306.55914311072,419.763286824283,432.46667870918,474.783992673619
600.18582920596,935.516021819039,553.299483784833,763.897405473397,619.873313035188,646.348848305788,364.495841650058,404.178675098756,571.510009758052,556.704194676675,603.387657722528,422.338156423857,661.059346994536,2.12612281962129,417.615660880974,911.83373149867,241.999760261683,423.252641113754,643.884624811134,619.210558983543,749.33037003068,407.374930322239,828.243204270165,611.174856821223,517.627190601851,645.057930896366,306.559143097229,419.763286662762,432.464589420665,474.783992673619
600.18582920596,935.516021819039,553.299483784638,763.897405443922,619.873313035188,646.348848305788,364.495841650058,404.178675098756,571.510009758052,556.704097051719,603.387657722528,422.338156423857,661.059346994536,2.12612281962129,417.615660880974,911.83373149867,241.999760261683,423.252641113754,643.884624809969,619.210558982954,749.33037003068,407.374930321874,828.243204270165,611.141370057155,517.627190601851,644.907075150733,306.535859584986,419.724333362667,432.464589415931,474.783992673619
600.18582920596,935.516021819039,553.299483784413,763.897405393797,619.873313035188,646.348848305788,364.495841650058,404.178675098756,571.510009758052,556.704044038332,603.387657722489,422.338156423857,661.059346994536,2.12612281962129,417.615660880974,911.83373149867,241.999760261683,423.252641113754,643.884624809265,619.210558981627,749.33037003068,407.374930321633,828.243204270165,611.141370016194,517.627190601851,644.90707514936,306.520216118952,419.724333362667,432.464589400209,474.783992673619
