1655.92255881439,1786.18700537604,16313.1427256194,784.280923600279,4045.82548225944,2628.93930003322,4117.4799317767,1843.38720328573,4923.59249587662,25804.7756633267,6157.3118537266,23979.1086165157,18634.312548268,3801.38165483517,2427.51398232314,1186.98620575321,2075.89586140901,1781.51519458917,992.232860345249,2426.3433610768,938.506040429868,3647.09372232095,1195.32807865589,6664.20353440156,1215.16386665803,4942.49182212873,40736.2551720531,11774.364891195,2277.58311721474,2331.37117223429
1404.52809201645,1556.13692736973,1159.28511489468,765.9193904013,3465.93429991056,1416.82809478686,768.393129219662,974.39581218724,1009.04511546359,1464.03019795127,1737.94584897892,2062.52560611689,1057.54366395105,1790.11462037361,1346.28502283423,1152.35416022504,1812.57481110016,819.736245015833,977.873326986513,2230.55239105453,875.090991494447,1102.10824550619,1106.70167427775,1704.37883326442,904.807832885607,1590.88733967528,1749.38962241834,1838.68679161166,1380.03028733628,1700.50140071735
1285.73616516378,1522.79154502509,728.268272582633,764.008506560361,1171.3062170621,961.178815408402,509.500381541221,404.178675098756,1005.2919358426,1373.38692570848,1500.053777018,1226.57634140582,838.524046649823,1053.48095783597,1234.22063684026,1124.74087618918,1010.4355884032,819.736245015833,921.4219269377,2067.33154221262,851.707712044911,762.992272290001,828.243204270165,1107.0780969671,710.910284353055,774.746457925005,1047.5039011694,1007.84115038132,752.955520357315,1021.45156927699
995.502902770985,1394.64489106516,614.168037673222,764.008506560361,659.564924812476,850.520198205898,509.500381541221,404.178675098756,688.162913998297,976.691409136431,901.825883563503,722.762486984618,762.886060879377,744.917493632301,790.07096350651,1077.78605406559,447.917511738092,819.736245015833,873.483659458634,1985.61115064745,838.553284009814,506.49706388236,828.243204270165,799.745154269269,638.644564533541,770.621232932289,750.890665302069,471.389595773595,613.228338635765,638.561854816116
758.264677693724,1340.37484350854,602.275136278279,764.008506560361,659.564924812476,787.182674659662,509.500381541221,404.178675098756,664.972355619484,930.345762983493,626.15534378982,558.978986289004,759.863985300282,89.5743563429451,672.253369233232,1057.93743021606,418.619216157256,495.558676693343,851.095047116612,1924.98142257469,824.92067875804,502.264908016409,828.243204270165,727.088713050985,635.205440092158,718.163351396797,750.890665302069,465.531724492978,565.124276238951,536.82789775324
677.196241281632,1175.57204103341,594.337459892128,764.008506560361,659.564924812476,763.377746772962,427.411399056509,404.178675098756,632.098363466268,715.266465238314,614.152996245292,478.050391084985,732.271492449873,32.7430592326273,636.338994699503,1029.01250186911,382.534630978422,447.513710980734,848.404975737382,1848.47959520062,750.221022525168,495.666406741522,828.243204270165,650.961917755719,521.164995421002,707.84453678344,386.982752464532,451.805535179793,530.358832212983,534.517954906424
639.300384658357,1166.23493301139,593.519622418645,764.008506560361,659.564924812476,715.857722493204,373.832473874087,404.178675098756,595.622558996068,627.657703647133,612.419670625783,430.176911042925,661.451475137016,16.5696941262704,592.214168689343,911.835424017852,307.038516956998,440.683271766438,695.722152659348,1726.21289470468,750.214925283763,495.644918395853,828.243204270165,611.503111969703,517.627286874729,658.189467905922,368.898901336489,422.678155247123,434.343593147706,505.004587037659
638.718419461682,935.669449914996,592.333681113114,764.008506560361,619.89036504092,646.34896257174,364.496249870983,404.178675098756,574.328070304538,602.807981684303,603.582181315984,422.344210362685,661.059359745613,2.1261591148093,417.648675911266,911.833731625123,242.001588048894,423.455708390854,689.011381541617,1173.91619379658,749.330466468929,495.644906352511,828.243204270165,611.502892244003,517.627190626904,645.077250004951,322.140688912976,419.763472618239,434.200570924841,474.787891460544
631.513900675504,935.669275542361,591.882300781409,764.008506560361,619.873313036585,646.348848305789,364.495841650329,404.178675098756,571.510148532435,557.068321410983,603.54593610845,422.338156423857,661.059346994643,2.1261228198407,417.624595407648,911.833731498681,241.999760261838,423.254881268301,689.011381541617,619.955722500379,749.33037003068,495.644906352511,828.243204270165,611.502892201856,517.627190616367,645.076891391451,306.63230298818,419.763286825247,434.017932511648,474.783992673619
600.18582920596,935.62620705172,588.719635550118,764.008506560361,619.873313035188,646.348848305789,364.495841650179,404.178675098756,571.510009758052,556.881644295269,603.54593610845,422.338156423857,661.059346994536,2.12612281984025,417.624595403696,911.833731498681,241.999760261838,423.25483729237,644.239680726055,619.456626560755,749.33037003068,407.375355006226,828.243204270165,611.502892201856,517.627190605831,645.076891391451,306.632302951679,419.763286825247,432.972962222913,474.783992673619
600.18582920596,935.516021819039,582.16951107929,763.903661559715,619.873313035188,646.348848305789,364.495841650179,404.178675098756,571.510009758052,556.788118750241,603.54593610845,422.338156423857,661.059346994536,2.12612281983979,417.624595401062,911.833731498678,241.999760261838,423.254837292369,643.884624838464,619.334181205431,749.33037003068,407.374930324192,828.243204270165,611.502892201856,517.627190605831,645.076891391451,306.632302951679,419.763286825247,432.467000615178,474.783992673619
600.18582920596,935.516021819039,582.16951107929,763.897405975349,619.873313035188,646.348848305788,364.495841650179,404.178675098756,571.510009758052,556.737292867111,603.54593610845,422.338156423857,661.059346994536,2.12612281983729,417.624595401057,911.833731498673,241.999760261838,423.254837292369,643.884624818431,619.333865492267,749.33037003068,407.374930324045,828.243204270165,611.502892201855,517.627190605831,645.076891391448,306.632302951679,419.763286825247,432.466782493947,474.783992673619
600.18582920596,935.516021819039,582.16951107929,763.897405918138,619.873313035188,646.348848305788,364.495841650058,404.178675098756,571.510009758052,556.717275137701,603.545936108259,422.338156423857,661.059346994536,2.12612281983229,417.624595401049,911.83373149867,241.999760261831,423.254837292369,643.884624818431,619.210983479296,749.33037003068,407.374930323799,828.243204270165,611.502892189666,517.627190605831,645.076891390876,306.632302951677,419.763286825247,432.466752835214,474.783992673619
600.18582920596,935.516021819039,582.16951107929,763.897405833608,619.873313035188,646.348848305788,364.495841650058,404.178675098756,571.510009758052,556.707769325084,603.485252027561,422.338156423857,661.059346994536,2.12612281982661,417.615660880974,911.83373149867,241.999760261683,423.254837292369,643.884624816653,619.210558986267,749.33037003068,407.374930323414,828.243204270165,611.206715380319,517.627190605831,645.073217070993,306.632302950622,419.763286825247,432.466751353974,474.783992673619
600.18582920596,935.516021819039,579.856314434226,763.897405608498,619.873313035188,646.348848305788,364.495841650058,404.178675098756,571.510009758052,556.704622650303,603.387657722528,422.338156423857,661.059346994536,2.12612281962129,417.615660880974,911.83373149867,241.999760261683,423.254837292177,643.884624813233,619.210558984885,749.33037003068,407.37493032265,828.243204270165,611.206715269136,517.62719060387,645.057930917523,306.564568576909,419.763286825219,432.4667265666,474.783992673619
600.18582920596,935.516021819039,553.299483784413,763.897405393797,619.873313035188,646.348848305788,364.495841650058,404.178675098756,571.510009758052,556.704044038332,603.387657722489,422.338156423857,661.059346994536,2.12612281962129,417.615660880974,911.83373149867,241.999760261683,423.252641113754,643.884624809265,619.210558981627,749.33037003068,407.374930321633,828.243204270165,611.141370016194,517.627190601851,644.90707514936,306.520216118952,419.724333362667,432.464589400209,474.783992673619
