725.079253149596,357133.671181083,8546.2143370144,164562.916652146,6731.17204464338,3095.02781515106,350.343666254537,218.64119528969,9726.53968653398,927.139322900791,813.483962210763,1383.72192896755,449.83074430934,1533.78770741008,1251.68471966313,746.881503369538,1888455.87881846,1877.83969175861,815.548904211442,803.684953205255,901.090621380173,197855.675711206,779.766365377327,875.590242491065,202.813307343975,9928.04164808055,1104.72102882393,1080.26763540163,23652.88762312,286.156588277539
402.420578831274,644.506012229462,1830.86093971004,429.55591328247,670.448611951687,203.562540637438,222.787405247165,96.1796083773381,563.424139775439,920.707319366002,668.170150646274,219.948402329253,443.833739125944,477.914396433964,174.988534472977,541.740642022077,2547.38323888974,413.736717624558,140.253085553396,626.974826038509,824.050671549076,1867.97784112573,589.486629755113,562.813320035856,200.697749484807,166.821561989814,1005.27690348549,519.017109638671,415.986605068546,155.185260311015
385.805810324266,631.268574825647,561.99415798182,153.620665756917,563.18595360332,203.562540637438,187.557957046412,63.1242611229654,344.691364134552,920.525385007312,656.808964934165,181.445816096115,442.630968323009,180.541807099189,174.988534472977,440.919013539606,304.098416549022,339.882101409825,126.245391097084,471.654365733331,804.082233314483,294.904967545503,461.34053169257,382.35649010036,200.000125148513,154.231900160149,391.103705790797,424.72859057028,122.52710944929,103.366399025515
384.791961139493,600.247844060161,529.879213723451,134.300765442087,396.226291296568,203.562540637438,185.130825209745,62.4980525885951,231.268702995886,920.505464938078,655.336042057531,179.537099456272,442.615003568667,177.425330420077,174.988534472977,438.718948565829,304.098416549022,319.294358523673,123.083469386048,469.261889633101,803.209072799768,95.7565133529827,456.75120308767,359.132750336908,199.962149855773,62.1673181737101,382.17389155468,412.140047766493,116.311274006565,101.348272497552
384.783301743531,600.008066494725,529.474212425863,133.640721201959,368.169538706053,177.533059135437,185.059436280493,62.4697645273245,231.027143684536,920.505464938078,655.317612523033,179.291872226948,442.614931996045,177.408515727492,174.988534472977,438.712416939228,222.422149778803,318.209724325073,122.759286048136,469.20364224144,803.14753879214,93.6265003072754,454.217919709308,358.652230049526,199.961182059963,58.6872019955379,379.701623009331,411.848753640026,116.300276358526,101.196157514238
384.78286116506,599.983132918771,529.469422189251,133.639482787496,367.672664889273,173.988669742818,185.059436280493,62.4697645273245,231.027143684536,920.505464938078,655.313924251444,179.291872226948,442.614931996045,177.408474393596,174.988534472977,438.712385139745,222.335393527375,318.045999678715,122.749891121482,469.175932940615,803.14753879214,93.6265003072754,454.214300744672,358.554861659176,199.961126916525,58.461194677441,379.38815079401,411.848753640026,116.300276358526,100.621770682736
384.434903852712,599.627343805093,528.819406997025,133.639482787496,366.626357111146,173.988627365502,185.059422406908,62.4697645273245,231.027143684536,920.505464938078,653.383045622974,164.560924533079,442.614899884394,177.408474393596,174.988534472977,438.712385139745,222.335393527375,317.534387247452,103.474207288458,469.164630254715,789.507691363303,93.6265003072754,454.214300744672,358.47108812899,199.961126916525,47.0378181463977,378.971996617742,411.848753640026,116.300276358526,100.503149986803
370.851447534183,571.853132337184,528.819334543363,133.639482787496,359.411473783149,167.900471027417,184.082594688547,62.4697645273245,229.752228196839,920.505464938078,640.687618267931,164.316126406757,433.060775541203,177.385218774113,174.988534472977,438.165735504056,221.945942438681,317.164153415577,102.457326167174,468.600222309755,778.68339611882,93.6055231333883,453.567946159435,349.488185441503,199.961126872732,40.4719611632256,378.090788810091,411.792769728985,116.300276358526,87.1822329935835
370.848723553099,571.556875509059,527.781945166053,133.639482787496,357.425437890364,167.899436224628,183.909350266587,58.7416559661092,229.747689746607,917.891603877948,634.565292705233,161.474273724598,433.060774243611,177.302582123811,174.988534472977,438.165735504056,202.620761954581,279.491083480308,92.2797840501732,464.953300036123,777.953207885035,93.167811624457,444.138065917218,307.277526230536,199.843504773745,39.7133342269103,371.749234710664,411.792769679935,104.807677416312,84.8598861316418
370.274079587842,571.26632291296,527.773492241709,133.639482787496,357.319451554426,167.892794352493,183.872907621572,58.7332094276426,229.733573981785,917.756051996772,632.120866333531,160.222353529436,433.060774243535,175.864313384862,174.988534472977,432.743305100482,188.903825614943,279.479535366109,92.2679899882703,464.57998306872,772.554557327713,85.0996454880128,444.086435131039,306.751554704468,164.445815244067,39.5517352417878,368.736185063798,411.792769679935,104.799311957639,75.3033640570347
362.450755405314,571.186045739277,527.183812431824,133.639482787496,357.319368259656,161.607210173556,183.141623197956,52.1310527738915,229.480839927874,917.11812699502,632.120758532221,160.210567970992,428.110807833592,175.864300255749,174.988534472977,423.423986870538,188.850820149995,279.375765210716,92.2669287090018,462.948974143272,772.554430661798,85.0995902513248,444.079575004822,306.551315881923,163.0460390631,39.5516657745427,368.695954783014,411.792769679935,104.799311202462,75.3027314108504
351.328248145708,571.186015797201,527.183692423157,133.639482787496,357.319368223445,161.454622212246,183.141493371601,52.1310527726007,226.660754328713,914.029974077903,632.120758396871,160.20744160276,428.110807775571,175.8642998935,174.988534472977,423.42398523575,188.850806792724,279.365477444854,92.2669287090016,451.588934183569,772.547825803158,83.6346701527118,444.079572847386,306.546820803762,163.045809090312,39.551665773432,368.695954741262,411.792769679932,104.732340235473,75.3020155564361
349.67665770551,571.186015797083,489.417333823928,133.639482787496,357.319368223445,161.288296836934,183.141493371601,52.1310527725807,226.660754236241,892.907045003186,632.120758396871,160.207227970132,428.110807775571,175.848974612693,174.988534472977,420.146494989795,188.842707075017,279.365477443226,92.2669287090016,451.588928292796,772.547818624631,83.6176686033307,403.921669119357,306.546820597984,163.00972781178,39.551665773432,368.695954741261,411.084571186278,104.602086720855,75.3020155552936
349.676657703125,571.128141370427,479.452942301103,133.639482787496,357.319368223445,161.287941337017,183.141493371601,50.5601707737312,226.660754235151,882.073431727326,632.120758396871,160.207227970132,427.569623418533,175.848973548239,174.988534472977,420.142409671717,188.841889345397,279.365477443226,92.2669287090016,442.333655616386,772.547818624631,83.5844825196161,403.573030842309,306.546820597984,160.703504092648,39.551665773432,368.695954741261,411.084527608124,103.712317413554,75.3020155552902
349.676657703125,571.128141365833,475.984835157554,133.639482787496,357.319368223445,159.434971944482,183.141493371601,50.5601707737292,226.660754235151,881.648140318034,632.120758396871,160.191170728658,427.569623315068,175.848973548226,174.988534472977,419.839848758488,188.796244849227,279.365477443226,92.2669287090016,442.333655616386,772.547818624631,83.1306858453145,403.573009694962,306.546820597984,160.695132891644,39.551665773432,368.695954741261,411.084527608124,102.25856408046,74.8469353203311
349.676657703125,570.49488284686,475.922833001755,133.639482787496,357.319368223445,159.12705977673,183.141493371601,50.5601707737267,226.660754235151,881.648127413433,632.120758396871,160.191165301545,427.524085753512,175.791379528715,174.988534472977,418.138636525168,188.796183272858,279.365477443226,92.2669287090016,442.333655616386,772.547818624631,83.1306856510203,403.573009694961,306.546820597984,160.695132891644,39.551665773432,368.695954741261,409.474474436869,102.253347704622,74.8469353203311
