309.648577716986,273.766149379617,86.6458240700115,550.151688955069,649.761365849297,281.207101817478,138.112569036797,523.893763040727,321.164799404265,391.008988173596,498.989002830175,100.323779124805,320.906803555358,556.291107094008,167.308022608377,708.585778807268,539.555428460249,479.871759445413,124.415152454699,548.652967846775,330.813581643117,511.048952023949,125.107971439476,461.711487986417,515.675913990606,771.120874555663,493.897172440848,473.634889887653,110.882240789342,166.727306513181
309.648575909753,272.410320432945,85.9797422330778,550.151688883635,615.167106488703,281.199975044111,137.965439375342,523.893763040727,321.164799404265,391.008988173596,482.39071171462,99.6368729306459,320.906803555358,556.291107094008,158.951943156416,708.585778807268,538.633555480191,479.871759445413,124.415152454699,544.317499219521,330.813581643117,510.564315608507,124.620661473157,461.709694388286,485.971924225682,767.269219062871,493.897172440848,472.783908488465,110.882240789342,165.593321677264
309.491753188676,272.410056941717,85.8996087640398,550.151688883634,613.304776711425,280.963767311172,128.467271769309,523.668111105556,317.738099668145,391.008988173596,481.506669232575,84.4629388557271,320.866927949054,556.291107094008,158.687529694833,708.540647510834,524.641830463905,479.871759445413,124.415152454699,544.276429449684,330.801736242056,510.308115287852,123.69180722213,461.689208710041,485.424311528723,767.267273603523,493.897172440848,472.782934183645,110.852889000892,165.580725042754
309.4916649591,252.225131009373,72.3070059915799,550.151688883605,611.170743913151,277.582368047754,114.200800266237,523.439009044385,317.732436371748,391.008988173596,480.836576005464,84.3170674797816,320.759219772062,556.291107094008,157.400443667844,683.790208687152,503.120698144637,479.871759445413,110.754732086576,541.572425611136,330.801564344125,502.208770098808,104.917730951017,461.179113325339,485.413390677223,767.002319698547,493.325540522976,470.741523641113,110.846452919114,156.042765577806
309.132596299365,226.729563045387,49.8956816391844,550.12791330735,611.170252161332,277.582368047754,113.968176449305,523.052566624234,317.732422522503,391.008988173596,477.782626860803,82.9398202673381,318.80456538799,556.291107094008,150.201122808744,668.565304575721,503.119339920844,479.871759445413,102.33489295482,541.542918493998,323.998579285083,497.587815461813,101.480582272899,432.886705473355,485.316602558956,739.534409483284,476.232480479277,470.301317095138,110.819363841163,155.846063430187
309.13259629523,226.729492031067,49.8761053537933,550.127913307036,611.170252161145,277.582368047754,113.96137488277,523.052423468238,317.699342121495,391.008988173596,476.707396317461,82.939820267231,318.772568991381,556.291107094008,150.200931039618,668.236636807291,503.119338881308,479.871759445413,102.334892954817,541.542544802603,323.979829673214,487.409717142662,100.85029711892,418.349114536892,485.316602558956,739.534409483261,476.164712348847,470.287205120978,110.484900748739,155.818943304744
300.460318871705,226.729492031067,49.8761050655746,550.127913306991,611.170252160956,277.582368047754,113.961374882614,522.958271283929,317.699342121495,391.008988173596,476.70739625336,82.9398202671227,318.772568920706,556.291107094008,150.200928262546,668.236636709562,503.119338881306,479.871759445413,102.334892954817,541.542487806252,319.234242034267,487.409701173998,100.85029707151,418.349114533274,485.316602558956,733.500972278196,475.313957429224,470.28720512093,110.322648354706,153.478156869736
300.460309461724,226.729492031067,49.8761050649741,550.12791330694,611.170252160785,277.582368047754,113.96104471459,522.958271283855,317.661767879542,391.008988173596,476.706852480489,82.9398202670104,318.771763705532,556.291107094008,150.20092816701,668.218411538249,503.119338881306,479.871759445413,102.334892954817,541.538255369738,319.227488409124,487.409701173998,100.85029707151,418.3392460245,485.316602558956,733.500645124112,475.313766361322,470.28720512093,110.322648354706,153.478148429367
300.460309388045,226.729492031067,49.8761050649741,550.127913306891,611.170252160592,277.582368047754,113.961044713971,522.929177267502,317.66176787263,391.008988173596,476.706852480474,82.9398202669086,318.254567470355,556.291107094008,150.200928164553,668.218411521162,503.119338881306,479.871759445413,102.334892954817,541.538255369728,310.355701930445,487.409701173998,100.85029707151,418.339246024499,485.316602558956,733.320375867876,475.313687194412,470.28720512093,109.247864068249,153.401489435365
300.460309388043,226.729492031067,49.8761050649741,550.127913306828,611.170252160393,277.582368047754,113.961044713532,522.92917726726,317.661767872629,391.008988173596,476.706852480474,82.9398202667996,318.254567469973,556.291107094008,150.200928164448,668.214547737073,503.119338881306,479.871759445413,102.334892954817,541.53825536971,310.355701929815,487.409701173997,100.85029707151,417.12869015115,485.316602558956,732.838596037988,475.31368719441,470.28720512093,109.247864068183,153.401489176448
300.460309388043,226.729492031067,49.8761050649741,550.127913306776,611.170252160202,277.582368047754,113.960985306723,522.92917726726,317.661767872629,391.008988173596,476.706852480474,82.9398202667003,318.254536488785,556.291107094008,150.200928164448,668.21454773705,503.119338881306,479.871759445413,102.334892954817,541.538062676721,310.355701929815,487.409701173997,100.85029707151,417.128690151075,485.316602558956,732.550564571775,475.313687194407,470.28720512093,109.247864068182,153.401489176407
300.460309388042,226.729492031067,49.8761050649741,530.996205672714,611.170252160019,277.582368047754,113.960985306722,522.76622015867,317.661767872629,391.008988173596,476.706852480474,82.9398202666023,316.971495809844,556.291107094008,150.200928164448,668.21454773705,503.119338881306,479.871759445413,102.334892954817,541.538062676169,309.958070340004,487.409701173997,100.85029707151,417.128690151075,485.316602558956,732.550564528801,475.313312484569,470.28720512093,104.621658773787,153.238844401249
300.460309388042,226.729492031067,49.8761050649741,530.995297209652,611.17025215983,277.582368047754,113.960983279456,522.766219461511,317.661767872624,391.008988173596,476.706852480474,82.9398202664952,316.971495809823,556.291107094008,150.200928164448,668.21454773705,503.119338881306,479.871759445413,102.334892954817,541.538062676088,309.958070339982,487.409701173997,100.85029707151,417.128690151075,485.316602558956,732.550564528801,475.313312484526,470.28720512093,104.621658743771,153.238844177453
300.460309388029,226.729492031067,49.8761050649741,530.995297062063,611.170252159639,277.582368047754,113.960895165378,522.76621946151,317.651838235765,391.008988173596,476.706852480474,82.9398202663967,316.971495809823,556.291107094008,150.200928164448,668.21454773705,503.119338881306,479.871759445413,102.334892954817,541.538062676087,309.957905536541,487.409701173997,100.85029707151,417.128690151075,485.316602558956,732.550564528801,475.313312484523,470.28720512093,104.621658743771,153.2388441768
