11340.5149210644,8904.23249240846,3303.45573816665,6521.12361070633,2045.7897244479,27389.4576528573,19944.9768903553,39112.3308950875,1935.89882167967,12192.7302902531,6169.02604663499,282.098260650879,7273.12934451445,7118.68836270073,5610.25729136588,1613.740591753,30926.6063461781,39421.5613076565,5745.40261335576,18861.2954154646,6427.66650768254,10755.6564069421,2238.11831948773,38180.4535251447,9817.98491053552,17306.984923521,24337.4396614308,9190.67022053902,37796.2893368284,11596.3703531969
11306.5732901256,8866.54357161134,3301.51524393718,6493.30512859916,2035.69137788035,27278.4191564471,19817.7291236537,38982.672393711,1935.16703250651,12189.2512321136,6151.41178145616,281.406167014165,7257.52411287278,7085.22479227465,5596.41808148886,1613.39399212579,30782.7724271269,39177.8433728266,5712.41664253693,18804.3452701102,6382.94683333675,10694.1757763217,2235.82539526358,38068.2962301262,9814.90078067025,17236.6433559645,24205.196890084,9118.76410114251,37667.9375343921,11593.1847197491
11260.65002046,8836.03024650248,3300.60378446313,6447.51356905171,2023.76011929033,27123.7628823525,19665.261430037,38682.7683771282,1934.53699153792,12185.0799221019,6082.38555704029,280.695228297292,7219.18171645989,7028.56271735065,5573.65739625454,1613.10080477733,30579.402106788,38966.2759725246,5681.33941994441,18661.2925084804,6345.8779407025,10650.6251641966,2233.29199021557,37846.2831117186,9810.81977410388,17152.3433245482,24092.2267338641,9040.4604590099,37494.8536097757,11588.6772971083
11121.652533366,8765.9966089086,3297.35610502643,6365.71900307525,2007.46637544451,26758.345435155,19432.426933738,38313.9485946356,1933.24030649424,12176.6324185332,6014.27403831242,278.750520462379,7153.1090527322,6934.34291545143,5521.15276503472,1612.58959286956,30177.6149489146,38453.327233054,5604.07534512772,18416.1484416722,6256.10481426246,10505.2807133269,2226.89424396317,37500.1560745268,9799.46695519791,16967.8437656685,23710.8286377078,8892.32710871112,37118.2918322267,11581.2688169786
10771.0454494897,8614.11848919529,3290.64208195464,6141.245245911,1954.92259408252,25943.9441582013,18970.9414398365,37233.239438699,1930.16815908037,12157.9405733575,5822.31652188561,274.636108030968,7028.05639144953,6743.85341293563,5371.94583930721,1611.47464059048,29307.7267409062,37472.3591873954,5451.00840233104,17784.073012983,6064.01573538155,10159.1338696157,2211.70140187545,36500.9864076202,9781.55255886162,16446.5653488852,22834.4385879792,8632.16952270524,36277.0364749577,11564.6430674716
10097.4325756783,8323.18655534551,3277.68875458962,5758.60500148434,1850.75475955383,24276.8893483121,17904.8393474716,35544.6455667519,1922.46274854984,12117.7921760386,5501.66840116814,265.602827506125,6736.97945627258,6313.62424478119,5121.52792755645,1608.8452316397,27366.7814162359,35323.0924854838,5115.71961959062,16548.220093637,5642.46496125586,9598.03088950808,2182.7553645152,34318.3904172794,9738.13363439214,15429.9655768264,21349.6290239416,8094.93667336522,34379.6248462537,11523.3246740923
9515.3098950601,8067.46081071187,3264.17597655297,5348.45637236905,1761.06257012527,22806.2271765508,16867.9070310688,33718.0387892796,1915.09693186875,12082.3384889323,5188.47412210053,257.474511695787,6489.62329741482,5880.0969653696,4902.75029182217,1606.16865954313,25685.984185374,33541.049842131,4817.41468033608,15559.9937319888,5317.4437956219,9129.56740611807,2154.31754263811,32636.3310500584,9692.23051223531,14537.0575531738,20167.2844334885,7557.3037607988,32403.5864948048,11481.6576697114
8899.97565860996,7770.64535589274,3250.39576602652,4970.51128793168,1685.53568571708,21410.0982597946,16028.4733982595,32187.0417893537,1908.71394993073,12048.724025341,4890.46332441746,250.035277314052,6255.49883109069,5506.33164003173,4638.09783369922,1603.81496329522,24232.0958994279,31834.5070999311,4577.2161242552,14660.7956641976,4951.45355319751,8608.77736466794,2128.46634511901,30846.3174125893,9654.06706222891,13615.625887018,18922.6258431316,7052.92533647821,30526.7840017022,11434.7664801809
8298.76627551883,7513.0232929899,3235.94339756399,4663.61026350415,1600.44542434453,20156.3282050634,15184.6929509894,30866.8983648654,1902.49981724127,12010.5291677335,4626.95170288086,243.740435481001,6016.49229432872,5170.07433937448,4408.06102913549,1601.22406113535,22742.0157888769,30057.2174250092,4340.01585840224,13743.6189594444,4646.16764787788,8112.8126993941,2106.67463951355,29308.4331109336,9617.26261703661,12710.9184552338,17647.6819593274,6537.96618740663,28876.6159702917,11399.7021722985
7836.15242969588,7286.36380164351,3222.74600300536,4365.8649397298,1526.31671187812,18819.4211245114,14258.3004217817,29525.3600696129,1895.48153522082,11973.8710205842,4353.92426543376,237.122450956113,5797.62128952814,4877.75592637884,4214.00389965423,1598.47977052204,21281.9430248758,28445.4368100136,4077.39045959456,12932.7846214914,4352.6496600264,7676.65310876801,2082.70284504024,27701.7616088953,9579.90799483398,11926.431646563,16572.1753622264,6141.11143929492,27111.3087848895,11358.4726905109
7337.90367596289,7023.57945870775,3208.14823476238,4082.1062830527,1464.64710512498,17888.5866098281,13437.9969782017,28384.5998875757,1888.49109884629,11940.6206733316,4069.83432371101,231.720949918966,5591.78561679527,4584.62627606816,4026.5398590328,1595.96959401333,20062.0829111415,26975.3944188018,3875.76700638632,12084.1628706986,4119.52605371866,7250.96031077364,2060.57782789623,26265.5455618031,9540.69007152675,11194.2184327909,15612.0696036491,5764.90013314373,25962.3332123261,11322.1773459277
6914.68430743468,6798.72635175634,3194.74911446979,3833.00092815621,1406.71131380153,16721.9593043364,12724.3685605775,27166.8768345366,1882.24716575513,11904.448371488,3819.01248033509,226.181023857342,5407.22148338452,4313.42707667871,3865.97831822818,1593.35865146306,18763.0937845116,25662.0486434813,3668.24242871908,11376.3697206713,3894.01126058286,6863.87907179468,2040.26384897864,24793.6562298831,9504.11278600094,10570.405655505,14694.9066128013,5431.70012963176,24667.2472963547,11281.5735185465
6481.21476329137,6643.37899457669,3181.99187998806,3632.81849273613,1345.75706952551,15742.3285425981,11972.0124153481,26083.824947309,1874.81889698509,11868.6443263024,3602.97473859697,220.995274792522,5236.00323322975,3987.7431970125,3716.84941067539,1590.57379139655,17687.4904938926,24514.3136668335,3464.11446650649,10701.6306915979,3659.35841019098,6486.38877604592,2021.04948251529,23442.5127210382,9464.72333554505,9847.18918550215,13863.3621819756,5098.04690346218,23530.6521035588,11243.2100533235
6133.57865119434,6472.76883813338,3169.26693829499,3394.22039139883,1291.52476857541,14816.5196313212,11350.5754011833,24706.0864670149,1867.44208673745,11832.1891402646,3402.57719600951,216.930398330912,5066.21789528419,3762.63075013358,3578.76299670867,1588.27644455393,16667.4363177458,23385.6051178669,3286.54785662326,10065.3731253609,3448.70335169349,6143.7420370255,2003.08227184901,22309.6830620285,9429.02580082566,9286.65188864494,12983.8394961936,4804.43909448068,22458.6769318538,11205.0162550443
