3003298623.19165,12309243730.0855,819404772.061906,23113466763.0612,145078359.151523,20631644811.3578,51203578989.9359,22039138314.489,8096010268.80015,7015875439.9935,6150337302.15858,51211452365.7842,30233334840.6378,46575766598.2111,49873209866.0487,1391899800.05701,2358658112.84795,7237804167.80267,12520567445.8421,5121452726.33741,9372323845.0237,17450207135.9155,189071140.25456,1114914743.64748,9157201.19431093,8430561027.41427,11539870691.3259,19381850048.302,7733909067.03425,1282756011.46931
595251892.410645,683873796.931594,5255449.1241095,7228256427.0703,982505.128064067,3233943490.77396,6332811725.25289,5039682265.065,1899896919.93427,1084921795.21705,446576267.622534,11631376808.0225,3908152976.91879,14218973319.7718,13513650352.1876,1017511745.2728,274718421.762667,22528093.9141889,5914732342.97076,1622140.17936627,795695060.104819,984881400.700792,6559845.24712779,10735330.5612553,413262.232974251,3557424116.17245,749089492.655987,2873879876.64751,748481433.93075,461715429.103598
660006.899124901,18920722.6486268,269637.631645727,736518788.371788,155801.342205873,336048007.706346,2139420766.70052,459771706.630857,21848398.8620953,4008698.85243732,243527583.217366,436259662.974865,293466109.403082,627355688.441039,2253428693.07404,560170050.208011,12915206.9421659,11024645.2262648,1308979640.68599,933332.532341822,114225722.246917,239287650.125934,670929.973665529,44724.6589078104,22511.9855523081,187841967.332305,695973.823452933,735951280.947549,190030.655911155,27019406.4259741
29620.4107607358,161302.258882167,24727.3553637997,962643.499507823,6442.99177878271,40182.5636536131,23318353.4274984,98758.486306364,23976.4575568242,28470.7391582771,130716223.273421,670572.53285075,111032.752289173,17867.5883230315,1500996.61948629,2776936.25357128,9928.43794092194,48496.3275044037,40219.2450993414,8562.50933379132,40981839.4984822,5577047.47018692,19868.2552879486,18547.9627957012,9679.60664983711,3067.23651377286,17554.8793524873,134281162.496799,7363.44128218447,561236.150370023
28552.1250918824,33485.6070385115,24684.3196683741,4156.57414395053,6438.9476075007,35962.9184759926,3429.68329041522,35000.4344844795,15876.2483148875,4662.4470934065,229230.96107656,2401.97575592294,4486.3357821739,12076.2523148627,20805.215528991,36974.8270944969,6583.17667821265,36834.6780745211,1525.73594942082,8307.21700363374,38621.0015869213,32691.074339654,19722.3530021971,18377.7770729084,9677.27385558509,1100.84922870115,17475.9025127732,43142983.8555951,7284.91198729584,44408.3185146381
28538.8453566479,33424.8864433334,24681.9247428784,4155.67064984148,6438.5271586414,35954.1384106446,3284.9738590045,34988.7013888486,15869.4948756367,4660.02497472546,27847.9532538042,2400.30183710877,4484.57725105904,12075.393482967,20804.7055396917,36953.0075535533,6582.84134812648,36824.6028742332,1524.82188044319,8305.05854269154,36572.0746921056,32659.0783557068,19717.7813628735,18376.59054203,9671.88373224123,1100.75888243237,17471.636290521,33337.9260453691,7279.97415550915,44216.3019466957
28469.1854099888,33299.7820786523,24679.5109310881,4151.48034739544,6436.84670823979,35928.9461984137,3281.90850329645,34940.5357279558,15835.7052546818,4647.42068331882,27820.55486847,2397.88054934232,4483.43107495368,12073.7332610538,20786.6286281691,36885.8162590574,6581.93700324176,36773.8018604313,1524.42834686111,8294.03755016114,36500.3765959529,32607.1130970153,19662.3923465373,18374.0972337428,9651.83337047809,1100.33962983411,17458.2078002198,32322.5292960125,7268.91900839148,44197.6720322887
28348.1592818654,33100.7739554576,24671.2553994501,4130.73032521711,6434.67449025497,35843.9631911095,3273.14523235092,34711.5499031968,15735.0664587325,4629.57320641613,27718.2461434667,2391.92951817181,4482.52910595893,12070.8369732487,20662.7450269439,36706.7239841489,6580.46907625314,36608.6178902377,1521.94163795311,8177.16062526323,36316.4968887011,32454.2440075528,19579.3363902494,18369.8519301735,9608.97543149654,1098.49870791268,17406.1760187328,32184.1950594301,7246.7840091057,44088.2870818947
28132.3338378985,32891.3706213241,24664.5678078313,4103.64348419994,6432.21228233989,35713.7355528351,3248.17509504459,34453.4271901832,15619.960760772,4591.90614812611,27523.24213675,2372.93757668392,4480.9800502745,12066.2760482704,20579.43627031,36545.7337722688,6577.44875884747,36418.4266751286,1517.00052896861,8142.78154543551,36120.1185303461,32244.527105363,19461.9931231367,18362.432643735,9545.34660124115,1094.43055172514,17353.1257094944,31902.559222975,7215.31788684663,43870.2274762996
27678.1898432523,32380.6839649826,24649.9130857052,4067.08992471677,6428.70100109186,35460.0297466951,3219.53118760499,34097.8448942596,15396.1788148016,4541.99131509285,27148.8156959243,2340.41908536905,4477.89861423164,12058.7535547823,20372.9981754422,36164.0302629663,6572.95959282982,35871.2093296001,1509.57665042958,8046.15893146858,35807.606826964,31832.5561008559,19266.0280595519,18346.5279585256,9438.58437001883,1087.64029780052,17251.6169461256,31476.055367199,7149.1435267124,43373.579794551
27218.3321651939,31835.8692014323,24615.6068954127,3983.47875456027,6419.28404328141,35074.7606192405,3155.68873710161,33462.6265174757,15004.0651428314,4454.78323345349,26675.0914875612,2300.5250772909,4473.74111970585,12047.0009333268,20074.6985558784,35678.334567573,6564.00644966933,35363.8947625203,1498.34409231754,7828.97647667128,35158.1511436189,31154.6449558355,18931.658034692,18322.9314565863,9244.40257553521,1074.3417554791,17094.1744317251,30978.2725251177,7072.6999075294,42754.7653037808
26309.4854243388,30867.3907273209,24572.4623589565,3862.78622418969,6406.94184404045,34524.6707520812,3075.50011375059,32603.1833732218,14513.449457116,4328.24557778373,25855.2204111025,2242.70957579418,4464.85322770704,12026.3563212379,19566.4767836436,34804.4489687286,6551.38129199245,34446.1153005023,1481.27237313545,7609.46399778209,34299.3046988642,30205.1216786663,18447.1116998669,18287.6141072885,8931.92259473453,1057.02506992844,16840.6118221051,30070.9024957331,6973.07632649759,41723.8912353764
25193.363816628,29258.2045839531,24501.8393792437,3677.28686332744,6386.79838823147,33545.7424098204,2947.31426615242,31054.6650591278,13799.2933757785,4177.16221772901,24657.6365818906,2160.43295518719,4450.67082427794,11993.4731326436,18828.9384158623,33431.0711102418,6531.76715058483,32908.0423790635,1454.62172209243,7243.0016028788,32541.5415453167,28809.8604216123,17610.7491238352,18234.4412304358,8541.60746137648,1028.14834689188,16475.7582916713,28764.3030039311,6780.45659023908,40073.3732818917
23190.873105135,27128.0417403824,24393.9003492801,3352.53270700664,6354.19107612686,32189.2386777235,2723.89208847447,28927.2680751771,12762.2593094093,3910.66257264719,22817.988442245,2010.39946977801,4426.62790034357,11943.5309256254,17818.4337542036,31706.1996059559,6497.34634973916,30763.2462284529,1413.84411293368,6761.9835920592,30355.244691746,26677.7761350797,16320.0701370124,18139.6520907748,7896.56812326954,985.845690378167,15951.5306966776,26508.8200904063,6498.98798272702,37816.6273521425
20433.3989432669,23963.7122954722,24230.2982868444,2966.52408462411,6297.92288624244,30194.1444706267,2413.77093381574,25686.9260523568,11296.4958518109,3459.82478952928,19879.3593477282,1821.96533038125,4393.55462303357,11858.8253981177,16287.2254169188,29142.3758587174,6443.34025953997,27850.395607389,1355.12522462122,6066.0982248212,27295.8510801078,23702.8266037328,14593.6110895759,17985.3010360656,6906.77411096059,921.056463830932,15246.2287680232,23337.486055014,6070.6540264247,34657.4902679725
16816.2055306008,19441.5255907336,23969.4373573996,2488.36633390539,6219.81461112339,27494.4610913779,1984.32663593104,20902.2862287521,9320.43423216072,2936.32403989262,15977.8239142037,1549.66017857169,4339.42040354108,11726.3255236808,14306.7334083145,25357.4744747935,6366.41886985365,23793.2687191873,1274.49481312067,5095.00982610611,23010.381386039,19604.1873268752,12486.6711431803,17749.0550295657,5673.80466720052,845.446921009326,14249.5511437644,19337.247309778,5531.34085049582,30208.9288923116
