4819583660.58293,343780270.306169,1274078699.85073,21161003.3443947,1386510.08060072,2921937569.96495,4193812634.48963,5580507.94913649,56059311975.5565,7438041386.34854,699953943.743987,26570338955.9352,318564.726631724,637894.074754153,18313290079.0628,2637610.60978749,445310800.644226,3437595905.58065,4931214595.33956,13153822419.1506,14975460164.9334,104706.98700412,16468810667.8157,748018102.129743,91685477.1823928,4403396557.99757,13654471699.6609,2597968179.67263,46685893098.4963,839116041.200858
2677700.49114216,1397350.59504074,351567292.584119,3101837.83492196,2560.90222704979,558853.123788769,4288120.52903727,948477.738866313,1870162944.32426,48735265.7030199,64147298.7778814,2356767682.33501,140615.988118532,432676.081536165,5171362.32632012,1915297.25407977,302972674.711268,1139805.42476527,514270.137732879,12067201.6792719,1866448.36168186,104706.98700412,1219489685.28882,99848495.4349562,22982167.5036114,39142588.1781415,54468709.7771619,7280158.28323345,19556725175.4274,25678098.46166
1933525.36009203,19548.0467265073,206139694.269892,218344.948176528,2560.90222704979,558853.123788769,160464.390807452,933232.811743311,67360719.2521363,48735265.7030199,381736.290926134,468098165.33065,31672.9043527001,308579.95233753,199785.170390883,1220998.47693229,288286199.013141,43408.5808703446,228181.780657158,7050575.4822801,70624.667006809,30531.5500180811,35753726.2849121,340411.198011039,22982167.5036114,33165488.1986794,51771.218658782,245204.05569688,21137.8047362887,25678098.46166
1933525.36009203,12813.3649395421,37763897.6563696,51253.076740249,2272.69027053265,558853.123788769,72500.3478221376,722419.823741438,6716.59564718201,28741572.152138,55359.1556491809,94204174.8291994,18736.9168873658,308579.95233753,196663.391122619,992235.857189784,98310679.2562307,41807.9103887293,162409.531517311,7050575.4822801,28670.8912089202,15528.0959316776,71977.5050005028,30995.7218699434,7691877.84899971,14850842.4701111,7139.05992793004,173850.955934375,21137.8047362887,24247988.0473339
1933525.36009203,12800.2533151664,7163748.99160593,19482.0989112932,2265.30541386207,558853.123788769,72500.3478221376,485845.326533115,6558.37157611791,5864094.4029684,55359.1556491809,4548643.48103152,18720.6240537327,270357.134396158,196663.391122619,250144.152308032,31188.5100957724,41807.9103887293,162409.531517311,6755358.57000403,28538.2636804792,15528.0959316776,30358.2037708387,11037.4792158297,3724854.52401077,2021944.44213399,7126.39481307609,71179.9672981521,14640.6415757557,1534448.784673
1933525.36009203,12388.5242120519,42917.8768777885,519.065618448478,2265.02936305548,26385.3381190001,72264.7381112709,190553.606496502,6557.55887413499,106972.520044962,944.666811552224,92591.1494489888,17081.5360980465,16042.7770517375,184763.68026496,32291.0880369312,31188.5100957724,40087.7551678049,147659.284489325,3577677.07231952,28538.2636804792,13489.5628347647,30358.2037708387,385.96646508261,309203.741798304,59122.2024450875,7125.00345287657,65705.5361450207,14640.475020975,434904.390804977
17126.1496630084,2373.49822558477,1835.88027835323,334.632995298643,2260.72232613569,25135.4301402876,34450.8941783673,4376.59317075794,6554.55014996133,11804.5032891886,658.256077956407,16075.7990874336,11603.2836142841,15283.305277474,5270.20634379435,28482.5951040857,31188.5100957724,27876.4811298658,98620.4574575014,9764.01476567478,28524.8691743505,6840.20001521197,30358.2037708387,274.871803343269,26590.2001111473,57943.6801674949,7122.93279104524,407.606371146214,14638.4324499487,736.735265132796
13538.9749351278,2266.87281886106,1565.59514752179,333.402306531465,2258.81029405718,11014.9107725216,28811.7288799235,3803.3234908419,6548.23362255829,11801.2298565216,658.120415698103,15924.4237402128,11593.4681002386,345.257466844165,3407.31598425827,28474.9238526309,31188.5100957724,27511.1863031968,7822.08789467391,8533.10755663254,28497.8566745882,6744.04069787665,30358.2037708387,274.868844825189,18339.2221000016,23577.8582153669,7120.19160717554,93.7895352367093,14630.6558800599,192.847411146446
7767.76629942244,2266.06419306682,59.1922792608034,323.844786307353,2257.04708408765,11009.0461640575,28793.7660628223,3800.94835609772,6540.16769891866,11794.1207585692,657.367537438912,15915.9342283002,11584.2119677958,344.275209597041,3405.32101472017,28443.8235432093,31188.5100957724,27496.133145262,7816.59084639517,8524.49111482699,28474.4233785875,6741.21188400502,30334.9743401289,274.657188217433,16949.9612401442,23566.3351548371,7113.89226805693,93.7353188625045,14614.5399127709,191.653529554777
7760.1831374982,2262.27401484702,59.190337959355,323.519604387398,2254.04166412855,10993.771225321,28735.0320512202,3793.97014398475,6528.09453500962,11779.5300490141,656.653691758796,15884.7656084144,11567.8784527352,343.727652233106,3400.06355598431,28403.2945658075,31139.2440995865,27458.691016393,7806.61108477148,8512.7706846938,28436.8526764606,6728.49487709631,30277.2209627663,274.262428037031,16929.3761209033,23540.9587880737,7104.78774080262,93.6760622353338,14587.4744250255,191.561328121147
7741.38997473627,2256.92969830889,59.1685089401826,322.902509449853,2248.93601823284,10964.5198432443,28654.3691768528,3784.33264439992,6514.80107218213,11749.6974104186,655.170605416398,15835.7362958332,11528.1005173383,342.909119675222,3391.25590971764,28318.1030742579,31047.9845721749,27390.5080532049,7787.63825761146,8491.70061366085,28362.1669894441,6710.7562800738,30190.8690642274,273.695065076359,16888.4384260992,23483.0163432334,7081.82845100593,93.5716251293725,14540.23436831,191.33967113239
7710.75807839925,2248.17134837482,59.1309139664168,321.746274567413,2240.94827664041,10927.3255504039,28533.2518245808,3769.41391229539,6485.62417496638,11710.5996691555,652.951569503609,15768.9320274624,11477.0536431203,341.787060850234,3378.06076054597,28215.4153538978,30918.4901571907,27286.2250428864,7755.12064431902,8451.37131869398,28251.4283943684,6676.32782155971,30050.498064147,272.808781648264,16819.588335148,23367.5751182696,7054.92246008128,93.4347149331504,14491.3597992915,191.008179575161
7661.22892442667,2232.60871199473,59.0722870626394,320.07529605526,2229.00201235146,10862.8558843362,28341.7438695961,3745.23165508178,6449.83488941375,11635.9557032741,649.604015603334,15639.8375000045,11399.7798249882,340.061933431597,3358.73349276642,28032.4329488852,30700.9005256331,27119.1124625999,7702.03638380528,8389.09305983205,28042.6250554167,6634.94802209776,29872.3657535756,271.391564598834,16712.1263686274,23203.7433788075,7004.50484763544,93.1585809306939,14412.081764527,190.326152327732
7575.80105423626,2212.11590041617,58.9688771376891,317.379445950192,2207.14031623294,10749.5189779359,28050.0685918252,3709.28438993329,6381.87660219117,11507.681336408,643.610732048559,15488.8446636769,11276.4536760892,337.513423885859,3325.20968609374,27774.4486075703,30392.3860395258,26841.2984681458,7607.7080266603,8303.86064372077,27710.8211400875,6574.93865448617,29584.7366490463,269.043979818326,16527.9986237431,22978.1873192005,6931.84956220368,92.7860289778944,14278.2161410384,189.570075046143
7448.82260615445,2176.99690037042,58.8177530033097,313.396904335962,2176.98187650516,10569.0621698841,27582.6830135602,3649.21616407639,6278.59091925135,11333.8107064425,635.284748798726,15250.5067307756,11109.1856491652,333.398909014611,3276.73833938173,27332.7239267423,29885.6317292041,26386.5932930252,7489.68697686938,8175.17813828172,27297.5614848972,6467.98573207128,29121.2864697983,265.468039687019,16238.5623956286,22608.2777254273,6829.66720542474,92.1302884412055,14053.3454619028,188.317228090879
7255.62796441746,2123.74886129758,58.5749158485855,307.647222405854,2131.17935833436,10289.7490890292,26784.2983248221,3557.29777377053,6116.78341600913,11055.0768465923,619.88414366607,14869.9969652637,10834.4805962237,326.981611597974,3189.71975695873,26604.1927683769,29111.6643881457,25698.6432807786,7302.07768960612,7946.47526589059,26658.0586762501,6297.16389139786,28384.9662163331,260.244426188332,15786.0679941223,22069.0644982775,6647.84094871115,91.134006232676,13679.8008079077,186.41262277972
