212508322011377472,113041091781684352,75554243875973312,3423331284772532736,776867440689201,1667275894165401088,56104220985658.6,3548904756617928,77526727752395392,36775803276423.9,485025804836051456,181561042200394848,7063987231817.16,64488983788049368,831733322669801,37746956726809856,53723770473346351104,10477761063372054,102050790602188800,272368898579602,2085712866021054,37349493481951322112,176800541713999,30566997191.0894,90595764385565.4,2818576351832.57,5762155505509531648,172089597116431,13984344776942329856,44130602446780104
613668343175152,97360986688.1003,190288369885892,5635532379599553,2519815331808.38,34505378676653008,61273945210.5556,85743196306283,107339727672341,3624256083070.63,158019260112.978,16285156984.1805,518602261032.691,16391860794894.8,40325742092072.2,6433281942510207,4824458957337634,31908568398.7344,73031138340044,3776102852377.3,1487357789.62409,203153505108363,917139784151.719,990449501.628912,2034684336664.14,20996658712.4469,3839156734246468,3544627452.20193,802252235563111,4808116229560969
269451741498.848,1104319532.32872,736877009088.589,744420079075.414,247852000532.624,120937101429560,43505408088.2316,6465362992812.96,563215955645.016,93107628.085661,32629477830.1134,5651619815.40126,176899060034.692,32029896913.3717,23410634135.3058,652097033909.606,96011207268522.1,10674564269.6562,513878640345.677,2428807314982.65,28759819.029998,7493985552084.71,78194441796.4959,104670969.65326,362433759200.893,1279113349.80319,3839156734246468,1254731860.34818,2641661618082.2,23927121429287.6
4037372574.84793,318374340.06259,25521864294.6338,173248872574.861,1137664344.84138,17637080577.8404,159879796.704648,925079199298.976,29558896027.6341,93107628.085661,51429709.3612949,2307586951.2047,12762418549.0318,1450733033.38302,5592293427.02331,2859333213.06252,15929813814.4758,368713635.412838,8459150501.92338,2688365930.54196,1147094.02678451,18169580004.8982,6174841960.1932,46255336.546201,1338415656.25771,11272717.5588573,188371583427.63,20112089.4907414,1192461263.95438,409343413881.367
125567818.11389,64022140.7608875,4966695953.68341,21477209721.4844,725578.600499629,1208850765.40544,25859207.8908688,5421920008.24646,213659333.091945,3171215.51151859,582864.134436127,116261324.345557,238024094.120278,142511758.805251,82022152.8567787,60983656.034713,332073172.557588,105282400.805576,112751299.826295,50914592.8388593,452236.250710625,436416299.957487,133373751.174852,4602858.22457515,841549.597023559,1194377.81358682,18689434.7045475,569700.538014958,2365749.11949597,112549190.297222
426396.986807669,555646.564670157,207245295.934196,3946027.73801096,25278.3174121896,151771.248199108,146623.163116878,21008470.4923322,690490.292064495,93292.0884514019,25654.3234959735,217005.621100251,70783403.8059503,19389756.3157678,857048.327373987,147325.583439914,21911817.1326939,12154408.41999,6213717.44754391,44086.4715766969,13209.7505272309,214406.062407406,288567.535287585,277127.472172889,20174.6509977221,100151.518656919,841564.660670594,103190.784289704,31149.3820806965,371860.416668909
58871.6807179689,20806.9873949574,2937913.99682963,29762.7280178586,9879.26701234066,2921.70796884459,4097.87682936657,23335.4750003042,56240.0070523855,15434.5450779964,13684.3148427848,51179.1783059169,207963.051023772,1888785.32681752,24059.4173059329,1679.23796519018,361844.315531431,13855.769784615,43887.8561552158,3476.85275227755,4846.03438236769,21747.8215667208,1541.82269492558,26644.4427410013,151.802879262833,6251.19125931469,15136.6606207226,46.1785449464577,2923.99315358704,22110.4744454167
12532.2976045181,3833.9324187577,2698.56204457418,16468.458802761,2430.51756085116,50.4149849563003,189.921637042422,115.081395483649,3955.11435039946,3091.7969309347,508.840435222029,17809.2507291746,109.9348795322,618.935920936619,368.004144290888,0.0211670314562866,1590.81491745191,467.919214413524,11353.0057669946,165.941372677629,145.171269557892,2977.06065190202,48.2294673015474,6364.1775110516,16.5747960475639,402.474213454114,631.299064105127,0.582424030805726,84.2913687598426,5592.44060091045
97.3936309488998,127.272362980491,70.5014411226149,282.335374706264,152.520209758208,0.682826794373653,28.2792696848574,1.76870276690539,7.84977482804899,64.4319222188143,41.0792503667846,80.4687817023898,1.11500836230252,49.8115915649829,12.8509655990719,0.000979716858836355,20.8277123982614,29.6114242950281,35.3566503945929,23.6409917694894,49.6585851386681,52.1635173332953,0.481128427927246,152.874494368188,0.0352296554229383,0.663761430400456,35.0908947339869,0.0559401527707735,0.302478225260387,144.887289655797
0.213744480573581,0.401751649055853,0.156826381467511,111.972884836879,0.370455560396408,0.0298470265095148,0.354340003585349,0.127315671763796,0.0117174138661937,0.0811423594568055,0.0327790390851703,0.232656523575372,0.00783538259599936,0.0465918999965709,0.0242426033160257,0.000825230379092545,0.0323194761949708,1.16817241818478,1.65269381385616,0.12426671599431,0.52542182529109,0.0195915755674889,0.43123657470025,1.09288612980569,0.00388261016837532,0.100368713294898,0.00321940317061831,0.0313798098583504,0.187070379849132,0.509845361906912
0.0180111636943252,0.214913707645223,0.0587533464602927,0.57697330693685,0.0298104777383799,0.000581986889926611,0.000455527327659411,0.0264359861870389,0.00206596929882608,0.0244940463895773,0.0179789092826468,0.0120335474037461,0.00299516734517624,0.0395084047787861,0.00294530866176501,0.000785908157382664,0.0161348371356382,0.00069976360344981,0.020975939781664,0.00146167882977011,0.16432119689091,0.017285802405496,0.218439452941112,0.0354270520485613,0.00388261016837532,0.0595183324024333,0.00320424203758307,0.0313798098353004,0.187055911136326,0.175901544809875
0.0165406332233147,0.214913707273098,0.0292542672082448,0.239711221074174,0.0257044568758147,0.000552577650807962,0.000455036850866009,0.0264359861870389,0.00206596929882608,0.0244549988772746,0.0150566489924131,0.000587061365393993,0.00299516680581746,0.0395084047687533,0.00281122773742482,0.000665049090656566,0.0126164257649748,0.000590702932925069,0.020975939781664,0.00142405415056146,0.164320804895254,0.0172492359995431,0.218439452941112,0.0224522864526477,0.00388261016837532,0.0592743236601621,0.00320424153309773,0.0313798098061682,0.0186550690041543,0.00432625366579487
0.015644421263886,0.214913707209291,0.0292542671722344,0.239688725162011,0.0257040850353576,0.000552577631907525,0.000431654096558987,0.0264359861870389,0.00206596929882608,0.0244549988203744,0.015056648966322,0.000587055966320804,0.00299516669025479,0.0395084047488297,0.00281122772918252,0.000665048895314158,0.0126164257649748,0.000590202725504696,0.020975939781664,0.00142391728749658,0.164320804774007,0.0172441617493462,0.218439452691086,0.000318516626748533,0.00388261016837532,0.0592743236601621,0.00320424135335884,0.0313798097545828,0.0186550690041543,0.00432625366579487
0.0156444212580027,0.214913705969025,0.00136175259584093,0.239688725147175,0.0257040850353576,0.000552577600018367,0.000431654028204775,0.0264359861870389,0.00206266167541003,0.0244549987387757,0.0150566489327559,1.66796548910497e-05,0.00299516638028763,0.0395084047260355,0.00281122770425668,0.000665048492521692,0.0126164257649748,0.000590202288009323,0.020975939781664,0.00142391646451756,0.16432080455283,0.0172432422820918,0.00335865698460225,0.000318516523606149,0.00388261016837532,0.0592743236601621,0.0032042410986719,0.0313798095660047,0.0186550690041543,0.00432625366579487
0.0156444212271936,0.214913705795567,0.00136175258381854,0.239688725127621,0.0257040849648433,0.000552577560483769,0.000431653946350252,0.0264359861870389,0.00206266167541003,0.0244549985272613,0.0150566488595416,1.30898486361275e-05,0.00299516605483063,0.0395084046830618,0.00281122763749408,0.000665047980334066,0.0126164257649748,0.000590202260951855,0.020975939781664,0.00142391428039446,0.164320803326007,0.0172431984100001,0.00268738005871683,0.000318516522810341,0.00388261016837532,0.0592743236601621,0.00320424087186666,0.0313798088085377,0.0186550690041543,0.00432625366579487
0.0156444211793314,0.214913705578027,0.0013617525595464,0.239688725100308,0.0257040848007364,0.000552577480277705,0.000431653827206446,0.0264359861870389,0.00206266167541003,0.0244549980764077,0.0150566487540118,1.30874101387235e-05,0.00299516551802981,0.0395084046293732,0.00281122756186392,0.000665047141893638,0.0126164257649748,0.000590202206979029,0.020975939781664,0.00142382662690466,0.164320801988481,0.0172431984090622,0.00268737741572522,0.000318472237609058,0.00388261016837532,0.0592743236601621,0.00320423990331165,0.0313798079244236,0.0186550690041543,0.00432625366579487
