426396.986807669,555646.564670157,207245295.934196,3946027.73801096,25278.3174121896,151771.248199108,146623.163116878,21008470.4923322,690490.292064495,93292.0884514019,25654.3234959735,217005.621100251,70783403.8059503,19389756.3157678,857048.327373987,147325.583439914,21911817.1326939,12154408.41999,6213717.44754391,44086.4715766969,13209.7505272309,214406.062407406,288567.535287585,277127.472172889,20174.6509977221,100151.518656919,841564.660670594,103190.784289704,31149.3820806965,371860.416668909
14946.5754613324,7981.48566232806,1623527.49514587,26113.4290679166,6121.92687252647,1055.14084542929,2368.95196575671,212.648019049107,7564.55286899995,8851.14622017136,5746.85287649564,28607.4435520676,167.20527046735,209073.242241902,2579.77809293791,575.127764918362,60236.1714770935,1665.04857295415,20456.0609119407,2098.48882556437,1265.75192096872,12757.5672823395,304.393477554918,12174.6329174435,57.9039770052002,3161.54490613947,4099.14831181591,20.5883620256746,1161.13239932013,17026.668395387
6393.57951307713,555.308290805189,1306.1293797895,8215.31922650941,162.202874805139,49.0110087663293,153.369112767592,101.826118428378,603.13831107553,286.725690520529,97.4185206112778,8775.21125013085,88.7197771493063,120.333200769177,48.0948767770541,0.00907495198816832,687.381654056955,142.059344893547,2291.75018546274,161.374406717141,134.561354210707,476.467315588287,43.2319142410977,1268.76710454235,0.621042089334139,19.2800325804085,61.3126360832153,0.135051745995185,78.5966433419474,1337.04503790814
60.8064855771469,65.7678585679251,36.0398469902287,153.249238985215,4.33876511171727,0.0402602024664986,1.38543200043577,0.271245898843574,0.13020459031128,0.428157037171673,0.654674498203235,37.4370074285016,0.248171396784414,0.741418450146995,0.37154944905916,0.000825290400229051,0.178212494304944,2.01020943045023,26.6793903641296,0.452113829801903,0.979973760415874,0.210509504125554,0.431242216988551,118.239807174281,0.00621084860972587,0.100368713294898,0.254471206374546,0.0341342882377376,0.302478225260387,73.4781551830466
0.0180111636943252,0.214913707645223,0.0587533464602927,0.57697330693685,0.0298104777383799,0.000581986889926611,0.000455527327659411,0.0264359861870389,0.00206596929882608,0.0244940463895773,0.0179789092826468,0.0120335474037461,0.00299516734517624,0.0395084047787861,0.00294530866176501,0.000785908157382664,0.0161348371356382,0.00069976360344981,0.020975939781664,0.00146167882977011,0.16432119689091,0.017285802405496,0.218439452941112,0.0354270520485613,0.00388261016837532,0.0595183324024333,0.00320424203758307,0.0313798098353004,0.187055911136326,0.175901544809875
0.0156447433619462,0.214913707249565,0.0292542671739682,0.239688725166133,0.0257040850353576,0.000552577642906726,0.00043165558966507,0.0264359861870389,0.00206596929882608,0.0244549988453286,0.0150566489796802,0.000587055966349226,0.00299516673271683,0.0395084047590615,0.00281122773645848,0.000665048944426871,0.0126164257649748,0.00059070285263374,0.020975939781664,0.0014240536142438,0.164320804858249,0.0172459861265679,0.218439452695094,0.0224522631889386,0.00388261016837532,0.0592743236601621,0.00320424138112685,0.0313798097900246,0.0186550690041543,0.00432625366579487
0.0156444212601059,0.214913707195819,0.0292542671557783,0.239688725156867,0.0257040850353576,0.000552577621220962,0.000431654078283827,0.0264359861870389,0.00206266167541003,0.0244549988035203,0.0150566489529922,0.000587055964132333,0.00299516661820576,0.0395084047400474,0.00281122772148024,0.000665048812152236,0.0126164257649748,0.000590202292187314,0.020975939781664,0.00142391646764395,0.16432080471364,0.0172436540336776,0.00335865698923499,0.000318516524060897,0.00388261016837532,0.0592743236601621,0.00320424130137553,0.0313798097183167,0.0186550690041543,0.00432625366579487
0.0156444212578606,0.214913705961322,0.00136175259572724,0.239688725147062,0.0257040850353576,0.000552577599961523,0.000431654027806871,0.0264359861870389,0.00206266167541003,0.0244549987381504,0.0150566489325854,1.66796548910497e-05,0.00299516637971919,0.0395084047247565,0.00281122770374509,0.00066504848135196,0.0126164257649748,0.000590202287753527,0.020975939781664,0.00142391646451756,0.164320804546634,0.017243241048817,0.00335865698460225,0.000318516523577728,0.00388261016837532,0.0592743236601621,0.00320424109770556,0.0313798095649531,0.0186550690041543,0.00432625366579487
0.0156444212456961,0.214913705875404,0.00136175259186189,0.239688725138279,0.0257040850247279,0.00055257758128846,0.000431654006860072,0.0264359861870389,0.00206266167541003,0.0244549986746847,0.0150566489014068,1.66796544931458e-05,0.00299516627075036,0.0395084047093803,0.002811227679274,0.000665048331171647,0.0126164257649748,0.000590202273315299,0.020975939781664,0.00142391646218698,0.164320803666442,0.0172431994293447,0.00335865697735471,0.000318516523151402,0.00388261016837532,0.0592743236601621,0.00320424100905825,0.0313798091565616,0.0186550690041543,0.00432625366579487
0.0156444212310589,0.214913705816144,0.00136175258609228,0.239688725129525,0.025704084981129,0.000552577566992341,0.000431653960561107,0.0264359861870389,0.00206266167541003,0.0244549985424669,0.0150566488646859,1.30924019856593e-05,0.00299516606239081,0.0395084046883767,0.00281122764604902,0.000665048174312233,0.0126164257649748,0.000590202263481387,0.020975939781664,0.00142391448076751,0.164320803350023,0.0172431984158834,0.00268738009540925,0.000318516522895607,0.00388261016837532,0.0592743236601621,0.00320424089983362,0.0313798088588157,0.0186550690041543,0.00432625366579487
0.0156444212165923,0.2149137057622,0.00136175257836157,0.239688725121596,0.0257040849434134,0.00055257754587501,0.000431653919861219,0.0264359861870389,0.00206266167541003,0.0244549982533329,0.0150566488487698,1.30884786813112e-05,0.00299516601765504,0.0395084046698742,0.00281122762001473,0.000665047891914128,0.0126164257649748,0.000590202253277994,0.020975939781664,0.00142390359704336,0.164320803262797,0.0172431984090622,0.00268737999024893,0.000318516522497703,0.00388261016837532,0.0592743236601621,0.00320424082508453,0.0313798087760233,0.0186550690041543,0.00432625366579487
0.0156444212049109,0.214913705693561,0.00136175257327409,0.239688725114263,0.0257040848970291,0.000552577530271492,0.000431653897692286,0.0264359861870389,0.00206266167541003,0.0244549981439377,0.0150566488202628,1.30878455877337e-05,0.00299516593412363,0.0395084046543843,0.00281122760037533,0.000665047753756198,0.0126164257649748,0.000590202239550308,0.020975939781664,0.0014238418281991,0.164320802890472,0.0172431984090622,0.00268737938242225,0.000318478275431744,0.00388261016837532,0.0592743236601621,0.00320424036931399,0.0313798085828694,0.0186550690041543,0.00432625366579487
0.0156444211914959,0.214913705641408,0.001361752567135,0.239688725108095,0.0257040848507017,0.000552577507761498,0.000431653859635617,0.0264359861870389,0.00206266167541003,0.0244549981063926,0.0150566487774313,1.30875663444385e-05,0.0029951655690752,0.0395084046429872,0.00281122758275387,0.00066504734610362,0.0126164257649748,0.000590202222639391,0.020975939781664,0.00142383854668537,0.164320802046973,0.0172431984090622,0.00268737787160944,0.000318473028272592,0.00388261016837532,0.0592743236601621,0.00320423996600994,0.0313798084760037,0.0186550690041543,0.00432625366579487
0.0156444211793314,0.214913705578027,0.0013617525595464,0.239688725100308,0.0257040848007364,0.000552577480277705,0.000431653827206446,0.0264359861870389,0.00206266167541003,0.0244549980764077,0.0150566487540118,1.30874101387235e-05,0.00299516551802981,0.0395084046293732,0.00281122756186392,0.000665047141893638,0.0126164257649748,0.000590202206979029,0.020975939781664,0.00142382662690466,0.164320801988481,0.0172431984090622,0.00268737741572522,0.000318472237609058,0.00388261016837532,0.0592743236601621,0.00320423990331165,0.0313798079244236,0.0186550690041543,0.00432625366579487
