485.605902653383,337.617269474858,220.784280289252,359.58185280823,375.094745290443,289.368223183098,368.731596802489,336.163691773701,445.778833834436,650.300912555665,438.378745744167,108.415470068127,470.609877885886,366.77755872336,370.04084423351,298.777738055369,336.989235768215,110.842939496187,343.460843059132,242.026870231616,461.098608109432,384.755703838419,339.594204234296,111.971694561501,221.399205080136,503.018399152993,264.699848437715,315.082845267902,271.992815021404,254.360008555421
485.603987829893,337.617269198803,220.783592600547,359.581852396461,375.094740008294,289.368119377013,368.731596799044,336.163690090556,445.752370624964,650.300899006943,438.347581424658,103.902095348222,470.609875597611,366.777557648452,370.040844221801,298.777631455739,336.98923410135,107.071957473475,343.460843039546,242.026870074691,461.098606284952,384.695783498651,339.594204217397,106.179567311359,221.352522993678,502.936357815865,264.698915901817,315.082842944757,271.992813670854,254.359972474365
485.603924602047,337.617269198803,220.783592600527,359.581852396461,375.094740008294,289.368119377013,368.731596799044,336.163690090556,445.750332681354,650.300899000569,438.347269819186,103.207469546384,470.609875597611,366.777557648452,370.040844221801,298.777631455738,336.98923410135,105.449926540958,343.460843039546,242.026870074691,461.098606284952,384.694693272081,339.594204217397,105.710813862655,221.352522993615,502.916728924427,264.698915901795,315.082842944757,271.992813670854,254.359972474365
485.603923044167,337.617269198803,220.783592600526,359.581852396461,375.094740008294,289.368119377013,368.731596799044,336.163690090556,445.750135801144,650.300899000567,438.347267997012,102.329115810775,470.609875597611,366.777557648452,370.040844221801,298.777631455738,336.98923410135,102.828359479001,343.460843039546,242.026870074691,461.098606284952,384.694669103155,339.594204217397,105.226455500409,221.352522993615,502.915827014857,264.698915901795,315.082842944757,271.992813670854,254.359972474365
485.603923044167,337.617269198803,220.783592600526,359.581852396461,375.094740008294,289.368119377013,368.731596799044,336.163690090556,445.750135801144,650.300899000566,438.347267996448,102.251060495832,470.609875597611,366.777557648452,370.040844221801,298.777631455738,336.98923410135,102.632069554592,343.460843039546,242.026870074691,461.098606284952,384.694668687671,339.594204217397,104.354506403221,221.352522993615,502.91582659189,264.698915901795,315.082842944757,271.992813670854,254.359972474365
485.603923044167,337.617269198803,220.783592600526,359.581852396461,375.094740008294,289.368119377013,368.731596799044,336.163690090556,445.750135801144,650.300899000566,438.347267996446,102.240405385322,470.609875597611,366.777557648452,370.040844221801,298.777631455738,336.98923410135,102.578965037525,343.460843039546,242.026870074691,461.098606284952,384.694668687583,339.594204217397,103.789028172974,221.352522993615,502.91582659189,264.698915901795,315.082842944757,271.992813670854,254.359972474365
485.603923044167,337.617269198803,220.783592600526,359.581852396461,375.094740008294,289.368119377013,368.731596799044,336.163690090556,445.750135801144,650.300899000566,438.347267996446,102.23289159999,470.609875597611,366.777557648452,370.040844221801,298.777631455738,336.98923410135,102.457719082829,343.460843039546,242.026870074691,461.098606284952,384.694668687431,339.594204217397,103.313247523914,221.352522993615,502.91582659189,264.698915901795,315.082842944757,271.992813670854,254.359972474365
485.603923044167,337.617269198803,220.783592600526,359.581852396461,375.094740008294,289.368119377013,368.731596799044,336.163690090556,445.750135801144,650.300899000566,438.347267996446,102.232891599986,470.609875597611,366.777557648452,370.040844221801,298.777631455738,336.98923410135,102.457664786464,343.460843039546,242.026870074691,461.098606284952,384.694668687272,339.594204217397,103.313247523721,221.352522993615,502.91582659189,264.698915901795,315.082842944757,271.992813670854,254.359972474365
485.603923044167,337.617269198803,220.783592600526,359.581852396461,375.094740008294,289.368119377013,368.731596799044,336.163690090556,445.750135801144,650.300899000566,438.347267996446,102.230902660941,470.609875597611,366.777557648452,370.040844221801,298.777631455738,336.98923410135,102.457664707754,343.460843039546,242.026870074691,461.098606284952,384.69466868711,339.594204217397,103.313247523717,221.352522993615,502.91582659189,264.698915901795,315.082842944757,271.992813670854,254.359972474365
485.603923044167,337.617269198803,220.783592600526,359.581852396461,375.094740008294,289.368119377013,368.731596799044,336.163690090556,445.750135801144,650.300899000566,438.347267996446,102.230902660935,470.609875597611,366.777557648452,370.040844221801,298.777631455738,336.98923410135,102.457664707754,343.460843039546,242.026870074691,461.098606284952,384.694668686962,339.594204217397,103.033976824458,221.352522993615,502.91582659189,264.698915901795,315.082842944757,271.992813670854,254.359972474365
485.603923044167,337.617269198803,220.783592600526,359.581852396461,375.094740008294,289.368119377013,368.731596799044,336.163690090556,445.750135801144,650.300899000566,438.347267996446,102.230795365313,470.609875597611,366.777557648452,370.040844221801,298.777631455738,336.98923410135,102.457515464779,343.460843039546,242.026870074691,461.098606284952,384.694668686797,339.594204217397,103.033974750135,221.352522993615,502.915826591775,264.698915901795,315.082842944757,271.992813670854,254.359972474365
485.603923044167,337.617269198803,220.783592600526,359.581852396461,375.094740008294,289.368119377013,368.731596799044,336.163690090556,445.750135801144,650.300899000566,438.347267996446,102.230555043895,470.609875597611,366.777557648452,370.040844221801,298.777631455738,336.98923410135,102.457194128048,343.460843039546,242.026870074691,461.098606284952,384.69466868663,339.594204217397,103.03397475013,221.352522993615,502.915826591603,264.698915901795,315.082842944757,271.992813670854,254.359972474365
485.603923044167,337.617269198803,220.783592600526,359.581852396461,375.094740008294,289.368119377013,368.731596799044,336.163690090556,445.750135801144,650.300899000566,438.347267996446,102.230555036829,470.609875597611,366.777557648452,370.040844221801,298.777631455738,336.98923410135,102.457194126855,343.460843039546,242.026870074691,461.098606284952,384.694668686478,339.594204217397,103.03397473956,221.352522993615,502.91582659142,264.698915901795,315.082842944757,271.992813670854,254.359972474365
485.603923044167,337.617269198803,220.783592600526,359.581852396461,375.094740008294,289.368119377013,368.731596799044,336.163690090556,445.750135801144,650.300899000566,438.347267996446,102.230555036827,470.609875597611,366.777557648452,370.040844221801,298.777631455738,336.98923410135,102.457194126854,343.460843039546,242.026870074691,461.098606284952,384.694668686318,339.594204217397,103.033974739333,221.352522993615,502.915826591261,264.698915901795,315.082842944757,271.992813670854,254.359972474365
