641.34060871758,682.794889428584,380.620912902272,329.218592648534,718.781037131052,330.366792647272,569.192951601431,3991.35443146087,369.347821044641,695.313833101437,372.739733531845,383.338568726093,520.62802614932,1064.19381447845,458.142923382149,586.365972202706,460.468639151546,465.421386522348,338.940081287416,828.756583575113,1052.51523179063,665.742621592101,412.105599127664,234.502528912873,462.914319231803,697.534632495838,509.238342709433,506.597442494154,458.9875210313,444.565543273389
542.843618848066,540.785091565509,348.986369300887,216.343016698516,443.520580226041,316.537839920339,500.222902241846,260.783385901629,333.272237697438,414.842530667191,358.876163474924,381.911206293751,499.770485163406,538.547836449292,441.406300815966,468.408115316877,440.086920162762,377.170029029528,325.932106195768,626.572716435642,681.931474885858,373.088561044784,399.030711475308,173.047787786568,418.561782844972,527.032545636957,490.976861205335,355.21584344087,446.156844337081,436.903340678983
377.652460319996,367.452635819495,335.989523109625,197.59971944779,395.207627354243,293.746160081711,466.570227268616,193.188714335538,322.505692504976,397.332469910696,348.013478460289,361.793259827289,486.24514551463,481.500525284332,433.200353659734,327.507764049312,421.00057106646,290.214841588496,319.893701501448,567.031453433543,532.503243445416,253.249620711914,380.443597170089,134.664519901839,405.296951298061,416.329383031594,486.48144447053,332.258575128184,428.843412420703,427.165132977465
295.279360607699,309.145610790918,331.360006455534,167.784859141495,350.567057075145,273.775286570543,406.368427639542,146.169761900541,320.631263509174,362.182786944238,342.554179982685,353.713730274012,485.197529043139,347.42645402029,430.830100803083,272.809853343233,412.802310341569,272.890999445126,316.248972782942,309.312432688428,333.631655257921,161.674511669678,377.074362131325,126.196736825086,387.372285526047,402.079846114371,485.89661386539,272.980054567414,418.038437724762,423.124005894907
293.717697469972,279.309483583043,331.196746278632,133.68693455015,342.625354197188,268.354212970189,398.41654943879,124.761416229339,320.25091723246,360.819500319473,341.669594082438,351.418211267848,485.128797926219,268.080308059117,430.439496034626,250.822813842749,412.074084811132,247.115864874971,315.534746928152,274.308731386196,264.517490542159,134.320412177025,376.460126268322,115.432984319994,361.552008315633,401.600392826136,485.874705608498,272.564457276933,417.254643683772,423.097296435866
256.084257306309,270.28247450097,331.193784313396,111.586014135765,342.414562569344,268.229252566612,398.171835462777,109.599840087749,320.246961478871,360.813633902696,341.651946298026,351.382787737491,484.969357221993,225.563139307261,430.436046923683,157.944566171337,412.040571161085,246.290480509132,315.530317765778,251.813379719859,250.127670072081,111.013409196039,376.458843832555,113.788988202043,361.120500983662,401.584016313377,485.873653580868,272.554329580747,415.953700280882,423.096507984799
237.769348154361,270.276474359102,331.193782493744,109.046287203239,342.414043805911,268.219920111941,398.169786941564,103.154048890426,320.246961255309,360.813631122484,341.651945951836,351.382595538599,484.933809348648,225.512543492319,430.436028193515,125.469052452911,412.039594185604,246.289268658979,315.530305809214,251.789524163375,250.032506780879,107.298399646004,376.458842228555,106.51476079385,361.119623382601,401.579687632232,485.873511833875,272.554313735918,415.795264202702,423.096503992109
237.769268433996,270.276472831064,331.193782493666,104.05599447927,342.414043751271,268.219919467104,398.169786904065,102.593821085789,320.246961255307,360.813631122329,341.651945951791,351.38259553201,484.907463460861,225.512542664274,430.436028193479,106.636656652722,412.039594145463,246.289267839469,315.530305808843,251.78952396721,250.032504178623,104.446643054875,376.458842228389,105.251105997056,361.119623280239,401.577900526166,485.873486337135,272.554313735738,415.758771369653,423.096503992101
237.769268433983,270.276472831064,331.193782493666,102.263499910276,342.414043751271,268.219919467104,398.169786904065,102.022869274332,320.246961255307,360.813631122329,341.651945951791,351.38259553201,484.898815709835,225.512542664274,430.436028193479,106.217252567295,412.039594145463,246.289267839468,315.530305808843,251.78952396721,250.032504178622,102.222661597945,376.458842228389,103.454274282716,361.119623280239,401.577631465773,485.873482634644,272.554313735738,415.748860650319,423.096503992101
237.769268433983,270.276472831064,331.193782493666,102.18304034524,342.414043751271,268.219919467104,398.169786904065,100.666959298567,320.246961255307,360.813631122329,341.651945951791,351.38259553201,484.89827358165,225.512542664274,430.436028193479,105.379682456903,412.039594145463,246.289267839468,315.530305808843,251.78952396721,250.032504178622,101.18590465336,376.458842228389,103.258880264325,361.119623280239,401.577631023483,485.873482574948,272.554313735738,415.745231613334,423.096503992101
237.769268433983,270.276472831064,331.193782493666,102.164026516434,342.414043751271,268.219919467104,398.169786904065,100.362657283432,320.246961255307,360.813631122329,341.651945951791,351.38259553201,484.89827010398,225.512542664274,430.436028193479,105.323745605961,412.039594145463,246.289267839468,315.530305808843,251.78952396721,250.032504178622,100.903878130437,376.458842228389,102.934066116949,361.119623280239,401.577631023433,485.873482574948,272.554313735738,415.745208787965,423.096503992101
237.769268433983,270.276472831064,331.193782493666,101.959861755635,342.414043751271,268.219919467104,398.169786904065,100.000000033701,320.246961255307,360.813631122329,341.651945951791,351.38259553201,484.898270103935,225.512542664274,430.436028193479,103.332965328914,412.039594145463,246.289267839468,315.530305808843,251.78952396721,250.032504178622,100.79666878019,376.458842228389,102.097479017365,361.119623280239,401.577631023424,485.873482574945,272.554313735738,415.745207576742,423.096503992101
237.769268433983,270.276472831064,331.193782493666,101.937300955177,342.414043751271,268.219919467104,398.169786904065,100,320.246961255307,360.813631122329,341.651945951791,351.38259553201,484.898270103931,225.512542664274,430.436028193479,103.329121078762,412.039594145463,246.289267839468,315.530305808843,251.78952396721,250.032504178622,100.35654197248,376.458842228389,102.092804045189,361.119623280239,401.577631023424,485.873482574945,272.554313735738,415.745207575795,423.096503992101
237.769268433983,270.276472831064,331.193782493666,101.937300119366,342.414043751271,268.219919467104,398.169786904065,100,320.246961255307,360.813631122329,341.651945951791,351.38259553201,484.898270103931,225.512542664274,430.436028193479,103.329116145903,412.039594145463,246.289267839468,315.530305808843,251.78952396721,250.032504178622,100,376.458842228389,102.085127575933,361.119623280239,401.577631023424,485.873482574945,272.554313735738,415.745207575608,423.096503992101
237.769268433983,270.276472831064,331.193782493666,101.937090456398,342.414043751271,268.219919467104,398.169786904065,100,320.246961255307,360.813631122329,341.651945951791,351.38259553201,484.898270103931,225.512542664274,430.436028193479,103.328203845215,412.039594145463,246.289267839468,315.530305808843,251.78952396721,250.032504178622,100,376.458842228389,102.085127218241,361.119623280239,401.577631023424,485.873482574945,272.554313735738,415.745207575285,423.096503992101
237.769268433983,270.276472831064,331.193782493666,101.844190166389,342.414043751271,268.219919467104,398.169786904065,100,320.246961255307,360.813631122329,341.651945951791,351.38259553201,484.898270103931,225.512542664274,430.436028193479,103.328203604339,412.039594145463,246.289267839468,315.530305808843,251.78952396721,250.032504178622,100,376.458842228389,100.668663767223,361.119623280239,401.577631023424,485.873482574945,272.554313735738,415.745207574797,423.096503992101
