3003.68709809757,1815.99882653681,598.729684140822,2581.98625566902,826.164546442152,1795.55229071647,841.234737546285,1577.61498724736,709.587858489846,1489.35329040778,2620.25300274297,1639.34455787456,512.529196994709,2566.03568597085,1768.65935417588,1248.52704167157,1035.35573653592,2095.05447224222,1168.63184852942,719.948507542118,1199.54825471235,1648.46439969423,678.459910110172,1569.53318402801,1336.53420464821,514.646517602511,1195.99914024021,1441.43799363301,823.365664846449,740.858742673211
2848.03546797885,1368.14960473758,530.204874251318,2039.300643201,795.983731046806,1617.2441568048,617.08113652045,1453.62024919623,704.533839296674,1270.36873571107,2500.81945167766,1544.27876455877,484.187485052374,2317.22670996073,1649.87259402502,1009.56516556947,906.807601910495,1884.12293377652,957.856709510355,637.041900320744,1166.42909988938,1482.31368154306,628.612174356503,1241.58351721638,1122.95610122698,505.223700597991,1073.77787418207,1174.46363394787,709.164801283088,718.531112112776
2614.66104069981,1121.58699870217,527.3247543464,1851.21408132496,767.89407433685,1322.60446295702,476.841236476698,1407.95818358357,701.629449867068,1035.25775056921,2327.50954933319,1502.17312865869,468.570945141824,1845.55483319868,1629.01951357496,907.868368835855,882.942399937242,1746.35501851088,798.020853460569,577.966625013859,916.702013353206,1308.86725470349,610.542443600955,1132.43560271683,1113.03299538605,467.211991358435,972.787447990283,1156.77339016167,654.037974787479,713.350467284182
2572.11740889176,1042.54238294427,526.838629106779,1405.2946713408,733.521769197882,1125.56418060542,430.234359190616,1367.88037568534,694.926119486837,973.279349388838,2185.02543550184,1489.58569110153,451.185595026866,1776.37895157833,1620.2181711908,858.391532970853,870.380504635642,1636.57885312473,773.515338943344,488.66533322376,818.474921243287,1268.33641181459,556.583689116537,894.836445514991,1045.43041268742,430.633674246303,862.031751944326,1146.89069893926,578.474130939943,705.285669374228
2568.16798502972,1036.20447368971,526.660999532816,1402.26714051073,724.896055286874,1083.26346366682,423.126983112394,1363.70430284767,685.794164656694,969.16451663046,1760.62297677298,1484.32771536915,450.031274768437,1761.89384451112,1615.24299954387,854.704588403417,868.70027779582,1622.90233588174,770.824200292231,477.481471039974,799.009801542838,1219.31709653385,546.602157186149,852.080905957492,1017.09588188929,426.224792930204,819.724073488632,1145.14712004246,562.538078259243,695.12674019603
2567.4368235583,1035.04747134823,526.649154196227,1402.19445713569,722.859165048384,1074.68261236091,417.276074753805,1315.31309688866,676.298634012907,969.072308318195,1716.32406717545,1483.62711095645,448.516822768744,1752.30120757022,1613.66017126449,853.788289898877,868.169184446849,1620.53129133187,770.762771432333,475.923129416939,798.62037655004,1060.43420805702,545.404311220679,851.172858608679,1015.2549677684,426.085661319218,810.561296594417,1144.39015022487,561.784573588676,674.120913454534
2567.34430506552,1034.81298866479,526.648961089675,1400.35130342422,722.55357642237,1074.01997393309,410.011038752797,1026.56949371569,672.16804485602,969.04622653213,1713.22100927282,1483.55248549273,447.764192266479,1751.53994472879,1613.5877200993,853.776349832101,868.148463172666,1620.32883252454,770.753232073503,464.786534585458,798.580549185317,1059.89677580656,536.705397128298,846.682723556019,1014.22404020153,426.084598504917,808.981232528109,1144.38213175686,561.743943638792,664.933813987494
2567.34335954342,1034.81191385637,526.648960897181,1399.90444485653,722.550035970823,1074.0180370469,380.94471463329,1025.98755618159,592.58289944483,969.045367225747,1712.46658938248,1483.5505760534,447.734536826379,1747.91021624846,1613.587602489,853.776319950965,868.147855975858,1620.32735435426,770.752051942535,464.153559458853,798.580501016244,1059.89676242048,535.292520687795,845.972402901003,1014.03963662545,426.084595494576,805.878097122456,1144.37555679477,561.740970444056,664.019548833403
2567.34334485168,1034.8119136609,526.64896089718,1399.74495362053,722.550013629305,1074.01803689785,380.92196778763,1023.78267421606,583.741179374686,969.045366805834,1712.45326844908,1483.55057533303,447.734500159183,1746.15263243279,1613.58760248656,853.776319950901,868.147855913443,1620.32735295085,770.752046914462,464.150913969036,798.580501015178,1059.89676241221,535.214522100432,845.97186343125,1014.03962758711,426.084595494426,803.392783378678,1112.43471382236,561.715502139956,663.687244796515
2567.34334485156,1034.8119136609,526.64896089718,1399.74185567451,722.55001360607,1074.01803689785,380.921967773172,1023.77371268679,582.583044833636,969.045366805826,1712.45326608536,1483.55057533294,447.734500157093,1746.12500878288,1613.58760248656,853.776319950901,868.147855913443,1620.32735295075,770.752046913481,464.150913960674,798.580501015178,1058.33569716894,535.214433232472,845.971863431248,1014.0396275871,426.084595494426,803.186953783266,1112.39151096938,561.628279015051,663.645568612661
2567.34334485156,1034.8119136609,526.64896089718,1399.74185542076,722.550013606069,1074.01803689785,380.921967773172,1023.77371268214,582.582514706926,969.045366805826,1712.45326608535,1483.55057533294,447.734500157093,1745.43858775466,1613.58760248656,853.776319950901,868.147855913443,1620.32735295075,770.75204691348,464.150913960674,798.580501015178,1058.33569716894,535.214433232445,845.971863431248,1014.0396275871,426.084595494426,803.174447417855,1112.39150061138,561.627940830037,663.645566638672
2567.34334485156,1034.8119136609,526.64896089718,1399.74185541258,722.550013606069,1074.01803689785,380.921967773172,1023.77371268175,582.582514706853,969.045366805826,1712.45326608535,1483.55057533294,447.734500157093,1744.3616134532,1613.58760248656,853.776319950901,868.147855913443,1620.32735295075,770.75204691348,464.150913960674,798.580501015178,1058.33569716894,535.214433232445,845.971863431248,1014.0396275871,426.084595494426,803.172801241863,1112.39150061137,561.627932378557,663.645566638529
2567.34334485156,1034.8119136609,526.64896089718,1399.74185541138,722.550013606069,1074.01803689785,380.921967773172,1023.77371268037,582.582514706722,969.045366805826,1712.45326608532,1483.55057533294,447.734500157093,1744.36150009302,1613.58760248656,853.776319950901,868.147855913443,1620.32735295075,770.75204691348,464.150913960674,798.580501015178,1058.33569716894,535.214433232445,845.971863431248,1014.0396275871,426.084595494426,803.169402248827,1112.39150061137,561.627917324069,663.645566638198
2567.34334485156,1034.8119136609,526.64896089718,1399.74185540863,722.550013606069,1074.01803689785,380.921967773172,1023.77371267896,582.582514706477,969.045366805826,1712.45326608526,1483.55057533294,447.734500157093,1744.36150009302,1613.58760248656,853.776319950901,868.147855913443,1620.32735295075,770.75204691348,464.150913960674,798.580501015178,1057.45564085841,535.214433232445,845.971863431248,1014.0396275871,426.084595494426,803.161206439351,1112.39150061137,561.627907311447,663.64556663783
2567.34334485156,1034.8119136609,526.64896089718,1399.74185539308,722.550013606069,1074.01803689785,380.921967773172,1023.77371266297,582.582514706091,969.045366805826,1712.45326608481,1483.55057533294,447.734500157093,1744.36150009302,1613.58760248656,853.776319950901,868.147855913443,1620.32735295075,770.75204691348,464.150913960674,798.580501015178,1057.45564085813,535.214433232445,845.971863431248,1014.0396275871,426.084595494426,803.070462256801,1112.39150061137,561.627833881807,663.645566637042
2567.34334485156,1034.8119136609,526.64896089718,1399.74185534485,722.550013606069,1074.01803689785,380.921967773172,1023.77371265811,582.582514705505,969.045366805826,1712.45326608403,1483.55057533294,447.734500157093,1744.36150009302,1613.58760248656,853.776319950901,868.147855913443,1620.32735295075,770.75204691348,464.150913960674,798.580501015178,1057.45564085775,535.214433232445,845.971863431248,1014.0396275871,426.084595494426,803.070462256801,1112.39150061137,561.627765126895,663.645566634345
