1403.63861065216,978.62739659806,996.817793999945,588.003852597121,1043.34048314347,1801.37138147488,431.241551682037,502.610704766434,766.54779771737,705.267281688208,986.886005358901,901.103653644638,1352.8609112568,830.349613918774,1683.35987078801,1248.04270471301,741.91587540642,698.059720580006,2258.81073721231,674.173641686149,1804.21341722458,1401.58220216912,715.538571295454,1089.07712248228,634.207213838769,677.563242395418,1204.90258704027,1534.13207307341,1063.62417957038,1454.83427593879
1401.01212882903,870.048199455763,996.778243349846,588.002582265521,1043.09382919488,1790.24586809963,431.199012402556,502.606041716226,766.426823539947,700.594739067336,984.848406298235,898.136461915798,1349.00855623143,828.548099206167,1683.33652904147,1248.00793573204,736.886890315444,674.442376140317,2258.64341191449,646.240912712819,1798.83441074331,1401.41855872888,715.324562693527,1089.07636194383,632.104897272347,676.939333065032,1203.11937356053,1533.53751195084,1057.45768598456,1454.79987813865
1400.93666904981,869.639657183844,996.777928572995,588.002582251946,1043.04823106669,1789.71466098259,431.199007389037,502.606041671722,766.108026119337,700.549579184087,984.332152541794,897.858811647836,1345.36441461705,828.281498228413,1683.33652655158,1248.00793571089,726.117625999121,671.150088489567,2258.64338361252,643.014314135976,1782.55586575338,1401.41625317751,715.317934837584,1089.07636194383,632.081553321098,676.750048569768,1202.94456464524,1533.53198476353,1053.12057810861,1454.79985088571
1400.27236401526,864.127870631853,996.777885430186,588.002582251946,1043.04107453343,1789.70936083877,431.199007389036,502.606041671721,765.612660798782,700.549551739239,983.099949929323,896.024113239237,1339.97921553687,828.280880557138,1683.33652655157,1248.00793571089,723.139989672638,671.147464686587,2258.64338361221,642.935005149547,1780.97214354369,1401.41625303372,715.317890685179,1089.07636194383,632.081019803162,676.698372920288,1202.14347954725,1533.53198145757,1053.02047557947,1454.79985088538
1400.27108961985,863.645453874866,996.777885429285,588.002582251946,1042.30570477851,1789.70936030548,431.199007389036,502.606041671721,765.612660798782,700.549551570511,983.001870901571,889.282254525744,1339.68173407228,828.280880557138,1683.33652655157,1248.00793571089,723.139397901581,671.147464683848,2258.64338361221,621.037140555793,1780.52552241258,1401.41625303372,715.317890486712,1089.07636194383,632.08095721888,676.694401027283,1196.34487681498,1533.5319814547,1052.964077596,1454.79985088538
1400.27108961985,863.645453874866,996.777885429285,588.002582251946,1040.58024330204,1789.70936030502,431.199007389036,502.606041671721,765.612660798782,699.652808961987,982.872832502307,889.214338811919,1339.67117672697,828.280880557138,1683.33652655157,1248.00793571089,723.139397900215,671.147464649805,2258.64338361221,620.694637475326,1780.52531827153,1401.41625303372,715.317890486568,1083.01816719458,632.080941486724,676.694401027283,1196.34426479354,1533.53198145462,1052.94911550391,1454.79985088538
1400.27108961985,863.645453874866,996.777885429285,588.002582251946,1040.58024330165,1789.70936030456,431.199007389036,502.606041671721,765.612660798782,699.652808835413,982.872675012749,889.171104861113,1339.67117619339,828.280880557138,1683.33652655157,1248.00793571089,723.139397898171,671.146580042291,2258.64338361221,620.69463747508,1780.52531827152,1401.41625303372,715.317890486385,1083.01816719458,632.080941485114,676.694401027283,1196.34426475637,1533.53198145462,1052.91672780681,1454.79985088538
1400.27108961985,863.645453874866,996.777885429285,588.002582251946,1040.58024330142,1789.70936030412,431.199007389036,502.606041671721,765.612660798782,699.65280881802,982.872659894453,884.346551428434,1339.67117619314,828.280880557138,1683.33652655157,1248.00793571089,723.139397897271,671.146580029198,2258.64338361221,620.694637474839,1780.52531827152,1401.41625303372,715.317890486185,1083.01816719458,632.080941241175,676.694401027283,1196.3442647404,1533.53198145462,1052.89145241231,1454.79985088538
1400.27108961985,863.645453874866,996.777885429285,588.002582251946,1040.58024330115,1789.7093603033,431.199007389036,502.606041671721,765.612660798782,699.652774626838,982.872658143865,884.344087827269,1339.67117619289,828.280880557138,1683.33652655157,1248.00793571089,723.139397896799,671.146579292297,2258.64338361221,620.694637474601,1780.52531827152,1401.41625303372,715.317890486002,1083.01816719458,632.080932120597,676.694401027283,1196.34426473938,1533.53198145462,1052.86070386902,1454.79985088538
1400.27108961985,863.645453874866,996.777885429285,588.002582251946,1040.58024330087,1789.70936030246,431.199007389036,502.606041671721,765.612660798782,699.652774595378,982.872658143678,884.344087827265,1339.6711761923,828.280880557138,1683.33652655157,1248.00793571089,723.139397895937,671.146579270845,2258.64338361221,620.694637474352,1780.52531827152,1401.41625303372,715.317890485823,1083.01816719458,632.080931935778,676.694401027283,1196.34426473512,1533.53198145462,1052.82830894364,1454.79985088538
1400.27108961985,863.645453874866,996.777885429285,588.002582251946,1040.58024330058,1789.70936030179,431.199007389036,502.606041671721,765.612660798782,699.65277381075,982.872658143419,884.344087827261,1339.67117619115,828.280880557138,1683.33652655157,1248.00793571089,723.13939789444,671.146578517996,2258.64338361221,620.694637474119,1780.52531827152,1401.41625303372,715.317890485622,1081.28298348234,632.080931931722,676.694401027283,1196.34426473357,1533.53198145462,1052.81124739654,1454.79985088538
1400.27108961985,863.645453874866,996.777885429285,588.002582251946,1040.58024330023,1789.70936030116,431.199007389036,502.606041671721,765.612660798782,699.652773759309,982.872658143187,881.691800490339,1339.67117619076,828.280880557138,1683.33652655157,1248.00793571089,723.139397893543,671.146577605763,2258.64338361221,620.694637473867,1780.52531827152,1401.41625303372,715.317890485446,1080.96350136878,632.080931909179,676.694401027283,1196.34426473278,1533.53198145462,1052.78771656124,1454.79985088538
1400.27108961985,863.645453874866,996.777885429285,588.002582251946,1040.58024330006,1789.70936030061,431.199007389036,502.606041671721,765.612660798782,699.652773716023,982.872658142954,881.69180049031,1339.67117619031,828.280880557138,1683.33652655157,1248.00793571089,723.139397892943,671.146577573707,2258.64338361221,620.694637473607,1780.52531827152,1401.41625303372,715.317890485263,1080.96350118846,632.080931252114,676.694401027283,1196.34426473025,1533.53198145462,1052.76005541731,1454.79985088538
1400.27108961985,863.645453874866,996.777885429285,588.002582251946,1040.58024329976,1789.70936030013,431.199007389036,502.606041671721,765.612660798782,699.652773707925,982.872658142704,881.691800489692,1339.6711761898,828.280880557138,1683.33652655157,1248.00793571089,723.139397891921,671.146577524005,2258.64338361221,620.694637473379,1780.52531827152,1401.41625303372,715.317890485047,1080.96350114852,632.080929768987,676.694401027283,1196.34426472878,1533.53198145462,1052.73989697162,1454.79985088538
