3166.31258638832,3762.82291137298,3380.03481212613,4628.42215499352,4629.23844135744,4628.56357995852,4909.2006497214,2627.3815158194,4057.47546834609,5086.61443810595,4695.73949072019,4870.24712325235,4468.4866860992,4707.21694549396,4408.92383926595
3152.64196358059,3725.39760240921,3360.43136086695,4602.54039400791,4626.97856176026,4609.85164603466,4876.88455825944,2616.4633956097,4047.8247615226,5080.76208012647,4683.82625682398,4855.07635415526,4454.10423437422,4689.6317771323,4394.64578201529
3123.48226822823,3688.79115651887,3321.43373323482,4589.45665540367,4609.79028018315,4594.92831154488,4844.03247737285,2598.67892676007,4019.49221945551,5046.5234592944,4661.38745404159,4854.82428646796,4424.47182290737,4682.61822154027,4363.07164812565
3000.9293331253,3520.54004707621,3233.92689392769,4379.46725915541,4504.52363081678,4467.34050278436,4685.52392227763,2497.72118919015,3937.0287403317,4981.79405314956,4420.92974009803,4698.68096473955,4245.64034861626,4609.17500056552,4222.20610487319
2453.8572896429,2899.38664045969,2912.80701075312,3602.0107325476,3797.07504512073,3891.60229507113,4324.43229150645,2237.59989530615,3610.10454323246,4692.6850449596,4141.40094212316,4004.91485911007,3798.35400202171,4402.11670278121,3754.53134451413
1802.81482265901,2328.94540064818,2638.97740220399,3442.20874883348,2817.4621393188,3020.45491031826,2590.4838392191,1614.64240831424,3249.0328316967,3255.38546465193,3380.86670404479,2464.34098761545,3191.85649064486,3737.95076672495,2932.61925293935
1161.71981552224,1805.97390865179,2029.0694929991,3442.20874883348,2002.1966134365,2673.84513611179,2251.54308320572,1069.13851557152,2350.85654288685,1759.3709090472,2279.14516642924,488.601191021452,2092.20490396357,2202.81287260059,2435.796836776
787.938587697172,1599.19024418187,1286.6452598273,1707.46583860719,725.923681683083,1703.51139320285,973.967023459169,923.186668206663,1088.75883530472,701.744081239763,1224.20731124657,267.466638010456,1103.58361902855,823.548509277246,1396.09794469969
639.152083138584,755.662192237177,780.484812879058,1429.26845016266,647.242278858372,935.283297276921,707.517581811805,621.015462216431,558.523119121257,666.570022190572,547.775756067069,140.113885730475,1036.23578933267,507.643882013164,527.056086823466
639.148177994818,755.467572124534,779.888416756804,1425.7547145789,647.238758010976,558.254578208151,705.311488317598,621.000394364223,558.302500462436,666.569547458864,518.184237871291,100.004713787603,1036.11107347788,507.514097424521,505.561993318305
639.148177994806,755.467572124449,779.865754038529,1425.75471457464,647.238758010972,558.254571412308,705.3114883159,621.000394364195,558.302500462258,666.569547458864,518.184237854465,100.000000000017,1036.10010140328,507.51409742451,505.561993295344
639.148177994806,755.467572124449,779.861360171574,1425.75471457464,647.238758010972,558.254571412308,705.3114883159,621.000394364195,558.302500462257,666.569547458863,518.184237854465,100.000000000001,1036.09799901625,507.51409742451,505.561993295344
639.148177994806,755.467572124449,779.86123112477,1425.75471457464,647.238758010972,558.254571412308,705.3114883159,621.000394364195,558.302500462257,666.569547458863,518.184237854465,100.000000000001,1036.09798063532,507.51409742451,505.561993295344
639.148177994806,755.467572124449,779.861231124503,1425.75471457464,647.238758010971,558.254571412308,705.3114883159,621.000394364195,558.302500462257,666.569547458863,518.184237854465,100.000000000001,1036.09797995872,507.51409742451,505.561993295344
639.148177994806,755.467572124449,779.861231123923,1425.75471457464,647.238758010971,558.254571412308,705.3114883159,621.000394364195,558.302500462257,666.569547458863,518.184237854465,100.000000000001,1036.09797995862,507.51409742451,505.561993295344
639.148177994806,755.467572124449,779.86123112272,1425.75471457464,647.238758010971,558.254571412308,705.3114883159,621.000394364195,558.302500462257,666.569547458863,518.184237854465,100.000000000001,1036.0979799581,507.51409742451,505.561993295344
