639.148403219759,755.47150244419,780.146320975109,1425.8290972044,647.238798763078,659.086344032587,705.435490031176,621.00086631418,558.304723630266,666.569551870718,519.034163815568,113.644687061913,1036.15811829403,507.516435554342,506.293679154261
639.148177994806,755.46757212445,779.878430433276,1425.75471457466,647.238758010972,558.254571414074,705.311488315901,621.000394364195,558.302500462258,666.569547458864,518.184237854488,100.000068999169,1036.10858703299,507.51409742451,505.561993295348
639.148177994806,755.46757212445,779.866852639826,1425.75471457464,647.238758010972,558.254571412308,705.3114883159,621.000394364195,558.302500462258,666.569547458864,518.184237854465,100.000000000583,1036.10063866572,507.51409742451,505.561993295344
639.148177994806,755.467572124449,779.861770002231,1425.75471457464,647.238758010972,558.254571412308,705.3114883159,621.000394364195,558.302500462257,666.569547458863,518.184237854465,100.000000000001,1036.09825016161,507.51409742451,505.561993295344
639.148177994806,755.467572124449,779.861238769796,1425.75471457464,647.238758010972,558.254571412308,705.3114883159,621.000394364195,558.302500462257,666.569547458863,518.184237854465,100.000000000001,1036.09798148745,507.51409742451,505.561993295344
639.148177994806,755.467572124449,779.861231124638,1425.75471457464,647.238758010972,558.254571412308,705.3114883159,621.000394364195,558.302500462257,666.569547458863,518.184237854465,100.000000000001,1036.09798013072,507.51409742451,505.561993295344
639.148177994806,755.467572124449,779.861231124403,1425.75471457464,647.238758010971,558.254571412308,705.3114883159,621.000394364195,558.302500462257,666.569547458863,518.184237854465,100.000000000001,1036.0979799587,507.51409742451,505.561993295344
639.148177994806,755.467572124449,779.861231124176,1425.75471457464,647.238758010971,558.254571412308,705.3114883159,621.000394364195,558.302500462257,666.569547458863,518.184237854465,100.000000000001,1036.09797995868,507.51409742451,505.561993295344
639.148177994806,755.467572124449,779.861231123937,1425.75471457464,647.238758010971,558.254571412308,705.3114883159,621.000394364195,558.302500462257,666.569547458863,518.184237854465,100.000000000001,1036.09797995862,507.51409742451,505.561993295344
639.148177994806,755.467572124449,779.861231123703,1425.75471457464,647.238758010971,558.254571412308,705.3114883159,621.000394364195,558.302500462257,666.569547458863,518.184237854465,100.000000000001,1036.09797995856,507.51409742451,505.561993295344
639.148177994806,755.467572124449,779.861231123468,1425.75471457464,647.238758010971,558.254571412308,705.3114883159,621.000394364195,558.302500462257,666.569547458863,518.184237854465,100.000000000001,1036.09797995854,507.51409742451,505.561993295344
639.148177994806,755.467572124449,779.861231123222,1425.75471457464,647.238758010971,558.254571412308,705.3114883159,621.000394364195,558.302500462257,666.569547458863,518.184237854465,100.000000000001,1036.09797995849,507.51409742451,505.561993295344
639.148177994806,755.467572124449,779.861231122971,1425.75471457464,647.238758010971,558.254571412308,705.3114883159,621.000394364195,558.302500462257,666.569547458863,518.184237854465,100.000000000001,1036.09797995833,507.51409742451,505.561993295344
639.148177994806,755.467572124449,779.86123112272,1425.75471457464,647.238758010971,558.254571412308,705.3114883159,621.000394364195,558.302500462257,666.569547458863,518.184237854465,100.000000000001,1036.0979799581,507.51409742451,505.561993295344
