693.122536086147,863.739671672767,1541.51226373018,534.017334627181,1373.72335425327,696.352219015138,1330.66907922999,768.063808442638,728.166922856416,1449.06158944822,2532.92771367654,846.151270677158,1574.3099399618,2051.15424843449,1849.51113549699,2214.66109770258,904.757379801923,1090.2036038897,1039.1952749457,447.343979494618,899.325929869478,1523.36350290309,1545.77141278586,1660.59524155841,1599.89230988656,650.015784417753,965.440386253636,1655.80287443709,1264.71511069095,1222.5062903916
469.454403115684,530.318669176875,952.622261022416,393.771900613186,681.797077141637,635.244814051299,430.200147853041,663.022285892061,693.519669311395,482.738226389758,912.012676709641,461.473905654017,578.893207024373,1158.10401723124,1285.0400411187,846.677060557675,744.524017940443,647.863302928003,758.477815729507,275.86909359543,497.487811954517,864.927641603478,827.237431349363,425.510812094286,997.911976251365,499.952355371586,433.131009503577,735.343720069127,759.54766567697,965.66059097214
396.152446666479,530.318669176875,644.845496717228,255.886501055749,230.906811897029,622.79760698545,324.82584922091,639.464274456477,678.178307746792,262.768668170039,284.642906872312,398.802948441329,257.977837579938,513.544206221274,854.610971551718,264.944149379667,659.822053688809,445.03281487666,554.842068966886,193.532232128115,262.227940959248,512.869173667585,538.177867287836,229.475543557894,461.132275515655,499.952355371586,297.97950736529,518.375936132387,619.36465803497,892.414010984144
358.418288689802,503.863223181505,385.16702536444,197.156375494494,212.066218018139,621.459462819157,205.58803398408,633.772014045397,601.216235547653,216.018329001698,218.667395028111,398.802948441329,217.191547578994,400.281063403394,854.610971551718,213.766992169285,599.955548490048,445.03281487666,417.98415593455,162.445570884077,185.73243777234,463.079560079946,405.9550923155,211.24217366594,205.818410639843,456.575038292948,216.468241537942,453.305662300662,444.055208671059,589.565943160253
349.218730357423,482.136676029518,340.19038444648,131.881221433706,205.040500183905,621.17671788681,153.693734660006,568.990965482977,529.979990677173,208.57167172305,210.269553803968,353.772401943339,202.619726203288,382.153679761107,561.129075165821,206.804923901835,581.750874858852,365.008254586086,346.874716882757,123.65460581101,147.532105698751,463.079560079946,386.252265033886,202.002378196856,143.227292004238,446.98300200772,162.958456622845,396.632977070258,400.541899052091,463.859793828958
349.115584321192,372.222410490113,339.77778180786,102.402994400514,200.912546428002,621.156544947114,111.38516606623,566.582891984393,525.92268002017,201.506502515432,200.443649970229,353.446084373064,201.177961125326,382.027586085415,378.668190005279,200.024305520325,581.061680663716,356.691505012331,346.799387056597,101.451371056933,124.545450889462,420.908662840633,385.924356990942,200.873465575576,105.618884941524,446.94573933137,132.662029364497,395.766581976087,400.489436378582,349.988184920818
349.115569300921,353.317891562312,339.777736980946,100.001697196801,200.899814751308,621.032592007691,100.027313316735,566.555297860379,525.921457716873,200.906140636485,200.001909162332,353.446062005019,201.176328970052,382.027467647126,372.196240792055,200.000060748218,581.061173239007,356.691307766251,346.799382269405,100.015731158978,100.283504383796,392.044775130272,385.923578484364,200.865932079071,100.013800495322,446.945696373503,102.280650121755,395.766576927878,400.489360097983,349.538457386646
349.11556930089,353.317880367893,339.777736980938,100.000000056401,200.899808828546,620.992471849529,100.000000185744,566.555296801283,525.921457681736,200.906124112546,200.00000000802,353.446062004766,201.176328843406,382.027467647091,372.196240060382,200.000000000277,581.061173238933,356.691307766246,346.799382269404,100.000002230082,100.000008556974,392.044770573827,385.92357848023,200.865926571913,100.000000618352,446.945696373503,100.00047684978,395.766576927749,400.48936009794,349.538457336461
349.11556930089,353.317880367893,339.777736980938,100,200.899808828137,620.992470273839,100,566.555296801282,525.921457681736,200.90612411246,200,353.446062004766,201.176328843406,382.027467647091,372.196240060382,200,581.061173238933,356.691307766246,346.799382269404,100,100,392.044770573827,385.92357848023,200.865926571892,100,446.945696373503,100.000000000001,395.766576927749,400.489360097939,349.538457336461
349.11556930089,353.317880367893,339.777736980938,100,200.899808828137,620.992470273839,100,566.555296801282,525.921457681736,200.90612411246,200,353.446062004766,201.176328843406,382.027467647091,372.196240060382,200,581.061173238933,356.691307766246,346.799382269404,100,100,392.044770573827,385.92357848023,200.865926571892,100,446.945696373503,100,395.766576927749,400.489360097939,349.538457336461
349.11556930089,353.317880367893,339.777736980938,100,200.899808828136,620.992470273838,100,566.555296801282,525.921457681736,200.90612411246,200,353.446062004766,201.176328843406,382.027467647091,372.196240060382,200,581.061173238933,356.691307766246,346.799382269404,100,100,392.044770573827,385.92357848023,200.865926571892,100,446.945696373503,100,395.766576927749,400.489360097939,349.538457336461
349.11556930089,353.317880367893,339.777736980938,100,200.899808828136,620.992470273838,100,566.555296801282,525.921457681736,200.90612411246,200,353.446062004766,201.176328843406,382.027467647091,372.196240060382,200,581.061173238933,356.691307766246,346.799382269404,100,100,392.044770573827,385.92357848023,200.865926571892,100,446.945696373503,100,395.766576927749,400.489360097939,349.538457336461
349.11556930089,353.317880367893,339.777736980938,100,200.899808828136,620.992470273838,100,566.555296801282,525.921457681736,200.90612411246,200,353.446062004766,201.176328843406,382.027467647091,372.196240060382,200,581.061173238933,356.691307766246,346.799382269404,100,100,392.044770573827,385.92357848023,200.865926571892,100,446.945696373503,100,395.766576927749,400.489360097939,349.538457336461
349.11556930089,353.317880367893,339.777736980938,100,200.899808828136,620.992470273838,100,566.555296801282,525.921457681736,200.90612411246,200,353.446062004766,201.176328843406,382.027467647091,372.196240060382,200,581.061173238933,356.691307766246,346.799382269404,100,100,392.044770573827,385.92357848023,200.865926571892,100,446.945696373503,100,395.766576927749,400.489360097939,349.538457336461
349.11556930089,353.317880367893,339.777736980938,100,200.899808828136,620.992470273838,100,566.555296801282,525.921457681736,200.90612411246,200,353.446062004766,201.176328843406,382.027467647091,372.196240060382,200,581.061173238933,356.691307766246,346.799382269404,100,100,392.044770573827,385.92357848023,200.865926571892,100,446.945696373503,100,395.766576927749,400.489360097939,349.538457336461
349.11556930089,353.317880367893,339.777736980938,100,200.899808828136,620.992470273838,100,566.555296801282,525.921457681736,200.90612411246,200,353.446062004766,201.176328843406,382.027467647091,372.196240060382,200,581.061173238933,356.691307766246,346.799382269404,100,100,392.044770573827,385.92357848023,200.865926571892,100,446.945696373503,100,395.766576927749,400.489360097939,349.538457336461
