5697.4599751022,1279.41702819367,7356.02424879205,10684.6351130361,7013.39213815745,1431.34851374686,9832.62202590418,5679.95770228484,5516.31120906916,3479.97004882037,11490.2614898636,2594.40415674763,14512.8814718212,22571.6903967804,3440.187690222,2858.89016076682,4284.64639215492,1405.5875093188,4779.42308858103,5790.79999730798,3853.45769056989,2758.77836284246,2985.779113292,14195.7310401335,5136.36236640659,3101.53766464127,7299.51245303125,1569.18138670495,17373.6344790857,1580.84794421172
2161.52631951251,876.120555570432,1872.68188169702,3032.74460852452,935.392570238148,1027.73249937271,4607.12176019624,1552.83760541331,2555.48756458695,1126.69092679608,3233.17676467267,828.633691310747,3761.84221171144,3147.82710198895,1806.84247905837,1127.1440281273,1054.70552739769,779.303829629065,1134.56366945347,997.108854434372,1154.70768584116,1282.0026535322,1020.84882619438,1617.80630322733,2871.65974022582,895.563953954221,1613.3015228387,960.726797631762,3672.86841479895,958.626220390844
708.7079067061,651.321920928738,581.308148080708,811.574312899632,665.081023323278,620.275658582182,2313.17365906176,597.638653318878,1052.04442638178,504.793945303141,851.32935464698,485.675574518933,459.994051859807,800.23339981761,894.81430341633,546.685897733243,599.702358375175,467.069471418431,561.195283451118,657.684288224032,562.552952334759,933.66057751256,511.705905778537,530.53829464377,907.787508371992,526.337626506242,670.034150414034,530.028156968752,832.802143411838,606.030107184646
521.288833948917,553.504913903362,476.688514965863,569.544386097405,493.062520735795,502.976686786389,2041.08409927614,465.654188585616,713.597432658011,460.232626802513,477.62583499948,413.075363513733,402.697221480535,509.2787915162,642.634339843878,470.858950719118,447.610563002366,454.655598247689,486.667791047633,483.129439910355,461.560748490502,730.172261173858,169.373000763034,470.85786314153,673.78855474347,437.737140474527,479.431002762157,476.437842404866,491.53704381738,491.992842769303
452.901274826609,476.491432371859,459.715233943298,470.082002120953,457.396368007213,463.496833765501,1684.87894766679,457.478763950801,494.096268976517,446.076802280411,446.365764536808,403.217308671201,400.647365418904,453.116787540109,478.990739783588,450.009820083978,407.211709336352,453.171006313615,453.47614999883,448.565744403264,401.881411019604,471.81991788188,106.083106381438,448.803117539267,573.961023476992,409.34557042017,456.993529616003,453.197212004179,457.318983688592,458.580636443804
446.028111798559,447.049025484568,448.196646677101,445.664113928775,447.145908867462,452.606660437875,1273.90689186451,456.057557052548,423.864417025524,444.521429009619,402.089463302351,399.733396705472,399.737609418091,446.115477251468,456.504432950969,446.665356344571,406.457198872265,452.906124285932,448.172064811168,447.792144143596,398.284930729167,446.426171863486,100.618641897827,447.622269247706,542.148300069197,401.089929234953,447.304029708705,445.412952589917,404.330534765943,448.979381939019
445.949906908194,446.084860392422,447.068354253375,444.793059066991,446.574971122951,452.203718909569,1263.27870869051,455.186207573789,399.635900431507,444.513503628399,399.637882407248,399.620302932365,399.620068202957,445.941684196609,407.158533238096,446.578891081927,406.454728789493,452.903774846166,448.163629948971,447.771455918229,397.995209708422,444.388775630591,100.515323020599,447.616668690491,450.742288986437,399.712353920288,445.302314706189,445.12165582034,399.630581605849,409.711297671171
445.949905039304,446.08451448139,447.058369634631,444.792898449502,446.567989693113,452.20126317295,1263.17598709773,455.173553784136,399.587277961693,444.51350044579,399.609991132179,399.612575150613,399.609998015764,445.941654303529,399.639380819312,446.578736534649,406.45472875758,452.903774488825,448.16362964988,447.771455659264,397.991411972535,444.378740044332,100.513722870766,447.616668565623,444.609089607993,399.609990552344,445.29421905379,445.119799034761,399.591557361025,399.629830030275
445.949905039304,446.084514480939,447.058369625377,444.79289844941,446.567989692432,452.201263172662,1263.17597460077,455.173553780912,399.584967871689,444.51350044579,399.609990033281,399.609990060868,399.609990033282,445.941654303492,399.639294977871,446.578736534627,406.45472875758,452.903774488825,448.16362964988,447.771455659264,397.991411953605,444.378739943621,100.513722870754,447.616668565623,444.608946577029,399.609990033281,445.294219041381,445.11979903182,399.584967875234,399.584969544409
445.949905039304,446.084514480939,447.058369625377,444.79289844941,446.567989692432,452.201263172662,1263.17597460077,455.173553780912,399.584967871679,444.51350044579,399.609990033281,399.609990033281,399.609990033281,445.941654303492,399.639294977871,446.578736534627,406.45472875758,452.903774488825,448.16362964988,447.771455659264,397.991411953605,444.378739943621,100.513722870709,447.616668565623,444.608946577028,399.609990033281,445.294219041381,445.11979903182,399.584967871679,399.584967871679
445.949905039304,446.084514480939,447.058369625377,444.79289844941,446.567989692432,452.201263172662,1263.17597460077,455.173553780912,399.584967871679,444.51350044579,399.609990033281,399.609990033281,399.609990033281,445.941654303492,399.639294977871,446.578736534627,406.45472875758,452.903774488825,448.16362964988,447.771455659264,397.991411953605,444.378739943621,100.513722870612,447.616668565623,444.608946577028,399.609990033281,445.294219041381,445.11979903182,399.584967871679,399.584967871679
445.949905039304,446.084514480939,447.058369625377,444.79289844941,446.567989692432,452.201263172662,1263.17597460077,455.173553780912,399.584967871679,444.51350044579,399.609990033281,399.609990033281,399.609990033281,445.941654303492,399.639294977871,446.578736534627,406.45472875758,452.903774488825,448.16362964988,447.771455659264,397.991411953605,444.378739943621,100.513722870402,447.616668565623,444.608946577028,399.609990033281,445.294219041381,445.11979903182,399.584967871679,399.584967871679
445.949905039304,446.084514480939,447.058369625377,444.79289844941,446.567989692432,452.201263172662,1263.17597460077,455.173553780912,399.584967871679,444.51350044579,399.609990033281,399.609990033281,399.609990033281,445.941654303492,399.639294977871,446.578736534627,406.45472875758,452.903774488825,448.16362964988,447.771455659264,397.991411953605,444.378739943621,100.513722870031,447.616668565623,444.608946577028,399.609990033281,445.294219041381,445.11979903182,399.584967871679,399.584967871679
445.949905039304,446.084514480939,447.058369625377,444.79289844941,446.567989692432,452.201263172662,1263.17597460077,455.173553780912,399.584967871679,444.51350044579,399.609990033281,399.609990033281,399.609990033281,445.941654303492,399.639294977871,446.578736534627,406.45472875758,452.903774488825,448.16362964988,447.771455659264,397.991411953605,444.378739943621,100.513722869499,447.616668565623,444.608946577028,399.609990033281,445.294219041381,445.11979903182,399.584967871679,399.584967871679
445.949905039304,446.084514480939,447.058369625377,444.79289844941,446.567989692432,452.201263172662,1263.17597460077,455.173553780912,399.584967871679,444.51350044579,399.609990033281,399.609990033281,399.609990033281,445.941654303492,399.639294977871,446.578736534627,406.45472875758,452.903774488825,448.16362964988,447.771455659264,397.991411953605,444.378739943621,100.513722868755,447.616668565623,444.608946577028,399.609990033281,445.294219041381,445.11979903182,399.584967871679,399.584967871679
445.949905039304,446.084514480939,447.058369625377,444.79289844941,446.567989692432,452.201263172662,1263.17597460077,455.173553780912,399.584967871679,444.51350044579,399.609990033281,399.609990033281,399.609990033281,445.941654303492,399.639294977871,446.578736534627,406.45472875758,452.903774488825,448.16362964988,447.771455659264,397.991411953605,444.378739943621,100.513722867411,447.616668565623,444.608946577028,399.609990033281,445.294219041381,445.11979903182,399.584967871679,399.584967871679
