446.028111798559,447.049025484568,448.196646677101,445.664113928775,447.145908867462,452.606660437875,1273.90689186451,456.057557052548,423.864417025524,444.521429009619,402.089463302351,399.733396705472,399.737609418091,446.115477251468,456.504432950969,446.665356344571,406.457198872265,452.906124285932,448.172064811168,447.792144143596,398.284930729167,446.426171863486,100.618641897827,447.622269247706,542.148300069197,401.089929234953,447.304029708705,445.412952589917,404.330534765943,448.979381939019
445.949905040076,446.084516206598,447.058687837833,444.79290187182,446.568001159038,452.201270626552,1263.17664858413,455.173571867195,399.614767605109,444.513500470466,399.615404375902,399.619910409577,399.615604218333,445.941654341115,399.653316692356,446.578736593422,406.45472875775,452.903774488826,448.163629652041,447.771455659916,397.991538937379,444.378780709259,100.51372287077,447.616668565761,445.050233444108,399.613181488137,445.29423802855,445.119827613469,399.612386191743,400.210934387597
445.949905039304,446.084514480939,447.058369625377,444.79289844941,446.567989692433,452.201263172662,1263.17597460658,455.173553780915,399.5850287675,444.51350044579,399.609990038448,399.610123072388,399.609990043838,445.941654303492,399.639294993207,446.578736534628,406.45472875758,452.903774488825,448.16362964988,447.771455659264,397.991411953647,444.378739943631,100.513722870763,447.616668565623,444.608946633313,399.609990035661,445.294219041385,445.119799031821,399.585575869124,399.591118480197
445.949905039304,446.084514480939,447.058369625377,444.79289844941,446.567989692432,452.201263172662,1263.17597460077,455.173553780912,399.584967871679,444.51350044579,399.609990033281,399.609990033282,399.609990033281,445.941654303492,399.639294977871,446.578736534627,406.45472875758,452.903774488825,448.16362964988,447.771455659264,397.991411953605,444.378739943621,100.513722870743,447.616668565623,444.608946577028,399.609990033281,445.294219041381,445.11979903182,399.584967871679,399.584967871683
445.949905039304,446.084514480939,447.058369625377,444.79289844941,446.567989692432,452.201263172662,1263.17597460077,455.173553780912,399.584967871679,444.51350044579,399.609990033281,399.609990033281,399.609990033281,445.941654303492,399.639294977871,446.578736534627,406.45472875758,452.903774488825,448.16362964988,447.771455659264,397.991411953605,444.378739943621,100.513722870612,447.616668565623,444.608946577028,399.609990033281,445.294219041381,445.11979903182,399.584967871679,399.584967871679
445.949905039304,446.084514480939,447.058369625377,444.79289844941,446.567989692432,452.201263172662,1263.17597460077,455.173553780912,399.584967871679,444.51350044579,399.609990033281,399.609990033281,399.609990033281,445.941654303492,399.639294977871,446.578736534627,406.45472875758,452.903774488825,448.16362964988,447.771455659264,397.991411953605,444.378739943621,100.513722870232,447.616668565623,444.608946577028,399.609990033281,445.294219041381,445.11979903182,399.584967871679,399.584967871679
445.949905039304,446.084514480939,447.058369625377,444.79289844941,446.567989692432,452.201263172662,1263.17597460077,455.173553780912,399.584967871679,444.51350044579,399.609990033281,399.609990033281,399.609990033281,445.941654303492,399.639294977871,446.578736534627,406.45472875758,452.903774488825,448.16362964988,447.771455659264,397.991411953605,444.378739943621,100.513722869863,447.616668565623,444.608946577028,399.609990033281,445.294219041381,445.11979903182,399.584967871679,399.584967871679
445.949905039304,446.084514480939,447.058369625377,444.79289844941,446.567989692432,452.201263172662,1263.17597460077,455.173553780912,399.584967871679,444.51350044579,399.609990033281,399.609990033281,399.609990033281,445.941654303492,399.639294977871,446.578736534627,406.45472875758,452.903774488825,448.16362964988,447.771455659264,397.991411953605,444.378739943621,100.513722869495,447.616668565623,444.608946577028,399.609990033281,445.294219041381,445.11979903182,399.584967871679,399.584967871679
445.949905039304,446.084514480939,447.058369625377,444.79289844941,446.567989692432,452.201263172662,1263.17597460077,455.173553780912,399.584967871679,444.51350044579,399.609990033281,399.609990033281,399.609990033281,445.941654303492,399.639294977871,446.578736534627,406.45472875758,452.903774488825,448.16362964988,447.771455659264,397.991411953605,444.378739943621,100.513722869189,447.616668565623,444.608946577028,399.609990033281,445.294219041381,445.11979903182,399.584967871679,399.584967871679
445.949905039304,446.084514480939,447.058369625377,444.79289844941,446.567989692432,452.201263172662,1263.17597460077,455.173553780912,399.584967871679,444.51350044579,399.609990033281,399.609990033281,399.609990033281,445.941654303492,399.639294977871,446.578736534627,406.45472875758,452.903774488825,448.16362964988,447.771455659264,397.991411953605,444.378739943621,100.513722868847,447.616668565623,444.608946577028,399.609990033281,445.294219041381,445.11979903182,399.584967871679,399.584967871679
445.949905039304,446.084514480939,447.058369625377,444.79289844941,446.567989692432,452.201263172662,1263.17597460077,455.173553780912,399.584967871679,444.51350044579,399.609990033281,399.609990033281,399.609990033281,445.941654303492,399.639294977871,446.578736534627,406.45472875758,452.903774488825,448.16362964988,447.771455659264,397.991411953605,444.378739943621,100.513722868476,447.616668565623,444.608946577028,399.609990033281,445.294219041381,445.11979903182,399.584967871679,399.584967871679
445.949905039304,446.084514480939,447.058369625377,444.79289844941,446.567989692432,452.201263172662,1263.17597460077,455.173553780912,399.584967871679,444.51350044579,399.609990033281,399.609990033281,399.609990033281,445.941654303492,399.639294977871,446.578736534627,406.45472875758,452.903774488825,448.16362964988,447.771455659264,397.991411953605,444.378739943621,100.513722868117,447.616668565623,444.608946577028,399.609990033281,445.294219041381,445.11979903182,399.584967871679,399.584967871679
445.949905039304,446.084514480939,447.058369625377,444.79289844941,446.567989692432,452.201263172662,1263.17597460077,455.173553780912,399.584967871679,444.51350044579,399.609990033281,399.609990033281,399.609990033281,445.941654303492,399.639294977871,446.578736534627,406.45472875758,452.903774488825,448.16362964988,447.771455659264,397.991411953605,444.378739943621,100.513722867803,447.616668565623,444.608946577028,399.609990033281,445.294219041381,445.11979903182,399.584967871679,399.584967871679
445.949905039304,446.084514480939,447.058369625377,444.79289844941,446.567989692432,452.201263172662,1263.17597460077,455.173553780912,399.584967871679,444.51350044579,399.609990033281,399.609990033281,399.609990033281,445.941654303492,399.639294977871,446.578736534627,406.45472875758,452.903774488825,448.16362964988,447.771455659264,397.991411953605,444.378739943621,100.513722867411,447.616668565623,444.608946577028,399.609990033281,445.294219041381,445.11979903182,399.584967871679,399.584967871679
