4426.82158295266,4070.22576131882,7030.94801498747,10721.1569949924,16637.761775574,3590.53100591745,5271.39944805728,3338.8855737854,4386.58123473853,4946.87410564176,3425.72073984782,5184.58932894251,5813.43748301721,3178.06165573407,4549.54217390242,5546.99685276003,2285.57195745071,3706.46565659984,2403.39465264589,3504.12445912975,4360.35795986477,5628.08588184486,4093.22218797786,3912.24089192061,4485.89108701652,1606.32130292429,4090.65830086786,4097.49410157971,3406.62271028012,4486.93752960314
3020.46143641006,3796.02437299798,4391.77574709841,3987.02079171887,2905.09618645992,3405.90312584495,5109.50634170648,3174.52278972727,3965.60537623423,1828.26895350474,3371.46822384714,3988.02873367523,5571.90494387836,2977.47082747966,4481.8036961585,4914.85510085057,2067.67086591024,2302.72296485247,2295.14505248422,1612.4640378688,3264.70720447795,3641.82177101211,3692.1415398947,2599.27434298265,4253.10733629084,1070.41446109426,3912.50872663619,3973.47685986952,2116.26445951565,4191.21776609073
2247.03169226981,3513.49250494864,2955.14106503655,1712.76305561479,1758.46064304028,3293.7419619778,5060.0780047331,3102.14635255924,3753.48067280018,690.949513585698,3241.67985738991,3668.67424509417,4330.87379921574,2858.42355853079,4440.93884576596,4756.12066570983,1952.4543511055,1001.31005139076,2138.01629059837,1259.42839654463,2181.8463184074,2313.280760498,3200.86651295577,1991.23584810012,4157.04328239783,741.142828832665,3828.09377458431,3882.50702350287,861.276906454851,3792.05688278402
1515.43070450893,3441.49351747318,1366.75595541822,684.786691848568,1172.8718498859,3255.68922880553,5038.90194334308,3046.39177251327,3730.02269950418,285.025629262705,3177.46420851446,3585.00617828772,3981.9633970971,2724.35018928222,4430.09195088529,4636.11872439975,1805.13581699302,331.916458188807,2105.46054376191,914.900223796205,454.802179128592,2028.5327879272,3014.65802131925,606.445788562126,4133.3551874769,520.837655226763,3732.594484254,3760.17676037434,393.658227985043,3598.8185048654
1056.46249244595,3429.43289291224,887.180221704384,231.740721613319,966.991945490005,3247.7077569179,4983.84094146381,3022.2215199802,3690.03542649172,216.260986368469,3174.87410297456,3543.1364862953,3770.76149279662,2684.81598666239,4384.63848584077,4370.08951846539,1600.26869228422,206.391935887023,2097.86011351042,903.496335728557,274.848879042877,1461.24256533462,2963.68869517283,264.813073502994,4132.42614080486,441.247536100551,3691.43796174817,3405.31127446653,222.789196314559,3501.6088240651
1013.94266857908,3424.65812523246,800.564746001633,201.578811120978,905.951466786233,3239.7630565019,4781.88023863202,2968.68564217616,3613.3052424559,200.27331946608,3173.74710828838,3501.41887355023,3613.21733861393,2683.20193470451,4224.94065373668,4352.41377797032,1582.09840939996,200.052365438027,2018.68911389961,900.140093672341,200.806221148614,1449.38090501515,2962.23373297004,201.007723759108,4129.14485723992,432.491739456666,3620.10160316609,3224.17909130414,215.383181846988,3423.47111539308
1013.53542354061,3424.5243975762,785.383873793433,200.001739340211,899.038641614466,3147.50796982794,4331.84042943935,2964.42794011615,3609.23180875449,200.00149034237,3173.48931893179,3499.81748942096,3598.18142669299,2682.84198796266,4212.37121685082,4344.59683447617,1581.74876470453,200.000175966684,1974.93802441995,900.117325894203,200.000708208529,1448.07186046325,2960.7462238318,200.004875151223,4026.53866587421,432.389633657044,3613.87159620495,3216.24015371586,215.365092924318,2884.61835444631
1013.52887503715,3424.52386161489,785.364453146827,200.000000224415,899.006893037177,3134.07852727419,4286.27075140835,2962.84702844157,3608.31592230743,200.000000550165,3173.45387998344,3499.12716283563,3595.85212636607,2682.78173720956,4206.22511625675,4336.07831240675,1581.74839595529,200.000000045748,1886.52168377003,900.117311073818,200.000000054393,1442.94082443406,2960.57819887689,200.000000532179,4016.21692949339,432.389630197488,3612.65667962027,3211.16072271234,215.364989535014,2748.71418453437
1013.52887046763,3424.52386158243,785.364447620416,200.000000000001,899.006886960263,3132.62709101522,4272.51628644728,2962.63525426476,3607.86438120641,200.000000000002,3173.44868215572,3499.00427042073,3595.10832832745,2682.78030600888,4202.16957666071,4331.1650015592,1581.74839168391,200.000000000001,1821.27887336268,900.117311073705,200.000000000001,1437.58580839922,2960.54246892921,200.000000000001,4014.89294692498,432.389630197358,3612.44262961155,3209.96924979678,215.364989534548,2742.31606711073
1013.52887046763,3424.52386158243,785.364447620414,200,899.006886960261,3132.61348780675,4269.45396959755,2962.61315020761,3607.77345310955,200,3173.4486606585,3499.00358565658,3595.09319841104,2682.78029283799,4202.07213704206,4331.12629135815,1581.7483916839,200,1796.50753140718,900.117311073705,200,1435.77949836145,2960.54228416665,200,4013.23017397248,432.389630197357,3612.41892798911,3209.9062282094,215.364989534548,2740.44719274274
1013.52887046763,3424.52386158243,785.364447620414,200,899.006886960261,3132.6134877938,4269.42252370126,2962.61314993707,3607.7734253154,200,3173.44861707289,3499.00358559509,3595.09319841104,2682.78029079088,4202.07198597716,4331.12626119589,1581.7483916839,200,1796.07336379244,900.117311073705,200,1435.69837486155,2960.54228086691,200,4013.19051229151,432.389630197357,3612.41892798899,3209.90621593949,215.364989534548,2740.36644824981
1013.52887046763,3424.52386158243,785.364447620414,200,899.006886960261,3132.61348779359,4269.42252370125,2962.61314993705,3607.77342530958,200,3173.4486154081,3499.00358559262,3595.09319841104,2682.78029079088,4202.07198597715,4331.12625973701,1581.7483916839,200,1794.11414573339,900.117311073705,200,1435.68436226154,2960.54228086675,200,4013.19051044739,432.389630197357,3612.4189279888,3209.90621593898,215.364989534548,2740.36644824979
1013.52887046763,3424.52386158243,785.364447620414,200,899.006886960261,3132.61348779325,4269.42252370123,2962.61314993705,3607.77342530956,200,3173.4486143038,3499.00358558423,3595.09319841104,2682.78029078368,4202.07198597714,4331.12625972325,1581.7483916839,200,1794.11414573328,900.117311073705,200,1435.68436226153,2960.54228086653,200,4013.1905104473,432.389630197357,3612.41892798848,3209.90621593896,215.364989534548,2740.36644824977
1013.52887046763,3424.52386158243,785.364447620414,200,899.006886960261,3132.61348779272,4269.42252370119,2962.61314993704,3607.77342530952,200,3173.44861430351,3499.00358558235,3595.09319841104,2682.78029078366,4202.07198597712,4331.12625972285,1581.7483916839,200,1794.11414573295,900.117311073705,200,1435.68436226148,2960.54228086653,200,4013.19051044726,432.389630197357,3612.41892798795,3209.90621593893,215.364989534548,2740.36644824973
1013.52887046763,3424.52386158243,785.364447620414,200,899.006886960261,3132.61348779184,4269.42252370085,2962.61314993626,3607.77342530946,200,3173.44861430325,3499.00358558226,3595.09319841104,2682.78029078363,4202.07198597709,4331.12625969834,1581.7483916839,200,1794.11414573239,900.117311073705,200,1435.68436226099,2960.54228086653,200,4013.19051041371,432.389630197357,3612.41892798707,3209.90621593883,215.364989534548,2740.36644824917
1013.52887046763,3424.52386158243,785.364447620414,200,899.006886960261,3132.61348779046,4269.42252369956,2962.61314993607,3607.77342530873,200,3173.44861430211,3499.00358558139,3595.09319841104,2682.7802907836,4202.07198597706,4331.12625969833,1581.7483916839,200,1794.1141457315,900.117311073705,200,1435.6843622602,2960.54228086653,200,4013.19051041364,432.389630197357,3612.41892798565,3209.90621593763,215.364989534548,2740.36644824807
