518.091907316961,483.635800202832,585.915494008187,1384.64339954029,687.927660445123,408.767739407388,414.977303545764,931.737176193195,402.45068978151,525.11265948354,682.154226599823,824.110126923644,461.759969707267,666.90144392236,871.189562134013,549.707940797912,570.705647887762,964.934769916267,534.714822536911,1993.80545642987,885.472581163824,475.87955087579,608.298243068001,403.663305243571,499.990783434758,421.058169919387,512.04396176608,419.854642398962,539.68456431942,539.443119963532
505.817857155985,482.405753900991,550.31450114504,1383.29068669759,567.595268506352,408.749465305649,414.848574591107,931.734533894744,402.169907062008,524.939260096263,662.518139959278,819.069381162381,458.997553141845,666.41151848444,870.296008456303,544.5565774076,566.558190791323,956.131120982729,522.136254438757,1944.03614446193,881.204629048098,474.177491514425,563.761650749799,403.43165217651,499.799073803851,420.720427196764,511.832696679667,412.331062841242,533.633315783944,539.44311653999
505.733292393591,482.380829817229,549.76754206788,1379.98027806503,567.04395658795,408.749363155678,414.848508139974,931.734491208817,402.166915411126,524.575488806854,662.507793059483,818.447326560473,458.799359657283,666.361609958437,870.279347071037,544.446565926007,565.685189700062,955.796817226511,521.96075013222,1940.09463352337,881.203120334014,474.169286743933,560.935307688801,403.350702416964,499.761022107775,420.707339566263,511.792725973962,412.246429472118,533.633315783944,539.443046495923
505.317081344852,482.376621009071,549.448299994909,1374.71846498647,566.673968475882,408.749294391739,414.848508139873,931.734486335838,402.166914015224,524.569089359371,662.503250572541,818.380834958989,458.771578548411,666.361024556135,870.278770106793,544.446565926007,565.66545769479,955.791389102351,445.799783946641,1939.51336346227,880.500532171665,474.168345715781,560.645064812544,403.348866741503,499.21251875846,420.702523885086,511.790197685214,412.166515214127,533.633315783944,538.751603064956
505.316474188824,482.376619275423,549.448277020592,1374.4355276259,566.672960322735,408.749294249106,414.848508139873,931.734486335826,402.164946148254,524.569080434235,662.503059453109,818.341647706455,458.771578548411,666.361024194933,870.278769906427,544.446565926007,565.665452938831,955.791363108089,440.735595364831,1939.51283454847,880.500532171665,474.168345683927,560.644862364034,403.348343483422,499.207046638705,420.7024535616,511.790197624988,412.165648270706,533.633315783944,538.751603064956
505.316408189311,482.376619275423,549.448277016766,1374.43552248979,566.672960322506,408.749294249087,414.848508139873,931.734486335826,402.164946147828,524.569080434027,662.503059314583,818.341638984084,458.771578548411,666.361023857693,870.278769896664,544.446565926007,565.665452938831,955.791363108041,440.734952351784,1939.51283454763,880.500532171665,474.168345683727,560.644862364033,403.348342369266,499.207046624305,420.70245356027,511.79019762496,412.165648270706,533.633315783944,538.751603064956
505.316353146664,482.376619275423,549.448277014727,1374.43552180995,566.672960322265,408.749294249083,414.848508139873,931.734486335826,402.164946147368,524.569080433942,662.503059180433,818.339838208579,458.771578548411,666.24707736502,870.278769896447,544.446565926007,565.665452938831,955.791363107814,440.734952351555,1939.51283454763,880.500532171665,474.168345683727,560.644862364032,403.348340403201,499.207046618441,420.702453560247,511.79019762496,412.165648270706,533.633315783944,538.751603064956
505.316305336466,482.376619275423,549.448277014719,1373.98349941369,566.672960322035,408.749294249083,414.848508139873,931.734486335826,402.164946146763,524.569080433942,662.503058820444,818.339838118766,458.771578548411,666.247077364791,870.278769896207,544.446565926007,565.665452938831,955.791363107579,440.734952351325,1939.51283454763,880.500532171665,474.168345683727,560.644862364032,403.348297268139,499.207046616131,420.702453560247,511.79019762496,412.165648270706,533.633315783944,538.751603064956
505.316252048425,482.376619275423,549.448277014719,1373.98348729291,566.672960321807,408.749294249083,414.848508139873,931.734486335826,402.164946145994,524.569080433942,662.503058806481,818.339838008126,458.771578548411,666.24707736447,870.278769895967,544.446565926007,565.665452938831,955.791363107344,440.734952351109,1939.51283454763,880.500532171665,474.168345683727,560.644862364032,403.348294785222,499.20704660018,420.702453560247,511.79019762496,412.165648270706,533.633315783944,538.751603064956
505.316183978808,482.376619275423,549.448277014719,1373.98348728647,566.672960321568,408.749294249083,414.848508139873,931.734486335826,402.164946145469,524.569080433942,662.503057844929,818.339838007897,458.771578548411,666.247077364028,870.278769895752,544.446565926007,565.665452938831,955.791363107125,440.73495235087,1939.51283454763,880.500532171665,474.168345683727,560.644862364032,403.348258332266,499.207046582264,420.702453560235,511.79019762496,412.165648270706,533.633315783944,538.751603064956
505.316135947,482.376619275423,549.448277014719,1373.98348724968,566.672960321356,408.749294249083,414.848508139873,931.734486335826,402.16494614504,524.569080433942,662.503057414317,818.339838007857,458.771578548411,666.24707736368,870.278769895501,544.446565926007,565.665452938831,955.791363106911,440.734952350638,1939.51283454763,880.500532171665,474.168345683727,560.644862364032,403.348258193788,499.207046579186,420.702453560234,511.79019762496,412.165648270706,533.633315783944,538.751603064956
505.316093163816,482.376619275423,549.448277014719,1373.98348723788,566.672960321132,408.749294249083,414.848508139873,931.734486335826,402.164946144615,524.569080433942,662.503057389583,818.339838007857,458.771463469759,666.247077363357,870.278769895268,544.446565926007,565.665452938831,955.791363106676,440.734952350391,1939.51283454763,880.500532171665,474.168345683727,560.644862364032,403.348255510201,499.20704657298,420.702453560234,511.79019762496,412.165648270706,533.633315783944,538.751603064956
505.316027838708,482.376619275423,549.448277014719,1373.98348723616,566.672960320902,408.749294249083,414.848508139873,931.734486335826,402.164946144183,524.569080433942,662.503057089761,818.339838007857,458.771463469759,666.247077363069,870.278769895028,544.446565926007,565.665452938831,955.791363106441,440.734952350158,1939.51283454763,880.500532171665,474.168345683727,560.644862364032,403.348248876312,499.207046570269,420.702453560234,511.79019762496,412.165648270706,533.633315783944,538.751603064956
505.315999919502,482.376619275423,549.448277014719,1373.98348722686,566.672960320664,408.749294249083,414.848508139873,931.734486335826,402.164946143906,524.569080433942,662.503057062502,818.339838007857,458.771428690326,666.247077362736,870.278769894785,544.446565926007,565.665452938831,955.79136310622,440.73495234993,1939.51283454763,880.500532171665,474.168345683727,560.644862364032,403.3482474631,499.207046567864,420.702453560234,511.79019762496,412.165648270706,533.633315783944,538.751603064956
