624.494639679171,5522.79812137585,1065.6785286369,1683.33930232064,832.808299317029,682.414279774931,1653.23721969374,1022.93179832807,10261.2173006492,2895.2222557819,2831.52185561311,933.79697019997,2685.16458867062,790.313581189505,1162.45140276887,1259.08883879997,2834.18453831966,6474.45420796763,1007.79440709877,2525.65612515818,1223.8392820267,3714.79160725059,5351.84783765594,713.92460859933,2849.70612689923,4125.82456297309,929.199604451595,5333.30657218035,735.755304746241,1945.14348689025
557.731171138641,1173.00120067187,948.12996667157,1641.19996070751,745.729316469367,517.713635081822,600.481472678031,981.828666411893,2508.02181512205,1570.14225618066,1042.83754428049,883.868271113612,1208.34725975853,754.476396237535,989.826691215324,692.102975193924,929.887541078359,1792.12326797878,660.756532485652,2317.63133872658,1048.41729847278,912.375116604004,886.495690932781,556.234460266914,1805.66328629656,1688.45665375723,803.874061609537,645.802048883287,674.959802126933,1096.65660814422
534.831371996051,688.414414401786,743.879657072447,1625.99494697108,716.606655264565,438.312550540692,492.805252352393,954.298535064315,1275.5914999155,962.867791303637,772.96981214335,846.813048250034,538.161651827972,697.134065790072,937.617064021924,590.424924293665,695.952592771777,1277.15300334463,576.920423472707,2208.58585888643,995.727867048015,593.058720530973,674.515955958216,495.64542217294,788.183550152062,1153.16266720186,645.443190117194,504.202470960603,605.157688728691,763.894660353956
524.051432750863,525.981429760614,679.968190485525,1422.00233333228,699.9860415066,415.220794694534,428.962540317754,933.3536854594,498.771894853938,700.991492579307,710.165161006756,839.370491976209,491.342041492922,673.891348697769,886.579135218286,559.422714022261,596.245023650186,1035.48153247129,556.051597576525,2161.1283866243,964.2253439132,538.905725643467,644.285263474061,474.673334563398,523.180399228571,851.533774216491,573.317066270088,438.251924076969,548.066663918703,562.892463122643
521.739820278159,501.94133988852,634.135794338866,1387.14184757483,692.426699874058,408.842335932596,415.528352299007,931.854387087375,460.288336157413,529.3188307522,691.636132616994,833.279740861132,473.23758302945,670.124051357287,873.535513410392,555.697505550951,575.838045501868,981.550684619924,547.7006330577,2087.57395832808,896.356374209498,500.801511435059,640.252022694443,419.01690632443,500.887490938149,436.138210232625,521.83828878553,420.739869171907,544.206650446705,539.455843396549
518.091907316961,483.635800202832,585.915494008187,1384.64339954029,687.927660445123,408.767739407388,414.977303545764,931.737176193195,402.45068978151,525.11265948354,682.154226599823,824.110126923644,461.759969707267,666.90144392236,871.189562134013,549.707940797912,570.705647887762,964.934769916267,534.714822536911,1993.80545642987,885.472581163824,475.87955087579,608.298243068001,403.663305243571,499.990783434758,421.058169919387,512.04396176608,419.854642398962,539.68456431942,539.443119963532
506.793296547007,482.433582805465,550.560966656694,1384.12247953647,624.746950705649,408.74981831825,414.850638703641,931.734663608647,402.188314605747,524.988786071421,662.699643875716,819.94565638026,459.574824817604,666.669116144069,870.350595720893,544.709525150351,567.862733498272,957.374747870972,522.569835642096,1949.07818984201,881.329734291168,474.248036180397,597.553800488318,403.436593130473,499.832351574467,420.726754647768,511.863298277342,417.77300712488,533.633315783944,539.443116622168
505.748082801272,482.386655428391,549.937077918233,1381.37559792896,567.22931858843,408.749419414968,414.848508428433,931.734495697039,402.166966608123,524.690312484679,662.507912422838,818.647750634365,458.834250361323,666.361610079597,870.284866828556,544.446565926007,565.767102928716,955.817172726919,522.06678705558,1940.70768428097,881.203484957943,474.170796217703,561.454000154576,403.365448470392,499.798319598166,420.712479798544,511.809552117968,412.269580527178,533.633315783944,539.443116453749
505.319872630683,482.376798729124,549.450415625864,1376.69882388311,566.701734228092,408.749302792694,414.848508139873,931.734486354447,402.166914015224,524.569597297459,662.506360088192,818.389447628944,458.773330539983,666.361609958413,870.278770542231,544.446565926007,565.665728323357,955.791513226859,505.363474336874,1939.52172055701,880.500532171665,474.168483110167,560.813966495213,403.348906216682,499.414161322549,420.703764624252,511.790213541792,412.206323729162,533.633315783944,538.751603064956
505.317078158486,482.376619275423,549.448277033637,1374.45249648191,566.672971249514,408.749294249649,414.848508139873,931.734486335826,402.164946222305,524.569080450547,662.503071839184,818.378179421364,458.771578548411,666.361024556135,870.278769969938,544.446565926007,565.665452938831,955.791364901448,441.158047906598,1939.51284872627,880.500532171665,474.1683456847,560.645006656287,403.348845114759,499.207082738689,420.702453834598,511.790197630283,412.165650510445,533.633315783944,538.751603064956
505.316474188824,482.376619275423,549.448277020592,1374.4355276259,566.672960322735,408.749294249106,414.848508139873,931.734486335826,402.164946148254,524.569080434235,662.503059453109,818.341647706455,458.771578548411,666.361024194933,870.278769906427,544.446565926007,565.665452938831,955.791363108089,440.735595364831,1939.51283454847,880.500532171665,474.168345683927,560.644862364034,403.348343483422,499.207046638705,420.7024535616,511.790197624988,412.165648270706,533.633315783944,538.751603064956
505.316441110425,482.376619275423,549.448277017914,1374.4355224898,566.672960322597,408.749294249087,414.848508139873,931.734486335826,402.164946147966,524.569080434103,662.503059333673,818.341639327045,458.771578548411,666.36102385772,870.278769897689,544.446565926007,565.665452938831,955.79136310806,440.734952351874,1939.51283454763,880.500532171665,474.168345683755,560.644862364033,403.34834242304,499.207046625471,420.702453560346,511.79019762496,412.165648270706,533.633315783944,538.751603064956
505.316384418396,482.376619275423,549.448277014864,1374.43552248978,566.672960322385,408.749294249086,414.848508139873,931.734486335826,402.16494614761,524.569080433942,662.503059311943,818.341638984009,458.771578548411,666.249342403201,870.27876989656,544.446565926007,565.665452938831,955.791363107921,440.734952351664,1939.51283454763,880.500532171665,474.168345683727,560.644862364032,403.348342297395,499.207046619364,420.702453560247,511.79019762496,412.165648270706,533.633315783944,538.751603064956
505.316305850457,482.376619275423,549.448277014719,1373.98349985205,566.672960322037,408.749294249083,414.848508139873,931.734486335826,402.164946146807,524.569080433942,662.503058820558,818.339838118767,458.771578548411,666.247077364793,870.27876989621,544.446565926007,565.665452938831,955.791363107581,440.734952351329,1939.51283454763,880.500532171665,474.168345683727,560.644862364032,403.348297268379,499.207046616177,420.702453560247,511.79019762496,412.165648270706,533.633315783944,538.751603064956
505.31616496726,482.376619275423,549.448277014719,1373.98348728579,566.672960321507,408.749294249083,414.848508139873,931.734486335826,402.164946145328,524.569080433942,662.503057801929,818.339838007896,458.771578548411,666.247077363886,870.278769895683,544.446565926007,565.665452938831,955.791363107058,440.734952350791,1939.51283454763,880.500532171665,474.168345683727,560.644862364032,403.348258237112,499.207046581986,420.702453560234,511.79019762496,412.165648270706,533.633315783944,538.751603064956
505.315999919502,482.376619275423,549.448277014719,1373.98348722686,566.672960320664,408.749294249083,414.848508139873,931.734486335826,402.164946143906,524.569080433942,662.503057062502,818.339838007857,458.771428690326,666.247077362736,870.278769894785,544.446565926007,565.665452938831,955.79136310622,440.73495234993,1939.51283454763,880.500532171665,474.168345683727,560.644862364032,403.3482474631,499.207046567864,420.702453560234,511.79019762496,412.165648270706,533.633315783944,538.751603064956
