2894.95770773606,1688.62759020265,2368.5001094577,2287.57227717888,3046.91582728146,2593.88581560725,2612.31351083974,1181.26935217245,1613.24878435328,7110.10612030975,1498.26554087944,4407.01918775478,1680.16940491278,2905.91500676914,3032.52806123889,4378.91105835118,1804.54722358801,1024.78190130459,1883.20794452212,3857.81026672329,1953.41449514883,1500.40031868953,3394.56092004795,2863.41103974316,3160.44219700602,2629.53266797301,4445.38374506746,11120.4286146035,3777.65956863161,1547.246334042
1260.16506629517,1209.74579264303,1618.57891931571,1630.63480574527,1929.45122116065,1368.76331489325,1616.22656217795,870.072627583491,1167.20707152303,2844.13351912463,1164.22102467365,1462.90233326376,1334.10563818591,1607.62264900607,1764.30682059837,1665.99602893758,925.096445977595,589.080562538325,1268.14596335902,1389.04081980733,1199.26939108086,1381.19145332967,1750.48304866524,1480.26361873004,2317.87627429043,1506.14461841744,2927.05602660186,6484.8149687063,1787.93325775902,1202.94929371651
1074.08262569988,939.844911688546,974.895854515843,1454.65869718712,1077.34955334256,1136.25263368358,1252.26688783689,751.033877872161,924.877212800063,2298.67787588862,1089.39834408533,1083.9616100103,692.909853018799,842.730703157927,1052.81754856593,797.274581493885,756.97331573095,458.71991811001,1158.9041771439,769.012692515466,918.082813530874,1252.35946812919,1189.71214725654,871.189624204331,1126.11242388384,1394.79919944455,2019.04301777317,1334.61986697886,1175.7861393638,534.180120101987
780.723533711415,693.994512507963,572.7694971231,1126.35846404651,898.198892496373,1004.8841390475,965.742292179457,671.875768881388,838.140968205076,616.51000346474,891.439174467624,785.378614682392,490.077218710555,703.99198405529,742.262824864977,402.2963235952,537.008349410566,404.454762173829,820.545611636741,485.282880950745,674.50316488493,1097.54575430445,955.63850066954,697.25257522411,974.272055591009,1072.74748399079,942.117535267278,446.888217292859,997.541107068283,401.629689116101
726.564117413495,642.488239725469,496.173758507532,961.432539429152,773.871112391208,926.285185799396,752.365363558622,659.462875942743,743.584618558332,447.59854034521,735.856243908187,713.893145986622,436.784600318127,655.953248576838,693.405318052766,373.196620756969,450.42815742761,390.029436381301,666.227605875268,454.241451140666,610.939364893801,1007.62313563165,681.36738070192,540.23660277522,729.555179778373,832.37459715413,715.816683100516,382.135613648215,903.587554439079,397.885275324729
685.636490839233,625.837834030871,429.15215327551,806.621512322623,676.516745482487,880.993911531569,707.809694606422,658.316757933462,706.234871945062,423.664898345896,663.994355477619,692.181905673946,417.928476642855,630.393465948778,663.898403805925,365.915527881481,406.156290114867,386.485810288937,648.402865230793,426.509165239225,602.012266982594,849.560375192108,612.123190087059,497.943595782562,698.853322767119,628.874387844861,663.51002683309,377.472139446247,695.998051039683,388.367984251307
657.417121883825,612.258235373883,379.618501566772,733.277151119447,615.521379203022,795.704455779359,688.831723740477,652.079465363699,667.279707474433,417.992297324765,585.787492376951,671.739773017436,395.699509572662,604.794893908521,650.889204921723,349.628294403572,384.340682669358,381.066140653101,634.848637265809,418.074908876828,596.313447030244,695.2301208806,587.455123512071,444.373754723838,663.7996111944,607.155701536613,646.750999292721,372.232704042063,626.200341262764,379.822334613043
651.148257177992,607.693061465683,368.838238993776,665.339347534003,441.579644505093,718.667145645074,646.128987677028,648.571582867178,658.992472077013,417.795860487339,463.66320687081,652.588925209041,386.881755880769,600.138352495327,648.584336716397,311.49961163123,377.434853181728,376.533148373604,591.17996338894,417.89737509567,587.690566209529,665.221388506332,584.261857915839,421.337372105562,656.519389585916,604.804130554196,590.006057250845,367.942179309206,592.018087440585,377.765474142396
648.178759903313,584.878648853792,367.363941290882,613.900814663002,417.418552173978,650.201349692043,590.964827358232,644.644919167707,648.77788227472,414.626693959473,418.633641008931,648.282585582796,384.192953617115,594.029821240837,623.267689826816,300.035365858892,376.353295100443,371.260422857367,584.384399422346,417.555328418086,583.753495724937,653.609960608759,583.892087245726,418.837842032597,647.263415853487,603.381299318196,583.914882685157,365.258271394047,589.373772897277,376.409430934183
646.92147840727,583.760511820934,364.499769716022,602.954107579453,371.673506401132,647.536917568906,583.819816141352,644.184204509175,645.449174443995,369.657471919077,418.551565811078,647.598861358155,382.674146189773,583.766575877685,613.649993335023,300.000000000001,367.766875733817,365.402290782128,583.754235672496,415.965536058968,583.735352450757,604.696436903593,583.76497794311,418.656075762563,645.26406593665,583.868308835641,583.766270936629,364.277365354204,584.065667617217,368.892613055144
646.487356949905,583.734866542018,355.991053603492,602.257223034686,369.039829535988,646.483545613271,583.734133396287,644.139172417313,644.413610052471,367.863452601764,418.54923057013,646.784318592061,365.334045570092,583.734629752703,611.951294818348,300,363.819877511563,359.054231384851,583.745252820394,415.729213433525,583.734042378556,602.715101838844,583.745235707543,418.550724475517,644.295134773229,583.735071478019,583.745252796407,364.17538406561,583.745638719269,360.254429606046
646.480342737653,583.734041578738,300.000000013648,583.743982100956,365.46274789046,646.480355189205,583.734055312996,644.131717860038,644.131730617381,364.471929900651,418.549230569977,646.480367932618,300.009121206014,583.734041588767,611.822179666267,300,358.660356494403,300.000000000001,583.745226569759,415.727954082522,583.734041818522,583.766814471393,583.745227141213,418.54922862546,644.131701127994,583.734041487904,583.745226396978,304.673826378153,583.745231842474,300.000000001384
646.480342715389,583.734041578502,300,583.734041410154,364.082982705158,646.480355188924,583.734055312815,644.131717859843,644.131712426859,363.707523920367,418.549230569834,646.480367932334,300,583.73404150756,611.821808328752,300,300,300,583.745226273206,415.727953871464,583.734041818355,583.734041467736,583.745227141036,418.549228413236,644.13170112781,583.734041487735,583.745226337037,300,583.745226274457,300
646.480342715084,583.734041578246,300,583.734041410009,364.076340019123,646.480355188485,583.734055312528,644.131717859519,644.131712426544,362.351702982751,418.549230569579,646.480367931956,300,583.734041507304,611.821808328421,300,300,300,583.745226272965,415.727953848242,583.734041818083,583.734041467111,583.745227140741,418.549228412942,644.131701127497,583.734041487457,583.745226336824,300,583.74522627421,300
646.480342714605,583.734041577833,300,583.734041410009,364.076340019078,646.480355187784,583.734055312053,644.131717859034,644.131712426085,304.027546277191,418.549230569172,646.48036793133,300,583.734041506878,611.821808327909,300,300,300,583.745226272554,415.727953847861,583.73404181766,583.734041466593,583.745227140299,418.549228412519,644.131701127028,583.734041487017,583.745226336392,300,583.745226273777,300
646.480342713863,583.734041577171,300,583.734041409569,357.161410787317,646.480355186639,583.734055311283,644.131717858242,644.131712425347,300,418.549230568524,646.480367930299,300,583.7340415062,611.821808327112,300,300,300,583.745226271875,415.727953847118,583.734041816953,583.734041465836,583.745227139604,418.549228411837,644.131701126296,583.73404148631,583.745226335722,300,583.745226273096,300
