2693.19530206721,2428.23173840125,2691.53770559812,1680.65759822056,2161.02100879518,1656.41822035994,1803.76827307238,1811.28404459339,1630.95536545671,1851.61440909099,2211.57832263423,1864.14309284421,2171.54946524123,2457.86289588443,2519.8778525046
2258.90875742896,2034.81681165678,2660.02952871139,1661.43910694271,2161.021008795,1513.95111498334,1693.9729677021,1698.9546139421,1268.53463485382,1744.83139367818,1837.46154207762,1859.77363445478,2140.68035693463,2422.21444409037,2501.25810474703
2258.10743890366,2025.94699498491,2567.65040158039,1654.50299317396,2161.02100879487,1423.46002676189,1684.11735301554,1698.95460266727,1268.46238825302,1716.31014463487,1834.19542898051,1859.7736344537,2091.12567194327,2410.72376299891,2481.15579367825
2255.9685693933,2025.94699074238,2498.68950017759,1654.50299229288,2161.02100879456,1404.96649872342,1359.42276605011,1694.19383073413,1268.46238825302,1707.13773972415,1787.61179281162,1859.77363445351,1998.18408203218,2324.90847743107,1974.25613483874
2248.37711529657,2025.61382603826,2415.39627248923,1654.5029302772,2159.61223408428,1404.71398609146,1348.97210409225,1694.18337806255,1233.86843615893,1706.95856115021,1643.78934280275,1859.77363443539,1991.46259684279,2319.92487932018,1929.54247625571
2248.37352454864,2025.61382595914,2396.5060213146,1654.50292421541,2159.61223408385,1372.81847791883,1337.49779575223,1693.35998934346,1233.86843615089,1706.95594038727,1641.09466138952,1859.77363440412,1985.10594281773,2129.40351009283,1929.54247625528
2248.37352454803,2025.61382595319,1972.22883351654,1654.50292381957,2159.61223408288,1371.50949329251,1337.49779574431,1693.35998934314,1233.86843614704,1706.9559403865,1641.08780755379,1859.77351511539,1985.10594281729,2128.96202814172,1929.54247625488
2248.37352454741,2025.61382590977,1967.55657679898,1654.44224866553,2159.61223408195,1371.37389190258,1337.49779574095,1693.35935184397,1233.8684361426,1706.95594038634,1640.99993868964,1859.77351511516,1985.1059428169,2128.96202813761,1929.54247625448
2248.37352454678,2025.61382578697,1967.55657679891,1654.44224866551,2159.61223408075,1358.62515321081,1337.49779573691,1693.35935183548,1233.86843613892,1638.91908271138,1640.99993868964,1859.77351511497,1985.10594281633,2128.96202813305,1929.54247625403
2248.37352454616,2025.60927994885,1967.54346158996,1654.44224866551,2159.61223407977,1358.62510482724,1337.49779573294,1693.35935183526,1233.86843613584,1638.91907187628,1640.99993868964,1859.77351511479,1985.10594281592,2128.96202812988,1929.54247625356
2248.37352454555,2025.60927994885,1967.53748881101,1654.44224862839,2159.61223407871,1358.62510482016,1337.49779572886,1693.35935183506,1233.86843612952,1638.91907180352,1640.99993868964,1859.77350353936,1985.10594281543,2128.96202812609,1929.54247625312
2248.37352454495,2025.60927994885,1967.53748881091,1654.44224862729,2159.61223407791,1358.62510482016,1337.49779572496,1693.35935183483,1233.86843611143,1638.9190718032,1640.99993868964,1859.77350353904,1985.10594281493,2128.96202811899,1929.54247625271
2248.37352454434,2025.60927994885,1967.53596062311,1654.44224862728,2159.61223407697,1358.62510482016,1337.49779571792,1693.35935183456,1233.86843610523,1638.91907180263,1640.99993868964,1859.77350353875,1985.1059428146,2128.96202811504,1929.54247625227
2248.37352454372,2025.60927994885,1967.53596062131,1654.43165108291,2159.61223407608,1358.62510482016,1337.49779571402,1693.35935183437,1233.86843609748,1638.91907180263,1640.99993868964,1859.77350353851,1985.10594281408,2128.96202810998,1929.54247625178
