753.102125923625,489.871232831186,598.289262362063,424.87875000418,1087.65408082592,457.530770565741,659.449833428945,477.24442391895,550.67252860689,408.956067208792,825.297870016406,840.281148286419,445.261792987021,688.258231633507,664.633582040344,661.815603345287,527.651598970016,622.858129069367,640.852415033218,540.728924946218,1034.40520086013,582.880667456182,583.994916702787,930.953198283756,699.590973713268,822.8407232953,744.639799919986,456.956821834998,766.08702549302,1288.94937427194
753.102125923625,489.868135149582,598.289262362063,314.703098824736,1085.49543853015,457.530770565741,659.449833428945,475.584388339429,550.607389549144,408.956067208792,825.297776444998,840.281148286419,445.261792987021,688.255936987109,623.610109738746,661.815603345287,527.651598970016,622.858129069367,614.251723271371,540.728924946218,1034.40520086013,582.880666720666,583.783252687847,930.953198283756,699.590917824385,822.8407232953,744.635914449745,456.956810379646,766.085641313491,1286.85254650146
753.102125923625,489.868132086458,598.0042302631,314.703098520299,1085.25364439798,457.530770565741,659.449833428945,473.198479682726,550.607389540234,408.956067208792,825.297776444955,840.270372690954,445.261792987021,688.255936987109,596.619195409148,661.815603345287,527.651598970016,622.858129069367,614.251723271371,540.728924946218,798.996842365943,582.880666720666,583.783252388217,930.953198283756,699.590917824385,820.133829185096,744.564991998984,454.267617496871,766.085641313491,1286.78092816566
751.878563095896,489.868132005313,598.00422801503,314.703098519449,1085.2536380131,453.763535968214,659.449833428945,473.198445972875,550.088622224759,405.949829305402,821.892472042317,840.270372690954,444.622343865334,688.255936987109,596.59463122235,661.815603345287,526.341673612514,622.858129069367,614.251723271371,540.353954516069,798.996842365943,580.902303858646,583.783252388208,930.083986245986,699.590917824385,810.504641656956,744.564552600443,454.267303352604,766.085641313491,1286.78092816566
746.053455127911,489.868131999925,598.00422801503,314.003462134985,1085.2536380131,452.631246056383,659.449833428945,473.198445960027,550.088622184548,394.882728836489,821.892472042299,840.255444239536,435.269468213838,684.556860892443,596.593568544085,661.815603345287,525.997982447437,622.858129069367,614.251723271371,523.261814350224,760.300514564772,573.914773003738,583.783252388107,930.083986211575,699.011402861355,809.701546515099,744.564552599832,454.216146295298,764.560791244393,1286.78092816566
746.053455127759,489.839685312005,598.00422801503,314.003462134985,1085.2536380131,452.631245964925,659.449833428945,472.437706859546,550.088622184284,391.902073275988,819.895645073106,840.255444238717,435.252289358162,684.556860892443,596.575868038912,661.815603345287,525.717511076752,622.858129069367,614.251723271371,523.261814347564,757.494080287231,572.877074638786,583.783252387914,930.083986210822,699.011402853771,809.701546446101,744.564552598218,454.216146295162,764.560791244393,1286.78092816566
741.054013568445,489.83968359968,598.00422801503,313.920757645853,1085.2536380131,452.63124596478,659.449833428945,472.437706859537,550.088622184071,391.902073248676,819.895645073106,840.255444233919,435.192826618621,684.55686089043,596.575868011408,661.815603345287,525.717511076752,622.858129069367,614.251723271371,512.391242020033,757.493899099283,572.877074638683,583.783252387684,930.083986208725,699.011402853651,809.692804905897,744.564552596858,454.216146294976,764.560791244393,1286.53975097376
741.054013568436,489.839683599668,598.00422801503,313.920697855442,1085.2536380131,452.631245964672,659.449833428945,472.437706859513,550.088622183814,391.902073248675,819.895645073106,840.255444230871,435.192341025328,677.971746637346,596.575868011322,661.815603345287,525.717511076752,622.858129069367,614.251723271371,512.391242019995,757.493899099275,572.877074638616,583.783252387294,930.08398620778,699.011402853519,809.434634535304,744.56455259467,454.216134669982,764.560791244393,1286.53975097374
741.032471510723,489.839683599648,598.00422801503,313.92069785544,1085.2536380131,452.631245964567,659.449833428945,472.437706859451,550.088622183571,391.902073248675,819.895645073106,840.255444227964,435.192341025328,677.971746637296,596.575868008223,661.815603345287,525.717511076752,622.858129069367,614.251723271371,510.486502815127,757.493899099158,572.877074638574,583.783252386851,930.083986201239,699.011402853369,809.43460272964,744.564552589574,454.216134669838,764.560791244322,1284.65897902542
730.909361059654,488.987651692515,598.00422801503,313.920697855375,1085.2536380131,452.63124596445,659.449833428945,472.437706859361,550.088622183335,391.899169398327,819.895645073106,840.255444226931,435.192341025328,677.97174663725,596.575867964975,661.815603345287,525.717511076752,622.858129069367,614.251723271371,510.486502581954,757.493899098868,572.87707463848,583.783252386489,930.083986200125,699.011402853189,809.434602729634,744.564552588348,454.216134669636,764.560791244041,1284.65897770183
730.909361059644,488.987651691739,597.375178530179,311.863771226269,1085.2536380131,452.631245964322,659.242859998808,472.437706859267,550.088622183167,391.899169398327,819.895645073106,840.255444226094,435.192341025328,677.971746637174,596.575867917791,661.815603345287,525.717511076752,622.858129069367,614.251723271371,510.486502581954,757.493899098611,572.877074638388,583.783252386201,930.083986199023,699.011402853023,809.434602688528,744.564552587626,454.216134669485,764.560791243798,1284.65897770183
730.909361059521,488.987621362154,597.375178529403,311.863771153016,1085.2536380131,452.631245964207,659.242859995419,472.4377068591,550.088622182921,391.899169398327,819.895645073106,840.255444224977,435.192341025206,677.971746637057,596.575867911564,661.815603345287,525.717511076752,622.858129069367,614.251723271371,510.486502581954,757.49389909836,572.877074638228,583.783252385938,930.083986196737,699.011402852841,809.434443788324,744.564552584558,454.216134669298,764.560791243415,1281.59536195656
730.909361059296,488.987279234345,597.375178526744,303.024498745751,1085.2536380131,452.631245964057,659.242859995287,472.43770685891,550.088622182602,391.899169398327,819.895645073106,840.255444224299,435.192340991984,677.971746636983,596.575866701817,661.815603345287,525.717511076752,622.858129069367,614.251723271371,510.486502581953,757.493899098085,572.877074638125,583.783252385552,930.083986195783,699.01140285266,809.40918361257,744.564552582798,454.216134669113,764.560791242986,1281.44505496437
730.909361058915,488.987278791197,597.375178518843,301.646065307607,1085.2536380131,452.631245963882,659.24285999521,472.43770685869,550.088622182389,391.899169398327,819.895645073106,840.255444223609,435.192340968046,677.971746636918,596.575866693469,661.815603345287,525.717511076752,622.858129069367,614.251723271371,510.486502581949,757.493899097771,572.877074638016,583.783252384988,930.083986194736,699.011402852444,809.40918361257,744.564552581943,454.216134668945,764.560791242659,1281.44505142161
