42977.5907249596,97471535645.8264,48975057461.7806,84211.6599392847,7008106605.88332,132053094594.876,91130.3129503351,138610.496556891,120557188680.207,57850.129526491,440392104449.713,50415068.3285767,70148567917.5484,26464277889.7506,522565774365.705,2084916611.96165,2397496360021.35,2931291.57211752,2011616007.12957,1884986051.47213,48432.8134972332,779968.329648436,330618538878.139,25067338.1179944,436301.903811664,496596.210438299,168289226488.145,369410247401.41,68620.1653874408,36250884719.4708
42410.3711051399,28191.6743543887,75974.5439977776,78883.2262140468,100036.586422044,76904.8123226295,73451.908347373,93232.0089482843,56889.9275507327,56347.0848761404,61213069.4146933,64132.5884267257,112524.767941586,42702.5773726566,45124.2590514397,59333.2586830893,724912.725885308,25631.5379935307,112627708.087856,48307.6382564616,40572.376358452,79395.8459588296,147937.008917988,50552.6870944222,105614.497700534,103178.209467718,254832.962244005,1074472.71210797,63549.7412934565,98924.0170493917
42205.7847734947,28191.6743543887,72778.7706251929,78883.2262140468,96514.9386321201,40560.1330278472,68283.0386774767,88259.5213192716,49816.4371802773,55248.7768105485,42533.2597090818,61551.5470897209,60157.9469975314,37612.415336123,42036.4071783782,37714.5410222299,42261.5023619651,25631.5379935307,55009.9835978367,44644.3490438765,40572.376358452,71446.9599502212,95162.9281576945,50552.6870944222,105614.497700534,102993.419548372,67589.0520099023,68182.1512920829,63417.6306447297,98924.0170493917
36741.0626734121,28191.6743543887,68704.1666525811,76597.2182680878,94680.2770188985,39051.6002483377,64180.8086402782,68423.7885594619,48249.1856766126,53088.1853270769,40458.2440469256,60429.0925331689,59931.0855622259,37612.415336123,40354.086918947,37714.5410222299,42209.9606095155,25631.5379935307,54540.2718786425,41976.9019436351,40067.9405431957,63438.34625586,95162.9281576945,50552.6870944222,97742.9477197639,98205.3253318461,67060.6874113736,67457.3286164595,61640.7505886586,96705.189960751
28382.9450187876,28191.6743543887,60752.8869240936,67559.3136947141,71763.1274227043,35546.0019986302,57917.2542851633,32687.7504252214,41576.3019452831,48852.7814212141,35303.4639852085,54127.6227720338,50327.2704078278,35483.8495323505,38311.3851637493,35650.539110156,38416.0050699376,24181.49472225,47051.9622740435,36385.2027375753,36315.2707363569,43246.7270216897,78147.7828066591,38333.7577324696,81851.0082106311,89638.207803158,62819.2417477238,52173.8352077436,58137.3421460161,88584.4335357576
16010.6662872042,28191.6743543887,38461.9282629854,48585.1924333707,40536.0321209055,29223.4611378083,45929.289606926,22753.8373881042,36114.5060478336,43565.6057877179,32549.2095412432,41455.2835769617,41101.6963341752,33501.4953712192,34224.955137359,31675.2132586438,30066.8402840199,15528.191591442,40962.2503867958,24685.6313376406,31010.9744171338,28171.090371259,46673.3919025929,22624.9101540148,41060.1952844404,56551.2535340589,59135.0392478839,35004.5207521388,48762.3842236696,69688.8907516064
8746.55271396372,21794.0484986562,18815.0266186291,37612.0268316843,34993.7485056287,26321.8252310893,37967.606818385,16725.1385422621,31285.8261773171,32083.9592737965,26658.673774151,31447.5338823671,34372.2508575609,24990.1121374394,22311.9807525998,23436.0877811071,17082.8753508772,9068.25969689279,30616.1587247255,18080.2876411791,24261.515209794,23823.9823024019,12576.3497968696,17484.3717904098,35237.5199519361,42916.3724085978,53664.5056838428,26842.7268139035,37358.7893874906,46376.9628747273
2290.35041346398,13787.6596910996,11713.3790858473,27282.0698612375,20139.9959029446,18461.6783586863,24817.9120022182,11511.3513770886,19009.6745524607,12957.6829452602,20224.8603538883,17222.7236763234,13545.6936206139,13860.0895280374,11104.726179812,17119.2835270005,7585.64756232567,1747.2064405802,20786.3210878669,11493.5615129689,15356.8293734396,15590.6872993954,7161.60665200511,13604.4066598946,28785.5031734529,37636.357026784,47960.3423057122,13771.6285297697,20700.0420184331,22889.8342348211
1068.65193775732,8254.28145056985,4730.2255131296,13946.2003065989,15882.0391447047,9379.08129068947,7946.92848605236,10647.1687526823,11150.8346543817,7814.13107983989,18282.1887800447,5003.81682846166,5439.19330855912,6842.64438670549,6513.04036638033,11913.0696635768,3749.59512657015,276.463795277295,9020.46162942971,7352.82366998739,6945.34462364478,9039.02909948478,4440.12876922674,6788.10638350589,15482.406316062,30668.7682373736,30039.0279014042,6611.01946477294,12119.6038105022,8249.87106294948
137.216655925199,5154.02842085092,1486.12137806479,4272.78961361397,13384.0787341547,3972.24453835685,5484.58368672215,8711.92794258098,5112.05160551323,6016.06507244425,8806.94153662902,4161.26685861745,2197.55882242266,4720.32198469089,3257.08550125223,9022.05498543315,636.683465744595,16.4271498933967,5130.38820728352,5653.05972561557,3812.46465386056,1833.01857692827,1454.82854065936,6435.65651647903,7274.10791000429,28029.4766269875,20711.9012079517,1128.12426302343,8774.91967104075,5457.9949492565
0.257421224333712,4489.04176591343,834.617616840666,2446.72241081933,8651.87094699715,3501.3522345239,3349.54588293474,5728.00244964907,3920.22984415948,1428.72667851532,2559.21100061687,3849.97257665768,264.144762852355,1858.42986403474,207.411495971762,5044.39185759423,1.21799110463701,0.218527975196594,3554.19112204562,1033.61417289895,534.076541667157,704.836344706141,384.154978331254,5202.31222657329,4271.75838978898,15131.1472965617,19231.6823932606,150.543323097286,6616.12786507593,1144.89714540676
2.73129785455239e-08,1853.81746477881,235.14851981942,1824.71544151645,3433.20960406507,914.234089042514,14.9889560034634,4098.03804476085,213.476305151537,1081.21328270146,265.839859989109,3845.64152611262,65.8171447440667,24.6348446850881,83.8426248834143,3275.82911670104,4.23938217863906e-10,9.29389898374211e-11,3531.00694727377,677.808358845732,191.552820607685,364.444715803482,133.813138531237,3888.4132374686,1588.78626187147,3734.84713650071,19229.8318238051,5.83848882364106,637.704041232212,483.504631091986
0,1837.22652133932,0.851685202752947,157.668945816839,2438.2676424022,89.4582701045881,0.00126614743982145,4097.43309886645,45.5287442401601,685.024093020001,0.618622196634135,2373.10231616004,3.6413024417925e-07,0.0301224416283503,28.4031510643952,130.055510182665,0,0,3530.94752172643,583.096632341504,8.92511529233076,249.381122443861,92.8927923274234,2801.06836450698,758.93665147952,1409.71407563106,19227.8984747166,4.66726079156894,545.744353242572,17.7408383729907
0,1837.22652120322,0,149.234997185438,2438.09444244367,0.19919628049206,0,1768.16763402421,1.38312911085075,87.1877418151295,0,2373.06041304493,0,0,0,117.36309041188,0,0,3530.94667195116,46.1754227420595,0,200.30099833389,13.4542932932878,2801.06761544133,636.841935770459,1402.74112280247,19227.5987110611,0,5.6843418860808e-14,0
0,1476.64920331788,0,132.798653915949,2438.09444244334,0,0,1767.43316717553,0,86.6533775121003,0,1660.62732652134,0,0,0,0,0,0,3530.94667188007,0,0,200.300998282214,0,2801.06761544133,0,1402.7411206576,19227.5985083737,0,0,0
0,1139.30373333532,0,0,1905.22833298512,0,0,1767.43315937983,0,0,0,1660.62673131846,0,0,0,0,0,0,2584.60030865652,0,0,200.008266955301,0,2800.90623165041,0,1402.74105326454,19227.5985083737,0,0,0
