16010.6662872042,28191.6743543887,38461.9282629854,48585.1924333707,40536.0321209055,29223.4611378083,45929.289606926,22753.8373881042,36114.5060478336,43565.6057877179,32549.2095412432,41455.2835769617,41101.6963341752,33501.4953712192,34224.955137359,31675.2132586438,30066.8402840199,15528.191591442,40962.2503867958,24685.6313376406,31010.9744171338,28171.090371259,46673.3919025929,22624.9101540148,41060.1952844404,56551.2535340589,59135.0392478839,35004.5207521388,48762.3842236696,69688.8907516064
3006.43707835334,17304.2332568796,17021.4228130946,31752.1483211496,26404.4723399824,23526.688690265,31606.0045536635,13367.9546070542,25079.5218753557,25538.3700924972,22658.1353744881,24904.1821487825,26446.3452010457,18116.433597521,13414.0137421882,19131.2407990812,13416.0548818351,4238.48725760875,24702.099306692,13684.7037842525,18632.8266399276,22126.1146912555,9613.95493688088,16199.311339556,33042.8779007277,40751.8251383307,51313.6053660571,16512.4030692852,30884.8209564919,30944.6427796995
1633.47614628035,11957.0080194158,7987.1899836075,23134.7196551525,17624.4594530875,15006.81487701,20752.3978536934,10974.9182486794,15190.7541179544,9629.6978562379,18809.8084644147,12635.919554032,8987.65738782463,11972.6689860106,8711.78231991806,14389.0216765084,6998.48584492347,1077.66170639905,18211.473290234,9237.94983892603,12345.709194179,14567.1043811973,4987.03350876747,9505.42707997434,25128.2326953455,34843.977912644,35884.9711759439,9721.90322383014,16821.7653222092,17437.6871942585
638.388132988944,6987.46914923654,1710.39767011485,7853.32339496422,15740.9258315681,8717.43443862289,6730.16742347962,10370.9763553111,8141.91637081135,6537.87417497657,16057.1914197198,4474.47283199097,3601.06000008568,6147.45265742244,4885.87009895692,10196.0836039212,1063.83997437763,115.924414807181,5963.18063506068,6666.30368547081,4362.98854916821,4633.31745078301,4169.04034843197,6473.24737388817,13554.7447203621,28588.4817804457,21970.5978851831,3955.47764834809,11666.5822030892,5481.83325218162
0.257421224333712,4489.04176591343,834.617616840666,2446.72241081933,8651.87094699715,3501.3522345239,3349.54588293474,5728.00244964907,3920.22984415948,1428.72667851532,2559.21100061687,3849.97257665768,264.144762852355,1858.42986403474,207.411495971762,5044.39185759423,1.21799110463701,0.218527975196594,3554.19112204562,1033.61417289895,534.076541667157,704.836344706141,384.154978331254,5202.31222657329,4271.75838978898,15131.1472965617,19231.6823932606,150.543323097286,6616.12786507593,1144.89714540676
1.13686837721616e-13,1840.69990261429,37.6142444912784,161.349249213715,2478.82812804503,856.574420207804,1.20000418800373,4097.44028420168,51.1939644502744,745.727020986782,248.162496793109,3845.64128710724,46.0263351502129,20.3136854058601,54.7805556780096,761.278715625579,0,0,3530.94754254612,583.128933071753,33.3373631207264,253.327851767468,132.604255717761,2801.39308417246,861.745684158241,1492.04492238981,19229.831821301,4.66727961468251,549.303511438339,21.7054662968841
0,1837.22652120335,0.533295490873684,149.248864873503,2438.09524078827,84.6816968873659,1.71098690771032e-09,4097.43309883139,31.0199475980041,597.634484982253,0.000786850356519153,2373.06041341326,1.48929757415317e-11,3.62206264981069e-10,2.55994336839649e-09,130.040480688818,0,0,3530.94752172389,47.773977463237,4.77483979466342e-06,249.380940887955,37.9507855502644,2801.0681498042,637.213482097024,1406.73344308213,19227.5987153083,1.12568608301444e-06,0.564992799714616,0.00514887627656435
0,1837.22652118948,0,149.23134859952,2438.09444244366,0.190052567778025,0,1768.16507400879,1.38312911085075,87.1877418151295,0,2373.06041304493,0,0,0,65.920295777074,0,0,3530.94667193356,46.1754227420594,0,200.300998303468,13.4542932932878,2801.06761544133,636.8419357703,1402.74112280102,19227.5987110611,0,5.6843418860808e-14,0
0,1476.64920331788,0,149.230673246634,2438.09444244334,0,0,1768.16362966906,1.06056177173741e-08,86.6533775163496,0,2373.06041304492,0,0,0,5.6843418860808e-14,0,0,3530.94667188007,4.82924881453073e-05,0,200.300998282214,0,2801.06761544133,636.841935769989,1402.74112065856,19227.5985083737,0,0,0
0,1476.64920331788,0,149.230673246634,2438.09444244334,0,0,1767.43319569363,0,86.6533775121003,0,1660.64316076122,0,0,0,0,0,0,3530.94667188007,0,0,200.300998282214,0,2801.06761544133,4.54747350886464e-13,1402.74112065761,19227.5985083737,0,0,0
0,1476.64920331786,0,0.00128617223134597,2096.55124261668,0,0,1767.43315940773,0,0.00749017326029389,0,1660.62693427066,0,0,0,0,0,0,3530.94667188007,0,0,200.300998282204,0,2801.06761544133,0,1402.74112065759,19227.5985083737,0,0,0
0,1139.30373333533,0,0,1905.22834656303,0,0,1767.43315937983,0,0,0,1660.62693397952,0,0,0,0,0,0,3530.94667188007,0,0,200.008266955301,0,2800.90623759794,0,1402.74112065635,19227.5985083737,0,0,0
0,1139.30373333532,0,0,1905.22833298512,0,0,1767.43315937983,0,0,0,1660.62673132009,0,0,0,0,0,0,2584.6027630539,0,0,200.008266955301,0,2800.90623165092,0,1402.74105326463,19227.5985083737,0,0,0
0,1139.30373333532,0,0,1905.22833298512,0,0,1767.43315937983,0,0,0,1660.62673131846,0,0,0,0,0,0,2584.60030865652,0,0,200.008266955301,0,2800.90623165041,0,1402.74105326454,19227.5985083737,0,0,0
