67.8214227430937,7.55690583883739,1.31039001173258,7.85781711755811,74.0713992234549,58.9986134786483,2.76276277407675,8.02705789211603,30.0529266374371,4.74895594897964,8.24991046838699,3.03406267151996,91.6269012862384,99.1512947499739,5.60824247055245,6.71020896179294,1.9061466857969,118.983956094632,7.01116964897494,41.259693755207,149.930591805092,36.672430053017,0.877338383310075,7.52635715154923,16.60380195518,9.42696697358269,3.91476775295547,7.79772324328155,7.82695066297111,7.28935068517131
14.905947752519,6.98224098691486,0.705078500844991,7.07441832794859,69.5795521710271,7.16224056302491,2.40750639139446,7.22268947995633,4.07617216244819,4.41186448497376,7.34136879899592,2.73503480799138,83.8532104448327,92.8736443642915,5.08420515105144,6.0114725352131,0.461981464831524,51.3966858453284,6.42655163772486,3.83640622601195,12.1458366711171,0.221824621452868,0.745353084914768,6.87671854922155,7.396773843083,7.18068074030697,3.54000564278329,7.06286893923539,7.19807452556273,6.62867459126454
0.12086672561253,6.26754871516897,0.691467293038386,6.31645973918211,68.9331736543598,6.41786680282854,2.04754635874212,6.7790867675007,3.73833917567669,4.17009571875252,6.75128691396935,2.41411228300893,78.0920745826317,89.7363032155837,4.72666720548995,5.64313156577811,0.45747709079501,8.03107629131244,5.84309316452305,3.52760236366157,6.39720627343132,0.20054880442234,0.636388239559039,6.20778740218293,6.80651278105194,6.8188067535292,3.11346479959599,6.43015049771083,6.50810767443227,5.87606056198007
0.104209218548704,5.25401810203635,0.666241429790944,5.16653000898435,64.0799777431903,5.22542338342794,1.67577583403238,5.6729084915026,3.0505223193727,3.46734726901656,5.65840001124246,2.00558793452075,9.75579867872273,82.6820566782229,4.35640424180417,5.09502189747201,0.441148713564985,6.89004908056717,5.11224133594084,2.66222141191764,5.21143397477687,0.170041828100466,0.480492021195346,5.15185163910547,5.63959254982154,5.66931893424112,2.52521209661768,5.52190529228278,5.64410874760733,5.39543529071454
0.0711642517430846,4.73058647659565,0.634663178062908,4.73351724407416,23.8393777659165,4.70700838314707,0.891822378092968,5.07707579457161,2.18578442631207,2.39285866201675,4.98018640038418,1.1750619652193,3.20574832061874,77.9646308128093,2.64151420611182,4.73733562741683,0.405948319618119,5.075323681893,4.70317237446716,2.05903945509505,4.64202984640622,0.11614391430237,0.449576484166414,4.74456708206458,4.67970029478164,4.77037524116611,2.06089297040262,4.80736490902456,5.11096403990803,4.69306187181638
0.037359907135226,4.71876104211941,0.631490264780837,4.44705605997916,0.228786252248881,4.6439593739413,0.473278398943876,4.76866618421826,2.17030872259528,2.20122788062736,4.70775664551678,0.482936797475531,2.15827013349787,77.9622687787482,2.28831570049726,4.50574921058154,0.401136962425824,4.45241578287687,4.62636456950941,2.01161522612483,4.40513243572843,0.0556552833595561,0.449544447636356,4.52250908174597,4.47078381510681,4.68892826573153,2.05154176748368,4.64832560333099,4.68733127620158,4.41034619386022
0.0207467744954783,4.4735155676525,0.631480316664806,4.4470558448711,0.100167587389365,3.94800283262663,0.473275006082247,4.74122171654528,2.13147515273204,2.20122686091128,4.41654003663848,0.482863116261512,2.15121110662005,17.5849506488148,2.2882619516987,4.50572145843626,0.401133806869552,4.44362009911356,3.75114861906474,2.01161036376084,4.12937256642743,0.0293882384427206,0.449544447626749,4.49474032769058,3.8881867605557,4.64654889981415,2.0515416227247,4.39845554100231,4.43811661509096,4.39100067628567
0.0124067369193313,4.47351556735862,0.631480277783567,2.49511988701784,0.0553700498288094,2.12716219988988,0.47327500608219,4.74122169727951,2.13147495758972,2.20122686089849,4.41653997590208,0.457092765529296,2.15121105992779,8.30872140669993,2.28826195079228,4.5057214584362,0.40113380210704,4.44358414893657,2.16644854264047,2.01161036371531,2.20566672316983,0.0187592178063483,0.417523318428096,4.49474032768603,2.28826395616255,4.64654889981415,2.05154162272436,4.39845552707641,4.43799966108963,4.39100067628323
0.0070047378432605,4.47351556735862,0.631480277470189,2.10111178459374,0.0332552489956015,2.11749989892172,0.376851366269079,4.74122169727951,2.13147495758903,1.6428178190493,4.41653997590208,0.447176449979736,2.15121105992773,2.8674854715124,2.28826195079228,2.2168128441906,0.401133802105562,2.10008238501223,2.12507187477672,2.01161036371531,2.16976050935665,0.011554585999761,0.41752244428443,4.03412782868384,2.25515679749623,3.32342785801882,2.0515416227243,4.39845552707641,4.43799966108963,4.39100067628317
0.00445556146462422,2.24196948226262,0.631480277469905,2.10110053757074,0.0218206118461239,2.11749984670087,0.376851361460183,2.68338123190847,2.13147495758903,0.441652157708972,3.81050730277008,0.447173519321836,2.15121105992773,2.86748138370672,2.28826195079228,2.15559160436322,0.401133802105562,2.05242876914593,2.12177837351163,2.01161036371531,2.16975933273505,0.00770912768388143,0.417522444160625,2.09861799462823,2.25515556288002,2.24268911346024,0.636446460751756,2.46610537597121,4.43799966108963,2.15240348139821
0.00412822799654577,2.15241785184287,0.631480277469905,2.10110053751004,0.0153439876938251,2.11749984670075,0.376851361460183,2.33752416930542,2.13147495758903,0.437286385701327,2.16209900569828,0.447173518806324,0.56525468956653,2.86747516137825,0.613373679121366,2.15558980729367,0.401133802105562,2.05242852257049,2.1217783409295,0.64544153535445,2.16975933272585,0.00523561978940279,0.417522444160625,2.09355179184683,2.25515556286649,2.2407053768456,0.512413776955611,2.15779860304684,2.12151893526112,2.11125205191587
0.00412106303082282,2.11456023621253,0.631480277469905,2.10110053751004,0.0147691647586043,2.11749984670075,0.376851361460183,2.32140289821302,1.36972479197914,0.437286385087361,2.13626055971463,0.447173518806324,0.480919269809021,1.13721237474596,0.473458592483667,2.15558980728269,0.401133802104596,2.05242852256981,2.1217783409295,0.49515391565069,2.16975933272585,0.00381320007375052,0.417522444160625,2.09355175898196,2.25515556286649,2.24070533029567,0.512413658623416,2.15777636548171,1.6424460891937,2.11125130688623
0.00412091769919698,2.11455995804039,0.631480277469905,0.772436587905247,0.0147607719264329,1.10968806179432,0.301769401946217,2.32140192493995,0.455203754612171,0.399441284165903,2.13625729896609,0.447173518806324,0.480919238233071,0.61842802236913,0.473458526727882,1.54500642684627,0.36458202324701,1.06976254734042,2.1217783409295,0.495153753451518,2.16975933272585,0.00291401586599704,0.417522444160625,2.0935517589819,1.30638513894229,2.24070533029567,0.512413658619153,2.15777636534244,0.578043432338916,2.11125130688509
0.00412091616868793,2.11455995803931,0.587422128270532,0.431677860232355,0.0147606719734767,0.507998996053345,0.301518222410721,2.32140192493358,0.455034807019729,0.399441194742735,2.13625729893789,0.447173518806324,0.433108966990289,0.617783914553115,0.447153096157137,0.431255744543535,0.356367069960811,0.609861883476071,2.1217783409295,0.445949770550101,0.592284596235004,0.00237789601902705,0.417271332956545,0.503786026040359,0.417788568974743,2.24070533029567,0.352408830440368,2.15777636534244,0.566975794798793,0.922761748727112
