146.235098409638,115.835239638731,153.642446257214,72.311553821271,161.237587858647,99.3985534003767,102.833771648396,116.590697550068,155.159768158562,143.360915209611,200.154929376523,119.980794233458,135.560995842092,174.588225530554,71.1173982453618,111.108569839308,142.509900046637,133.239360636858,78.4834648837045,157.552041280719,126.932381764242,96.8642041243127,117.398232689127,103.364072888547,110.168671841542,211.683003957591,145.781628707889,69.1250783978736,89.7449426761453,125.426513820885
136.722977837364,101.215429983922,125.075977996624,69.0107988136715,129.873679154106,96.4472616232139,90.1212892233582,109.609829313677,103.531311609847,129.736338498966,174.082377107097,109.110138117197,125.566752384515,165.399444496188,65.8624528487962,90.1802965156915,117.338387255188,116.214375677411,72.7459432562366,144.481779917816,126.932381764242,86.9219499456631,103.885008047219,97.319137395402,91.8647292461236,197.936734161496,137.357166895752,65.2105817382213,76.8901412570467,119.224899067191
133.372641740672,93.1222681711361,119.211897793795,66.4037883112102,93.9094661000883,91.9630836708324,86.3278606345502,101.811336532328,92.2692460030846,104.433043484176,138.475079840085,102.693712957864,123.242873625528,161.829376448292,64.2454672624843,83.5749165645027,110.266738966434,112.986655242657,72.4062946460155,136.895047961378,123.756170769086,81.9142175426982,99.3739755612651,95.5104234010606,89.0487116868169,184.852001192043,127.602732467754,60.3471698027345,75.7425919709309,116.177675731538
122.032449803912,91.5030758746793,115.028430785845,63.7120763731909,81.3762213970664,88.3057200246716,85.504311180221,90.8329720946617,89.425652848515,101.413707935799,132.942446971099,96.1708558457088,117.608120617041,129.7430748428,62.3761646797757,81.3319607147006,107.996786329052,110.688876865873,72.1943810108722,129.992509853154,119.559382629331,78.5726756296456,99.1512633854343,94.8359665557076,85.8271095399139,169.227988672833,124.685555394433,55.5742144426771,74.8658448797114,115.225234401132
113.109363158012,90.9686258147516,109.73022669459,62.9439176749116,77.2496003475395,81.676111027139,84.2866051066916,80.2939221942262,86.9128530657122,100.912217350047,128.891792368599,95.8312273930788,114.651010795701,126.400407511867,60.272167346766,79.2896291779454,107.41117250443,107.326768531435,69.6615922382389,122.126952196767,116.65702078702,70.3433866734,99.001537242635,94.3248713635242,83.8034683854332,158.1748326343,118.540545580036,53.8429820863934,74.8291606325181,114.217319500399
98.556853515675,90.8523026896596,108.044827126383,61.846718915501,74.8843312653556,81.0431718933545,84.0022236552725,79.3971187596932,84.7135621706695,100.587152953248,127.202314270227,95.3427792057763,110.895135172294,122.609334216143,59.3059231740646,78.3089150789759,106.904485723779,106.721967304354,68.9381729701533,121.540140004411,108.649744084209,70.2739768617002,98.5913630288616,93.8304594497189,81.7198820172432,148.292025884435,116.71915099969,48.0899587846986,74.8283850663537,95.1790171672168
90.6570285276983,90.8320474257246,107.587046678326,60.0144324272183,74.5182840947458,80.7538283624256,83.7314338690966,76.5262904513929,81.7563979189965,100.575634360787,126.445295242173,94.0128868601948,107.5375703667,122.435679529999,59.0305098876561,75.0364292383308,106.611909621192,106.167777682565,68.0754622059268,119.021286222194,101.205026703982,70.170177867655,97.308604694383,93.0340150603365,80.5952633512484,146.523723272264,110.967117615631,45.619549221896,74.8282483736422,86.2225692745628
88.7297322453721,90.7731232134284,107.53516738475,59.3469305979861,74.4620850300507,80.6662634023113,83.6152190891447,76.2894389061885,80.7359805738091,100.534418905302,126.215472176211,93.4923290677957,83.5736032525328,122.40344164642,58.9452349099239,71.6313051173362,106.451345594222,105.295955487781,67.2121563345555,115.358269258298,98.104150043399,70.1694659365621,96.1503036304102,92.0311755135358,79.4797713752691,145.679265341267,102.756964934156,45.5365129844231,74.8282179765118,77.4754524782495
88.6010046274655,90.7224694568885,107.53302242394,59.1966981085715,74.4594115809083,80.4960188408168,83.5939371705794,75.1850247369077,80.3898037322498,100.530552171239,123.47771625572,93.4306978192117,83.5077979285417,122.362727844836,58.9436221299401,68.7580366922539,106.420370477956,104.76433253082,67.2041482228708,113.125005622215,91.224685771977,70.1694659364264,96.1093802008907,91.6495788040241,78.077234211024,142.865636107246,101.760081885766,45.1709240400912,74.8282172150808,76.039235916796
88.3955989736335,90.6879340812113,107.533006206768,59.1854212277564,74.4594082619642,80.3488631370817,83.5929564415296,73.7408261137755,80.3446704903311,100.530547238691,120.147554591893,93.2165127715995,83.5074431849828,122.345026270846,58.9435984563451,66.4460797590114,106.418803493925,104.571637235838,67.1887928954562,112.885895631735,91.1832531420827,70.1694659364263,95.5613840939669,91.0956819831488,77.4026216143994,142.448703709647,101.56658081397,44.9949298173249,74.8282171966903,75.9420212317134
88.3764616796196,90.6778268640526,107.533006197847,59.1852663702762,74.4594082619433,80.2075668426064,83.5929023630895,73.6472648484255,80.3428668464946,100.530547223081,119.672381757904,92.9959639236515,83.5073231473832,122.343288217678,58.9435984533226,66.0814686583838,106.417761357234,104.505991525722,67.148298922974,112.644366193264,91.1370902024664,70.1694659364263,95.5514194833477,89.4768740467626,76.9748577019661,142.43110703134,101.411217415145,44.9840211907637,74.8282171966885,75.9362857046385
88.3763957017178,90.6773607025226,107.533006197847,59.1817662379896,74.4594082619433,80.1508265888701,83.59290235711,73.6472648484254,80.3300682692509,100.530547223081,119.649399695367,92.9889529494301,83.5073231034014,122.343219191528,58.9435984533226,66.0741407617842,106.416988775395,104.4860455287,67.1476162411691,112.626755273299,91.1356270133864,70.1694659364263,95.5514194833474,87.8046392774656,76.9173796412842,142.43110690539,101.411217415119,44.9840209347868,74.8282171966885,75.9362849844749
88.3763957016172,90.6773576653281,107.533006197847,59.1817662356743,74.4594082619433,80.1386684784238,83.59290235711,73.6472648484254,80.3300670127685,100.530547223081,119.649318509394,92.9889409285211,83.5073231034014,122.34321907888,58.9435984533226,66.0741241051475,106.416794899098,104.485137070144,67.1476140638713,112.626629928304,91.135616383175,70.1694659364263,95.5514194833474,87.0151117387712,76.9128321845503,142.431106905389,101.411217415081,44.984020934772,74.8282171966885,75.9362849844729
88.375848147468,90.6773576617926,107.533006197847,59.0837349963552,74.4594082619433,80.1372049868271,83.59290235711,73.6472648484254,80.3278558999448,100.530547223081,119.649318494844,92.9889409281903,83.5073231034013,122.343219078869,58.9435984533226,66.0741241017946,106.416794781783,104.485135317217,67.1476140634956,112.626629876711,91.1356163785049,70.1694659364263,95.5514194833474,87.0151117386717,76.9128062717626,142.431106905389,101.411217415019,44.984020934772,74.8282171966885,75.9362849844729
88.3758419638785,90.6681502133844,107.533006197847,59.0837341427381,74.4594082619433,80.1371685519779,83.59290235711,73.6472648484254,80.3278558999448,100.530547223081,119.649318494844,92.9886941727336,83.5073231034013,122.343215107022,58.9435984533226,66.0741240944744,106.416794781783,104.48513531706,67.1476140634956,112.62662987671,91.1338682516397,70.1694659364263,95.5514194833474,87.0151117385129,76.9128062617567,142.431106905389,101.411217414912,44.984020934772,74.8282171966885,75.9362849844729
88.3758158554523,90.6649468894598,107.533006197847,59.0829744149581,74.4594082619433,80.137168438356,83.59290235711,73.6472648484253,80.3278558902466,100.530547223081,113.354626095461,92.9886893260378,83.5073231034013,122.343208166257,58.9435984533226,66.0658901794936,106.416794781783,104.483667574653,67.1403271889817,112.607701052846,91.133837126742,70.1694659364263,95.5514194833474,87.015111738271,76.9128062617567,142.431106905389,101.411217414757,44.9840209343794,74.8282171966883,75.9362849844729
