98.556853515675,90.8523026896596,108.044827126383,61.846718915501,74.8843312653556,81.0431718933545,84.0022236552725,79.3971187596932,84.7135621706695,100.587152953248,127.202314270227,95.3427792057763,110.895135172294,122.609334216143,59.3059231740646,78.3089150789759,106.904485723779,106.721967304354,68.9381729701533,121.540140004411,108.649744084209,70.2739768617002,98.5913630288616,93.8304594497189,81.7198820172432,148.292025884435,116.71915099969,48.0899587846986,74.8283850663537,95.1790171672168
89.256193970806,90.8025795706752,107.542084993885,59.6374514979041,74.478938589855,80.7273109748332,83.6588083661011,76.4632259316887,81.2144643813118,100.547034583283,126.292163620049,93.6099229759159,83.8762251455507,122.412948312435,58.9574723108549,73.8147594978392,106.52207087475,105.681031087711,67.2383712478937,117.338945689743,98.6714232614203,70.1694696357018,96.9774975786311,92.2761526605046,80.0297864934482,146.080774514068,105.483639215366,45.5718180321622,74.8282216938371,80.5073932579227
88.6446535971966,90.7557968571954,107.533426507676,59.2520240765831,74.4597708198105,80.6245113616037,83.5988342912433,76.1032366283847,80.5679105140305,100.531046563545,125.753094376505,93.4424309173767,83.5232257119653,122.379988255804,58.943930808686,69.6047094629264,106.434645251684,105.018280165915,67.2080559670756,114.522214465409,95.4745976770344,70.1694659364269,96.121591924383,91.8994511149107,78.8387887670441,144.661599347409,102.154273472101,45.4071725404475,74.8282173312945,76.5599491823687
88.578429876728,90.7050964808336,107.533006699317,59.1864663281145,74.4594086314107,80.4090477958056,83.5932291273958,73.912232986654,80.3484099227592,100.530547861375,121.359800359591,93.249716657675,83.5074437206332,122.349991917183,58.9435987618522,67.0565042228664,106.418968152766,104.695396659796,67.2024706678035,113.073599558799,91.2151120449562,70.1694659364264,95.8718902663371,91.4081623158459,77.7365903638154,142.55757588271,101.626352761585,45.0312266267118,74.8282171998524,76.0080623058379
88.3764616796196,90.6778268640526,107.533006197847,59.1852663702762,74.4594082619433,80.2075668426064,83.5929023630895,73.6472648484255,80.3428668464946,100.530547223081,119.672381757904,92.9959639236515,83.5073231473832,122.343288217678,58.9435984533226,66.0814686583838,106.417761357234,104.505991525722,67.148298922974,112.644366193264,91.1370902024664,70.1694659364263,95.5514194833477,89.4768740467626,76.9748577019661,142.43110703134,101.411217415145,44.9840211907637,74.8282171966885,75.9362857046385
88.3763957016172,90.6773577248863,107.533006197847,59.1817662362611,74.4594082619433,80.1420627938912,83.59290235711,73.6472648484254,80.3300681925041,100.530547223081,119.649320071102,92.9889410052366,83.5073231034014,122.343219080662,58.9435984533226,66.0741244937576,106.416988775217,104.485193619701,67.1476141214974,112.626634508373,91.1356167199091,70.1694659364263,95.5514194833474,87.0151892715338,76.9133323673904,142.43110690539,101.411217415101,44.9840209347733,74.8282171966885,75.9362849844729
88.3763957016172,90.6773576618227,107.533006197847,59.1817662356741,74.4594082619433,80.1375778962571,83.59290235711,73.6472648484254,80.3278559114633,100.530547223081,119.649318495068,92.9889409281913,83.5073231034014,122.343219078869,58.9435984533226,66.0741241018342,106.416794788857,104.485135399317,67.1476140634991,112.626629878048,91.1356163785821,70.1694659364263,95.5514194833474,87.0151117387369,76.9128086401994,142.431106905389,101.411217415062,44.984020934772,74.8282171966885,75.9362849844729
88.3758473505516,90.6773576617926,107.533006197847,59.083734918626,74.4594082619433,80.1372033874286,83.59290235711,73.6472648484254,80.3278558999448,100.530547223081,119.649318494844,92.9889409281903,83.5073231034013,122.343219078869,58.9435984533226,66.0741241017946,106.416794781783,104.485135317207,67.1476140634956,112.626629876711,91.1356163785049,70.1694659364263,95.5514194833474,87.0151117386696,76.912806271172,142.431106905389,101.411217415018,44.984020934772,74.8282171966885,75.9362849844729
88.375841968143,90.6773576617926,107.533006197847,59.0837341427386,74.4594082619433,80.1371715563317,83.59290235711,73.6472648484254,80.3278558999448,100.530547223081,119.649318494844,92.9886944201972,83.5073231034013,122.343215108835,58.9435984533226,66.0741241017946,106.416794781783,104.48513531706,67.1476140634956,112.62662987671,91.1356163785049,70.1694659364263,95.5514194833474,87.0151117386008,76.9128062618323,142.431106905389,101.411217414972,44.984020934772,74.8282171966885,75.9362849844729
88.3758419638792,90.6773576617916,107.533006197847,59.0837341427381,74.4594082619433,80.1371687096396,83.59290235711,73.6472648484254,80.3278558999448,100.530547223081,119.649318494844,92.9886941727336,83.5073231034013,122.343215107022,58.9435984533226,66.0741241017945,106.416794781783,104.48513531706,67.1476140634956,112.62662987671,91.1356163785046,70.1694659364263,95.5514194833474,87.0151117385317,76.9128062617567,142.431106905389,101.411217414926,44.984020934772,74.8282171966885,75.9362849844729
88.3758419638785,90.6652616059118,107.533006197847,59.083734142738,74.4594082619433,80.1371684601363,83.59290235711,73.6472648484254,80.3278558999448,100.530547223081,119.649318494844,92.9886941727332,83.5073231034013,122.343209859314,58.9435984533226,66.0699731799689,106.416794781783,104.48513531706,67.147614063494,112.62662987671,91.1338372101726,70.1694659364263,95.5514194833474,87.0151117384673,76.9128062617567,142.431106905389,101.41121741488,44.9840209345992,74.8282171966883,75.9362849844729
88.3758419638785,90.6649495239425,107.533006197847,59.0837341427377,74.4594082619433,80.1371684398148,83.59290235711,73.6472648484254,80.3278558902466,100.530547223081,119.649318494842,92.9886941727332,83.5073231034013,122.343208166527,58.9435984533226,66.0699731774246,106.416794781783,104.484028397617,67.1403275110046,112.62662987671,91.1338371267506,70.1694659364263,95.5514194833474,87.0151117384013,76.9128062617567,142.431106905389,101.411217414837,44.9840209344069,74.8282171966883,75.9362849844729
88.375816953666,90.6649468902804,107.533006197847,59.0829744150413,74.4594082619433,80.1371684384936,83.59290235711,73.6472648484254,80.3278558902466,100.530547223081,113.378678754675,92.9886893264314,83.5073231034013,122.343208166257,58.9435984533226,66.0699731774243,106.416794781783,104.483671287142,67.1403271889917,112.608119537745,91.1338371267426,70.1694659364263,95.5514194833474,87.0151117383351,76.9128062617567,142.431106905389,101.411217414798,44.9840209344047,74.8282171966883,75.9362849844729
88.3758158554523,90.6649468894598,107.533006197847,59.0829744149581,74.4594082619433,80.137168438356,83.59290235711,73.6472648484253,80.3278558902466,100.530547223081,113.354626095461,92.9886893260378,83.5073231034013,122.343208166257,58.9435984533226,66.0658901794936,106.416794781783,104.483667574653,67.1403271889817,112.607701052846,91.133837126742,70.1694659364263,95.5514194833474,87.015111738271,76.9128062617567,142.431106905389,101.411217414757,44.9840209343794,74.8282171966883,75.9362849844729
