930.786514142721,1229.14071386954,898.733651222775,1080.75644370351,616.499558771301,413.210860903841,537.622497570698,1004.11886404301,967.615168828217,1260.53580660361,557.319999747036,1170.52247856044,980.306005977216,649.870439454447,926.970778709173,875.618539523753,1127.50363753417,978.420443713099,820.919029328734,550.687528206757,552.483028694965,1437.15183074222,760.325749814461,705.885537649497,960.989335896164,454.909317920625,1334.51407163461,1624.66438762906,1131.28166627925,739.588541219956
905.590739263027,1221.09642154221,893.930121923057,1071.14423003865,588.166316660785,395.77036463891,531.567403318859,995.465045265491,926.803140658949,1245.8402097858,539.357982626251,1161.95595748903,978.854840886369,641.130331201903,921.948241405807,363.600205824554,1118.62947735637,973.599099918757,817.243342740923,526.451928295069,531.996236280797,1390.7433241898,751.450264587413,688.163343672592,953.03023918226,448.150846933293,1310.30193702353,1608.33730300237,1115.40225170894,732.451329717919
877.203517128307,1208.76150702726,888.411519253875,1069.11120313053,580.351726637897,389.911364446721,529.152688510466,992.711541001611,914.420035100893,1234.7214534775,532.412623977948,1150.78003485462,978.718817143669,638.61609302561,917.179466234512,113.969443168614,1109.49838331777,971.033995680151,814.132105891395,522.816342071058,521.807637454848,1383.38336013241,746.915410388775,684.827963936021,943.676056296464,447.2692976872,1299.39534619815,1597.67080360891,1113.73001961318,730.628690587805
871.975316298123,1207.4763642276,886.513566496814,1068.49687741126,576.395711735135,387.300696166024,528.630098782852,992.449015317045,912.647296807363,1233.79538533622,532.012929436907,1144.662069884,978.671591985694,638.264940123361,915.706920206666,90.0961876145728,1101.08846529766,970.884891664746,813.135262920439,521.620281172826,515.1490223136,1382.16531501812,745.954972079171,684.102690217263,934.113502398655,446.803039075914,1293.25313693549,1595.95955728704,1112.81310497426,730.236995423394
871.500766288731,1207.45666089492,886.343877207123,1068.46005685378,576.194586346165,387.149797110224,528.601161489229,992.442277867266,912.620482604969,1233.74149423527,532.008802495289,1144.33470907222,978.669467702656,638.253056412121,915.691636822941,57.7867174464684,1101.02002501666,970.873212961178,813.085133946981,521.425091269253,514.634073503407,1382.13700351281,745.9337487391,684.071881794595,933.715558266927,446.797405500839,1293.01928560249,1595.86234338224,1112.78204963794,730.212972701655
871.491100636855,1207.45646918384,886.343278249294,1068.45991630617,576.194065165487,387.146485610132,528.599963557226,992.442222183301,912.62039373347,1233.74085167238,532.008782209346,1144.33311523277,978.669455680788,638.253034781851,915.69151534213,35.3455151843298,1101.01954752457,970.873070448805,813.085010020659,521.419942072893,514.620357074564,1382.13696320272,745.933700765823,684.071540386311,933.708083997384,446.797353768558,1293.01029329618,1595.86149330727,1112.7819520865,730.212646557075
871.491097448633,1207.4564686072,886.343278168257,1068.45991606063,576.194063802043,387.146485567742,528.599963522455,992.44222202229,912.620393719939,1233.74084922594,532.008782123374,1144.33311468334,978.669455673959,638.253034772089,915.691515303907,35.1874606563525,1101.01954655335,970.873070304418,813.085009728404,521.419941860092,514.620344832278,1382.13696318939,745.933700696371,684.071539183013,933.708038847181,446.797353749123,1293.01028135687,1595.86149324401,1112.78195203079,730.212645842658
871.491097448627,1207.4564686072,886.343278168256,1068.45991606058,576.194063802022,387.146485567741,528.599963522455,992.442222022289,912.620393719936,1233.74084922585,532.008782123373,1144.33311468332,978.669455673959,638.253034772089,915.691515303906,35.1874558284539,1101.01954655333,970.873070303245,813.085009728392,521.419941860091,514.620344832244,1382.13696318939,745.933700696371,684.071539183011,933.708038847097,446.797353749114,1293.01028135576,1595.86149324401,1112.78195203079,730.212645842655
871.491097448627,1207.4564686072,886.343278168256,1068.45991606058,576.194063802022,387.146485567741,528.599963522455,992.442222022288,912.620393719936,1233.74084922585,532.008782123373,1144.33311468332,978.669455673959,638.253034772089,915.691515303906,35.1874558284537,1101.01954655333,970.873070303245,813.085009728392,521.419941860091,514.620344832244,1382.13696318939,745.933700696371,684.071539183011,933.708038847097,446.797353749114,1293.01028135576,1595.86149324401,1112.78195203079,730.212645842655
871.491097448627,1207.4564686072,886.343278168256,1068.45991606058,576.194063802022,387.146485567741,528.599963522455,992.442222022288,912.620393719936,1233.74084922585,532.008782123373,1144.33311468332,978.669455673959,638.253034772089,915.691515303906,35.1874558284537,1101.01954655333,970.873070303245,813.085009728392,521.419941860091,514.620344832244,1382.13696318939,745.933700696371,684.071539183011,933.708038847097,446.797353749114,1293.01028135576,1595.86149324401,1112.78195203079,730.212645842655
871.491097448627,1207.4564686072,886.343278168256,1068.45991606058,576.194063802022,387.146485567741,528.599963522455,992.442222022288,912.620393719936,1233.74084922585,532.008782123373,1144.33311468332,978.669455673959,638.253034772089,915.691515303906,35.1874558284537,1101.01954655333,970.873070303245,813.085009728392,521.419941860091,514.620344832244,1382.13696318939,745.933700696371,684.071539183011,933.708038847097,446.797353749114,1293.01028135576,1595.86149324401,1112.78195203079,730.212645842655
871.491097448627,1207.4564686072,886.343278168256,1068.45991606058,576.194063802022,387.146485567741,528.599963522455,992.442222022288,912.620393719936,1233.74084922585,532.008782123373,1144.33311468332,978.669455673959,638.253034772088,915.691515303906,35.1874558284537,1101.01954655333,970.873070303245,813.085009728392,521.419941860091,514.620344832244,1382.13696318939,745.933700696371,684.071539183011,933.708038847097,446.797353749114,1293.01028135576,1595.86149324401,1112.78195203079,730.212645842654
871.491097448627,1207.4564686072,886.343278168256,1068.45991606058,576.194063802022,387.146485567741,528.599963522455,992.442222022288,912.620393719936,1233.74084922585,532.008782123373,1144.33311468332,978.669455673959,638.253034772088,915.691515303906,35.1874558284537,1101.01954655333,970.873070303245,813.085009728392,521.419941860091,514.620344832244,1382.13696318939,745.933700696371,684.071539183011,933.708038847097,446.797353749114,1293.01028135576,1595.86149324401,1112.78195203079,730.212645842654
871.491097448627,1207.4564686072,886.343278168256,1068.45991606058,576.194063802022,387.146485567741,528.599963522455,992.442222022288,912.620393719936,1233.74084922585,532.008782123373,1144.33311468332,978.669455673959,638.253034772088,915.691515303906,35.1874558284537,1101.01954655333,970.873070303245,813.085009728392,521.419941860091,514.620344832244,1382.13696318939,745.933700696371,684.071539183011,933.708038847097,446.797353749114,1293.01028135576,1595.86149324401,1112.78195203079,730.212645842654
871.491097448627,1207.4564686072,886.343278168256,1068.45991606058,576.194063802022,387.146485567741,528.599963522455,992.442222022288,912.620393719936,1233.74084922585,532.008782123373,1144.33311468332,978.669455673959,638.253034772088,915.691515303906,35.1874558284537,1101.01954655333,970.873070303245,813.085009728392,521.419941860091,514.620344832244,1382.13696318939,745.933700696371,684.071539183011,933.708038847097,446.797353749114,1293.01028135576,1595.86149324401,1112.78195203079,730.212645842654
871.491097448627,1207.4564686072,886.343278168256,1068.45991606058,576.194063802022,387.146485567741,528.599963522455,992.442222022288,912.620393719936,1233.74084922585,532.008782123373,1144.33311468332,978.669455673959,638.253034772088,915.691515303906,35.1874558284537,1101.01954655333,970.873070303245,813.085009728392,521.419941860091,514.620344832244,1382.13696318939,745.933700696371,684.071539183011,933.708038847097,446.797353749114,1293.01028135576,1595.86149324401,1112.78195203079,730.212645842654
