871.491100636855,1207.45646918384,886.343278249294,1068.45991630617,576.194065165487,387.146485610132,528.599963557226,992.442222183301,912.62039373347,1233.74085167238,532.008782209346,1144.33311523277,978.669455680788,638.253034781851,915.69151534213,35.3455151843298,1101.01954752457,970.873070448805,813.085010020659,521.419942072893,514.620357074564,1382.13696320272,745.933700765823,684.071540386311,933.708083997384,446.797353768558,1293.01029329618,1595.86149330727,1112.7819520865,730.212646557075
871.491097448627,1207.4564686072,886.343278168256,1068.45991606058,576.194063802022,387.146485567741,528.599963522455,992.442222022289,912.620393719936,1233.74084922585,532.008782123373,1144.33311468332,978.669455673959,638.253034772089,915.691515303906,35.1874558292172,1101.01954655333,970.873070303251,813.085009728392,521.419941860091,514.620344832244,1382.13696318939,745.933700696371,684.071539183011,933.708038847097,446.797353749115,1293.01028135576,1595.86149324401,1112.78195203079,730.212645842655
871.491097448627,1207.4564686072,886.343278168256,1068.45991606058,576.194063802022,387.146485567741,528.599963522455,992.442222022289,912.620393719936,1233.74084922585,532.008782123373,1144.33311468332,978.669455673959,638.253034772089,915.691515303906,35.1874558284537,1101.01954655333,970.873070303245,813.085009728392,521.419941860091,514.620344832244,1382.13696318939,745.933700696371,684.071539183011,933.708038847097,446.797353749114,1293.01028135576,1595.86149324401,1112.78195203079,730.212645842655
871.491097448627,1207.4564686072,886.343278168256,1068.45991606058,576.194063802022,387.146485567741,528.599963522455,992.442222022288,912.620393719936,1233.74084922585,532.008782123373,1144.33311468332,978.669455673959,638.253034772089,915.691515303906,35.1874558284537,1101.01954655333,970.873070303245,813.085009728392,521.419941860091,514.620344832244,1382.13696318939,745.933700696371,684.071539183011,933.708038847097,446.797353749114,1293.01028135576,1595.86149324401,1112.78195203079,730.212645842655
871.491097448627,1207.4564686072,886.343278168256,1068.45991606058,576.194063802022,387.146485567741,528.599963522455,992.442222022288,912.620393719936,1233.74084922585,532.008782123373,1144.33311468332,978.669455673959,638.253034772089,915.691515303906,35.1874558284537,1101.01954655333,970.873070303245,813.085009728392,521.419941860091,514.620344832244,1382.13696318939,745.933700696371,684.071539183011,933.708038847097,446.797353749114,1293.01028135576,1595.86149324401,1112.78195203079,730.212645842655
871.491097448627,1207.4564686072,886.343278168256,1068.45991606058,576.194063802022,387.146485567741,528.599963522455,992.442222022288,912.620393719936,1233.74084922585,532.008782123373,1144.33311468332,978.669455673959,638.253034772088,915.691515303906,35.1874558284537,1101.01954655333,970.873070303245,813.085009728392,521.419941860091,514.620344832244,1382.13696318939,745.933700696371,684.071539183011,933.708038847097,446.797353749114,1293.01028135576,1595.86149324401,1112.78195203079,730.212645842654
871.491097448627,1207.4564686072,886.343278168256,1068.45991606058,576.194063802022,387.146485567741,528.599963522455,992.442222022288,912.620393719936,1233.74084922585,532.008782123373,1144.33311468332,978.669455673959,638.253034772088,915.691515303906,35.1874558284537,1101.01954655333,970.873070303245,813.085009728392,521.419941860091,514.620344832244,1382.13696318939,745.933700696371,684.071539183011,933.708038847097,446.797353749114,1293.01028135576,1595.86149324401,1112.78195203079,730.212645842654
871.491097448627,1207.4564686072,886.343278168256,1068.45991606058,576.194063802022,387.146485567741,528.599963522455,992.442222022288,912.620393719936,1233.74084922585,532.008782123373,1144.33311468332,978.669455673959,638.253034772088,915.691515303906,35.1874558284537,1101.01954655333,970.873070303245,813.085009728392,521.419941860091,514.620344832244,1382.13696318939,745.933700696371,684.071539183011,933.708038847097,446.797353749114,1293.01028135576,1595.86149324401,1112.78195203079,730.212645842654
871.491097448627,1207.4564686072,886.343278168256,1068.45991606058,576.194063802022,387.146485567741,528.599963522455,992.442222022288,912.620393719936,1233.74084922585,532.008782123373,1144.33311468332,978.669455673959,638.253034772088,915.691515303906,35.1874558284537,1101.01954655333,970.873070303245,813.085009728392,521.419941860091,514.620344832244,1382.13696318939,745.933700696371,684.071539183011,933.708038847097,446.797353749114,1293.01028135576,1595.86149324401,1112.78195203079,730.212645842654
871.491097448627,1207.4564686072,886.343278168256,1068.45991606058,576.194063802022,387.146485567741,528.599963522455,992.442222022288,912.620393719936,1233.74084922585,532.008782123373,1144.33311468332,978.669455673959,638.253034772088,915.691515303906,35.1874558284537,1101.01954655333,970.873070303245,813.085009728392,521.419941860091,514.620344832244,1382.13696318939,745.933700696371,684.071539183011,933.708038847097,446.797353749114,1293.01028135576,1595.86149324401,1112.78195203079,730.212645842654
871.491097448627,1207.4564686072,886.343278168256,1068.45991606058,576.194063802022,387.146485567741,528.599963522455,992.442222022288,912.620393719936,1233.74084922585,532.008782123373,1144.33311468332,978.669455673959,638.253034772088,915.691515303906,35.1874558284537,1101.01954655333,970.873070303245,813.085009728392,521.419941860091,514.620344832244,1382.13696318939,745.933700696371,684.071539183011,933.708038847097,446.797353749114,1293.01028135576,1595.86149324401,1112.78195203079,730.212645842654
871.491097448627,1207.4564686072,886.343278168256,1068.45991606058,576.194063802022,387.146485567741,528.599963522455,992.442222022288,912.620393719936,1233.74084922585,532.008782123373,1144.33311468332,978.669455673959,638.253034772088,915.691515303906,35.1874558284537,1101.01954655333,970.873070303245,813.085009728392,521.419941860091,514.620344832244,1382.13696318939,745.933700696371,684.071539183011,933.708038847097,446.797353749114,1293.01028135576,1595.86149324401,1112.78195203079,730.212645842654
871.491097448627,1207.4564686072,886.343278168256,1068.45991606058,576.194063802022,387.146485567741,528.599963522455,992.442222022288,912.620393719936,1233.74084922585,532.008782123373,1144.33311468332,978.669455673959,638.253034772088,915.691515303906,35.1874558284537,1101.01954655333,970.873070303245,813.085009728392,521.419941860091,514.620344832244,1382.13696318939,745.933700696371,684.071539183011,933.708038847097,446.797353749114,1293.01028135576,1595.86149324401,1112.78195203079,730.212645842654
871.491097448627,1207.4564686072,886.343278168256,1068.45991606058,576.194063802022,387.146485567741,528.599963522455,992.442222022288,912.620393719936,1233.74084922585,532.008782123373,1144.33311468332,978.669455673959,638.253034772088,915.691515303906,35.1874558284537,1101.01954655333,970.873070303245,813.085009728392,521.419941860091,514.620344832244,1382.13696318939,745.933700696371,684.071539183011,933.708038847097,446.797353749114,1293.01028135576,1595.86149324401,1112.78195203079,730.212645842654
