146.626318772753,267.217328403568,206.532307244449,159.001401726773,198.935944705428,75.0991592663999,183.337333302907,287.523210891619,175.284169769674,154.486186118234,191.88750264634,146.093535608961,251.257649812311,259.413251096872,154.868665997338,241.104454674746,202.579461134968,168.087407895603,162.65293716441,172.208112503046,266.508124471521,119.438427629994,250.514007770566,127.506908962021,190.757773367965,118.176248617735,126.695690820831,303.326281738953,190.47354257872,142.336752983701
136.918300499079,257.778433983287,199.016270893391,146.483144452239,193.949364947457,61.397866933047,171.543147131317,262.180443849526,157.448047570173,111.779391334812,177.84395570595,136.258520738067,237.263134245193,233.100439002749,128.544861448568,237.217935810992,185.399274049786,160.616437181098,136.193180375165,162.743726868265,262.733483238755,106.387923798602,195.677842485174,111.610184137887,168.80083563956,93.7861763108538,110.192352770591,275.275610793615,146.883816317143,130.150584869368
117.688987806457,244.047109448534,188.506536781724,140.169423225256,171.854364868934,56.9428723651564,152.194797391006,219.810821891701,137.675112700617,106.953421529949,168.901633538466,135.449952752449,225.378614165595,227.853874278822,121.189438122404,234.274996544112,179.410317801987,149.994592573704,125.94959759411,154.466648248539,256.507899243555,99.4605018838887,179.210259496077,104.646474207952,155.569274079085,78.7137897529255,100.6502607345,268.177867375049,120.493989030058,118.683384317947
115.52085316499,238.320224932426,182.257553165436,135.577642797883,169.183955858379,55.9388149597789,139.450130751897,216.145509677185,126.079443275613,100.927942208189,167.335023205291,135.327067546796,219.004555984236,226.936789627194,120.414185341832,233.83555473403,161.187925302076,131.999181271097,123.418410346193,144.752355030945,248.821431079143,97.9933395066204,175.292446439943,101.824240444633,148.033084123826,77.6490903987678,97.5370372380775,265.98589145907,102.411869863571,96.7638355280452
115.414695966543,237.800774391699,182.077000733105,135.31785839624,169.140834782386,55.7192376787715,138.329479753695,215.906184623689,125.422720270461,100.498080907739,167.151652720361,135.312870456416,218.882175358657,226.838815951959,120.389082882346,233.806660096281,157.248155001352,130.340217151611,123.37290541624,144.294365524697,248.731398097815,97.5054754275927,175.109614537246,101.491512543308,147.891608443198,77.6060365096613,97.5053264996808,265.356604341243,100.513339547529,94.5737302597415
115.414325335081,237.78533136804,182.073846601565,135.313290160414,169.140651824791,55.7173389654247,138.298480435817,215.900965295855,125.360516827264,100.489954835338,167.150876655762,135.312822907103,218.881464030953,226.837713785094,120.38884331202,233.805678334707,157.200059535944,130.337534246179,123.372743452651,144.267064978018,248.729748133738,97.5051375759277,175.109140392734,101.484931729838,147.785336275988,77.6057348886693,97.5050992510165,265.195749595605,100.489737939776,94.5198351170452
115.414323441163,237.785298638334,182.07384409959,135.313256148549,169.140651369307,55.7173374699676,138.297861073759,215.900963189731,125.360514501954,100.489930657366,167.150855354673,135.31282287028,218.881463929498,226.837712783566,120.388843134434,233.805672180109,157.200044680035,130.337532841716,123.372743327223,144.266928462517,248.729726754855,97.5051349961693,175.10914022225,101.484930277867,147.707061904492,77.6057348168104,97.5050990870959,265.080253446836,100.489621165652,94.519830726025
115.414323440896,237.785298626885,182.073844099587,135.313256127791,169.14065136929,55.717337469946,138.297861070824,215.900963189731,125.36051450181,100.48993064423,167.15085535451,135.31282287028,218.881463929498,226.837712783553,120.38884313441,233.805672179605,157.200044679783,130.337532841705,123.37274332722,144.266928434748,248.729726754269,97.5051349960302,175.109140222246,101.484930277649,147.700508669625,77.6057348168021,97.5050990870948,265.035095595941,100.489621160238,94.519830725846
115.414323440896,237.785298626885,182.073844099587,135.313256127791,169.14065136929,55.717337469946,138.297861070824,215.900963189731,125.36051450181,100.48993064423,167.15085535451,135.31282287028,218.881463929498,226.837712783553,120.38884313441,233.805672179605,157.200044679783,130.337532841705,123.37274332722,144.266928434748,248.729726754269,97.5051349960302,175.109140222246,101.484930277649,147.699458574701,77.6057348168021,97.5050990870948,265.03058866495,100.489621160238,94.519830725846
115.414323440896,237.785298626885,182.073844099587,135.313256127791,169.14065136929,55.717337469946,138.297861070824,215.900963189731,125.36051450181,100.48993064423,167.15085535451,135.31282287028,218.881463929498,226.837712783553,120.38884313441,233.805672179605,157.200044679783,130.337532841705,123.37274332722,144.266928434748,248.729726754269,97.5051349960302,175.109140222246,101.484930277649,147.69945851492,77.6057348168021,97.5050990870948,265.030588454779,100.489621160238,94.519830725846
115.414323440896,237.785298626885,182.073844099587,135.313256127791,169.14065136929,55.717337469946,138.297861070824,215.900963189731,125.36051450181,100.48993064423,167.15085535451,135.31282287028,218.881463929498,226.837712783553,120.38884313441,233.805672179605,157.200044679783,130.337532841705,123.37274332722,144.266928434748,248.729726754269,97.5051349960302,175.109140222246,101.484930277649,147.699458421458,77.6057348168021,97.5050990870948,265.030588448999,100.489621160238,94.519830725846
115.414323440896,237.785298626885,182.073844099587,135.313256127791,169.14065136929,55.7173374699458,138.297861070824,215.900963189731,125.36051450181,100.48993064423,167.15085535451,135.31282287028,218.881463929498,226.837712783553,120.38884313441,233.805672179605,157.200044679783,130.337532841705,123.37274332722,144.266928434748,248.729726754269,97.5051349960302,175.109140222246,101.484930277649,147.699458421451,77.6057348168021,97.5050990870948,265.030588442952,100.489621160238,94.519830725846
115.414323440896,237.785298626885,182.073844099587,135.313256127791,169.14065136929,55.7173374699458,138.297861070824,215.900963189731,125.36051450181,100.48993064423,167.15085535451,135.31282287028,218.881463929498,226.837712783553,120.38884313441,233.805672179605,157.200044679783,130.337532841705,123.37274332722,144.266928434748,248.729726754269,97.5051349960302,175.109140222246,101.484930277649,147.699458421443,77.6057348168021,97.5050990870948,265.030588442944,100.489621160238,94.519830725846
115.414323440896,237.785298626885,182.073844099587,135.313256127791,169.14065136929,55.7173374699458,138.297861070824,215.900963189731,125.36051450181,100.48993064423,167.15085535451,135.31282287028,218.881463929498,226.837712783553,120.38884313441,233.805672179605,157.200044679783,130.337532841705,123.37274332722,144.266928434748,248.729726754269,97.5051349960302,175.109140222246,101.484930277649,147.699458421402,77.6057348168021,97.5050990870948,265.03058844288,100.489621160238,94.519830725846
115.414323440896,237.785298626885,182.073844099587,135.313256127791,169.14065136929,55.7173374699458,138.297861070824,215.900963189731,125.36051450181,100.48993064423,167.15085535451,135.31282287028,218.881463929498,226.837712783553,120.38884313441,233.805672179605,157.200044679783,130.337532841705,123.37274332722,144.266928434748,248.729726754269,97.5051349960302,175.109140222246,101.484930277649,147.699458421277,77.6057348168021,97.5050990870948,265.030588442748,100.489621160238,94.519830725846
115.414323440896,237.785298626885,182.073844099587,135.313256127791,169.14065136929,55.7173374699458,138.297861070824,215.900963189731,125.36051450181,100.48993064423,167.15085535451,135.31282287028,218.881463929498,226.837712783553,120.38884313441,233.805672179605,157.200044679783,130.337532841705,123.37274332722,144.266928434748,248.729726754269,97.5051349960302,175.109140222246,101.484930277649,147.699458421089,77.6057348168021,97.5050990870948,265.030588442546,100.489621160238,94.5198307258458
