171.000164269135,128.347722912495,183.06757616217,222.866930162138,176.105224060287,105.464391215913,302.459147985717,227.511844534968,204.95641603425,164.193506612532,135.31302596942,81.5858760471285,171.130269440036,293.499074605417,113.423931741732,138.297140202165,273.482374887386,90.5401515169671,167.151308812017,90.5399241488545,134.318235289968,89.5458245888757,120.388989268517,246.742249211294,217.131151326428,198.988497321231,340.268704242187,135.312714816719,91.5354313673158,129.343670995735
170.987853709661,128.347574151193,183.067556941144,222.866929579631,176.105224005497,105.464391211171,302.459141058565,227.503174992013,204.95641594747,164.191488043355,135.313025967086,81.5858760446733,171.130269408005,293.499074115051,113.423931492873,138.297140200149,273.463315291245,90.5401470521288,167.151308808735,90.5399185655371,134.318234623544,89.5458243217074,120.388985430531,246.742249210873,217.072256734417,198.988497057001,340.268672292053,135.312714808982,91.5354313054345,129.34315508862
170.987765395807,128.347574151193,183.067556941143,222.866929579631,176.105224005497,105.464391211171,302.459141058565,227.503140695456,204.95641594747,164.191483122667,135.313025967086,81.5858760446733,171.130269408005,293.499074115051,113.423931492873,138.297140200149,273.462882435523,90.5401470521288,167.151308808735,90.5399185655371,134.318234623544,89.5458243217074,120.388985430531,246.742249210873,217.068666054672,198.988497057001,340.268672292053,135.312714808982,91.5354313054345,129.34315508862
170.987758072864,128.347574151193,183.067556941143,222.866929579631,176.105224005497,105.464391211171,302.459141058565,227.503140619871,204.95641594747,164.191483006706,135.313025967086,81.5858760446732,171.130269408005,293.499074115051,113.423931492873,138.297140200149,273.462881704498,90.5401470521288,167.151308808735,90.5399185655371,134.318234623544,89.5458243217074,120.388985430531,246.742249210873,217.068664918633,198.988497057001,340.268672292053,135.312714808982,91.5354313054345,129.34315508862
170.987758072832,128.347574151193,183.067556941143,222.866929579631,176.105224005497,105.464391211171,302.459141058565,227.503140619836,204.95641594747,164.191483006706,135.313025967086,81.5858760446732,171.130269408005,293.499074115051,113.423931492873,138.297140200149,273.462881704498,90.5401470521288,167.151308808735,90.5399185655371,134.318234623544,89.5458243217074,120.388985430531,246.742249210873,217.068664902683,198.988497057001,340.268672292053,135.312714808982,91.5354313054345,129.34315508862
170.987758072767,128.347574151193,183.067556941143,222.866929579631,176.105224005497,105.464391211171,302.459141058565,227.503140619772,204.95641594747,164.191483006706,135.313025967086,81.5858760446732,171.130269408005,293.499074115051,113.423931492873,138.297140200149,273.462881704498,90.5401470521286,167.151308808735,90.5399185655371,134.318234623544,89.5458243217074,120.388985430531,246.742249210873,217.068664893888,198.988497057001,340.268672292053,135.312714808982,91.5354313054345,129.34315508862
170.987758072696,128.347574151193,183.067556941143,222.866929579631,176.105224005497,105.464391211171,302.459141058565,227.503140619723,204.95641594747,164.191483006706,135.313025967086,81.5858760446732,171.130269408005,293.499074115051,113.423931492873,138.297140200149,273.462881704498,90.5401470521286,167.151308808735,90.5399185655371,134.318234623544,89.5458243217074,120.388985430531,246.742249210873,217.068664893822,198.988497057001,340.268672292053,135.312714808982,91.5354313054345,129.34315508862
170.98775807263,128.347574151193,183.067556941143,222.866929579631,176.105224005497,105.464391211171,302.459141058565,227.503140619723,204.95641594747,164.191483006706,135.313025967086,81.5858760446732,171.130269408005,293.499074115051,113.423931492873,138.297140200149,273.462881704498,90.5401470521286,167.151308808735,90.5399185655371,134.318234623544,89.5458243217074,120.388985430531,246.742249210873,217.068664893762,198.988497057001,340.268672292053,135.312714808982,91.5354313054345,129.34315508862
170.987758072567,128.347574151193,183.067556941143,222.866929579631,176.105224005497,105.464391211171,302.459141058565,227.503140619723,204.95641594747,164.191483006706,135.313025967086,81.5858760446732,171.130269408005,293.499074115051,113.423931492873,138.297140200149,273.462881704498,90.5401470521286,167.151308808735,90.5399185655371,134.318234623544,89.5458243217074,120.388985430531,246.742249210873,217.068664893698,198.988497057001,340.268672292053,135.312714808982,91.5354313054345,129.34315508862
170.987758072505,128.347574151193,183.067556941143,222.866929579631,176.105224005497,105.464391211171,302.459141058565,227.503140619723,204.95641594747,164.191483006706,135.313025967086,81.5858760446732,171.130269408005,293.499074115051,113.423931492873,138.297140200149,273.462881704498,90.5401470521286,167.151308808735,90.5399185655371,134.318234623544,89.5458243217074,120.388985430531,246.742249210873,217.06866489364,198.988497057001,340.268672292053,135.312714808982,91.5354313054345,129.34315508862
170.987758072444,128.347574151193,183.067556941143,222.866929579631,176.105224005497,105.464391211171,302.459141058565,227.503140619723,204.95641594747,164.191483006706,135.313025967086,81.5858760446732,171.130269408005,293.499074115051,113.423931492873,138.297140200149,273.462881704498,90.5401470521286,167.151308808735,90.5399185655371,134.318234623544,89.5458243217074,120.388985430531,246.742249210873,217.068664893577,198.988497057001,340.268672292053,135.312714808982,91.5354313054345,129.34315508862
170.987758072383,128.347574151193,183.067556941143,222.866929579631,176.105224005497,105.464391211171,302.459141058565,227.503140619723,204.95641594747,164.191483006706,135.313025967086,81.5858760446732,171.130269408005,293.499074115051,113.423931492873,138.297140200149,273.462881704498,90.5401470521286,167.151308808735,90.5399185655371,134.318234623544,89.5458243217074,120.388985430531,246.742249210873,217.068664893514,198.988497057001,340.268672292053,135.312714808982,91.5354313054345,129.34315508862
170.987758072323,128.347574151193,183.067556941143,222.866929579631,176.105224005497,105.464391211171,302.459141058565,227.503140619723,204.95641594747,164.191483006706,135.313025967086,81.5858760446732,171.130269408005,293.499074115051,113.423931492873,138.297140200149,273.462881704498,90.5401470521286,167.151308808735,90.5399185655371,134.318234623544,89.5458243217074,120.388985430531,246.742249210873,217.068664893449,198.988497057001,340.268672292053,135.312714808982,91.5354313054345,129.34315508862
170.987758072258,128.347574151193,183.067556941143,222.866929579631,176.105224005497,105.464391211171,302.459141058565,227.503140619723,204.95641594747,164.191483006706,135.313025967086,81.5858760446732,171.130269408005,293.499074115051,113.423931492873,138.297140200149,273.462881704498,90.5401470521286,167.151308808735,90.5399185655371,134.318234623544,89.5458243217074,120.388985430531,246.742249210873,217.068664893381,198.988497057001,340.268672292053,135.312714808982,91.5354313054345,129.34315508862
