4955.92022575056,6443.9047966644,6707.32063644237,6093.02895494608,2699.72135810099,4395.5170560589,6924.30103757019,2116.71071585142,5902.65357802674,6897.90166261593,11243.1528373679,5155.3584077468,4515.65683324484,4672.03116233529,4395.1599749882,1811.73489479921,5418.93039200847,4159.79728582799,2590.21001682737,3072.07121579994,6294.95512374403,3793.94961020151,9657.62821770273,6012.32150110934,3867.04723477034,4852.26789867324,10491.1612612601,8640.45581962827,9761.62771140533,7664.34826557616
4744.1611329414,5752.09116031498,5715.24422084673,5157.07940119272,2592.16693624762,3864.87208021993,6272.75740936295,1945.17116447962,5065.12039893732,6546.90604215507,10424.9537082107,4828.49859858621,2695.45526759437,4300.84512862099,3148.17943066146,1677.00169757923,4593.10140922184,3649.45390890652,2197.65008933998,2410.84146300174,6159.8452215685,2210.89983503037,6668.43370496641,5081.56414908483,2973.06700901827,3814.49861851757,8711.05823053691,5649.41778116808,9264.72952075908,5421.76705514633
4318.56522429318,5456.84987152217,4941.90049979464,4855.99074457406,2527.78953735912,3580.399980575,4933.71139470012,1929.42130754865,3894.682438004,6280.49748101166,8897.20296495358,4202.5260991892,2293.59501508818,3317.89105806991,2912.80142629513,1614.33913049991,4017.23126678268,3391.11318130412,1930.47006051173,2255.44409206497,3785.62323196989,2044.00493011617,4308.87738385532,3973.32847008671,2831.09749928824,3510.46573036007,8225.96245400201,4142.24543098518,8492.66253088798,4152.69395513574
4269.23487561763,5411.34285172217,4393.49877192103,4670.81587185971,2335.96387549922,3513.96882236676,3747.84877841785,1920.46034598094,3831.08924690933,6131.53350640438,8571.15823624229,4031.40643648913,2240.78995671562,2896.41382544189,2795.41848117303,1540.36389199799,3737.67098667988,3339.8186170811,1856.07091675622,2246.89850668454,2970.1561131676,1955.77010318498,3734.50426250438,3326.26672482542,2669.92544485691,3442.94696742508,7749.67236142629,3276.38750856714,4582.24721231376,3931.98902775692
4200.47296814677,5367.8965641324,4151.19129587034,4086.42830630456,2258.39351056903,3430.79574535511,3638.2748053955,1916.96508447163,3805.54783293047,6104.85247082163,8416.02948686348,3885.42722426884,2229.94609710866,2863.44854327812,2769.17190273709,1512.18121950999,3733.04444434235,3333.81018211006,1852.43927943759,2239.27445260151,2872.4060489752,1950.49076493852,3562.01057419839,3145.50423043391,2639.96629015311,3438.41478771721,7679.30137372777,3148.16650858341,4510.29820990333,3912.82808207552
3990.91666781723,5273.80315250535,4053.74229443129,4065.10858856321,2247.28848816593,3338.43023975035,3629.25464935289,1909.45388518346,3802.63970578271,6097.06598423158,8358.44092678355,3858.54011513385,2229.49907395344,2856.73167052949,2751.80201866629,1486.36452385501,3711.61075812232,3329.80211263833,1844.06494276515,2237.5549969402,2749.98223661617,1941.27132433244,3518.13353150902,3059.54591779582,2634.6033067397,3438.35000353866,7667.11477385682,3131.37017686139,4484.99951130272,3912.70319344899
3879.83653353643,5248.88719499094,4052.35499476426,4064.70435358765,2214.41288268173,3335.60674066119,3621.20842241338,1892.42446128707,3802.63508324628,6091.06324867807,8340.39500446173,3857.99062263825,2229.48833845213,2852.35616313958,2751.05629604273,1470.75856855898,3701.12208944891,3329.2089394195,1835.58971932249,2237.55233601717,2715.05102391348,1940.44692827433,3513.72149689052,3037.22429877181,2627.25668217185,3438.34592961405,7666.60562490524,3130.87900644833,4464.62688492106,3912.69853562987
3879.61790383795,5190.98858021836,4003.45615733891,4063.83787805943,2207.37691829001,3335.03903398516,3620.92266308149,1882.3483229179,3802.60066215138,6075.68686474199,8333.78339101541,3854.94621940358,2229.23303397583,2852.29012554367,2751.05473997155,1466.42008507456,3700.45201467415,3329.10806633823,1835.42594334341,2237.5519760858,2601.75832435835,1940.426016941,3513.67428251328,3037.21234569535,2626.86891910848,3438.33714119537,7450.15349701468,3130.87877771198,4454.87819738998,3912.65127574778
3871.62397029605,5167.25132387715,4001.69147088989,4063.791100912,2207.14530167154,3335.01931591411,3619.72318559504,1881.62537982112,3802.50937538324,6073.74728364408,8332.8254789144,3854.70333238311,2227.66683453087,2852.29011969341,2751.05472689356,1465.32067609123,3700.40285712831,3328.67336563093,1835.39380610272,2237.55103446302,2598.33328626734,1940.42599237891,3513.58254854501,3037.21234531982,2626.82793687847,3438.32484281348,7429.14028478275,3130.87877771017,4454.78452458047,3912.4601038479
3871.6019528326,5167.00756989966,4001.690152111,4063.77808383054,2207.14502772242,3335.01929488874,3619.53151755307,1881.30501630434,3802.33930073917,6073.69317287327,8332.79870175482,3854.66481610274,2223.94817741384,2852.29011969341,2751.05472689342,1465.12134516909,3700.40285186221,3328.60522141693,1835.39366441311,2237.54703225935,2584.38850380642,1940.42599237879,3513.5819811172,3037.21234531982,2626.82791447375,3438.31811286253,7427.05619990477,3130.87877771017,4454.60407685449,3912.30592186303
3871.60184224235,5167.00752838678,4001.69015210588,4063.77745436154,2207.14444857148,3335.01929488873,3619.52178650696,1881.21996303444,3802.08612497054,6073.67221251026,8332.79860826004,3854.66480854601,2221.70435558833,2852.29011969341,2751.05472689342,1465.01534732494,3700.40285186219,3328.5979974515,1835.39366439669,2237.54160234458,2582.65660349812,1940.42599237879,3513.58190248698,3037.21234531982,2626.82791447186,3438.31362236209,7424.18797577743,3130.87877771017,4448.06874684635,3912.20027426059
3871.60181679645,5167.00752838677,4001.69015210588,4063.77745435324,2207.14416472281,3335.01929488873,3619.52172895932,1881.21995356702,3801.82390108781,5923.31994866653,8332.79860825443,3854.6646451359,2221.34324874905,2852.29011969341,2751.05472689342,1464.99070469345,3700.40285186219,3328.59740302532,1835.39366439669,2237.52944756577,2582.64694416098,1940.42599237879,3513.58190248113,3037.21234531982,2626.82791447186,3438.31223131394,7424.16477872473,3130.87877771017,4448.03840190014,3912.19257345782
3871.6018167887,5167.00752838677,4001.69015210588,4063.77745435322,2207.14409646759,3335.01929488873,3619.52170665792,1881.21995354661,3801.70297426539,5923.31985932758,8332.79860825442,3854.66435586413,2221.26543169084,2852.29011969341,2751.05472689342,1464.98939292389,3700.40285186219,3328.59737613012,1835.39366439669,2237.4896701258,2582.64218634991,1940.42599237879,3513.58190248113,3037.21234531982,2626.82791447186,3438.31212238601,7424.16477701607,3130.87877771017,4448.03807253857,3912.19252727091
3871.60181678861,5167.00752838677,4001.69015210588,4063.77745435322,2207.1440930937,3335.01929488873,3619.52170665792,1881.21995354661,3801.67659402297,5923.31948014458,8332.79860825442,3854.66393495722,2221.25090196907,2852.29011969341,2751.05472689342,1464.98939285198,3700.40285186219,3328.59737611074,1835.39366439669,2237.41734360984,2582.64196814063,1940.42599237879,3513.58190248113,3037.21234531982,2626.82791447186,3438.31212141411,7424.16477701607,3130.87877771017,4448.03804168245,3912.19252726819
3871.60181678861,5167.00752838677,4001.69015210588,4063.77745435322,2207.14409304439,3335.01929488873,3619.52170665792,1881.21995354661,3801.67310616131,5923.31948014438,8332.79860825442,3854.66349657658,2221.24740540002,2852.29011969341,2751.05472689342,1464.98691198403,3700.40285186219,3328.59737611074,1835.39366439669,2237.36533552109,2582.64196814063,1940.42599237879,3513.58190248113,3037.21234531982,2626.82791447186,3438.31212141306,7424.16477701607,3130.87877771017,4448.03804168245,3912.19252726819
3871.60181678861,5167.00752838677,4001.69015210588,4063.77745435322,2207.14409304434,3335.01929488873,3619.52170665792,1881.21995354661,3801.67296598627,5922.78686867835,8332.79860825442,3854.66323467452,2221.24677325333,2852.29011969341,2751.05472689342,1464.98690733365,3700.40285186219,3328.59737611072,1835.39366439669,2237.35231080719,2582.64196814063,1940.42599237879,3513.58190248113,3037.21234531982,2626.82791447186,3438.31212141306,7424.16477701607,3130.87877771017,4448.03804168245,3912.19156812553
