4461.17166363499,4278.36923440378,3493.43656339888,1694.82242004461,2331.73720860398,1656.11327635403,1506.9665579086,2431.95964135904,2273.08305781464,1775.05873297437,3294.46155830123,3886.65356061838,5181.25555001281,2116.32763025438,3253.30967376127,6202.17434954031,1140.87305821222,2802.2366193537,4313.82122724334,1476.48706176951,2810.64410241163,3263.57195164424,5721.14380908,2741.82778693869,4803.36720212387,3126.26189756236,3217.04418739012,1491.93337530471,3910.53758265209,1780.90252437019
4124.61873856499,4266.91271582468,3492.59374205201,1672.39383219925,2286.33532972706,1653.63931018033,1506.96644891363,2429.81685799496,2273.01436565885,1765.83969872341,3286.18076034119,3886.65337793072,5057.30663165736,2094.00305793561,3120.26075287189,6193.69624245306,1125.46912233199,2802.21737218106,4275.33555548338,1475.9983629458,2805.43207347312,3263.03051707339,5720.29122641219,2737.80294589016,4790.6603985526,3125.16103516385,3205.06286059932,1476.90171526899,3872.51335887569,1770.80470518605
4122.74427988461,4258.96005707006,3492.5920502498,1671.88453392014,2285.92799552765,1653.28530344313,1506.96644891362,2429.67206410365,2273.01436565868,1765.40049681253,3285.98706656104,3886.65337793071,5054.91066180522,2093.9328291262,3119.56407767136,6190.90325121016,1125.18532980989,2802.21737218104,4265.92181592548,1475.91866635585,2805.40949872729,3263.02921643108,5720.29119345651,2735.58027510283,4781.43992240805,3125.16103516263,3204.94665839019,1471.89339073912,3872.51069721918,1770.63053134077
4122.51174325785,4258.51079530465,3492.59204901125,1671.86935214775,2285.92722438978,1653.22313669182,1506.96644891362,2429.0549824855,2273.01436565844,1753.82849896391,3285.80387590551,3886.65337793071,5054.74249918334,2093.93269007069,3119.55824932397,6190.72485804418,1125.18175560229,2802.21737218104,4001.92840470741,1475.91315556347,2805.40890516788,3263.02921486615,5720.29119345475,2735.07147431107,4778.2604125326,3125.16103516263,3204.8707675832,1471.87081830903,3872.51069702446,1770.51058072561
4122.50839141804,4258.48146860188,3492.59204901125,1665.6521007991,2285.92722438861,1653.21204075452,1506.96644891362,2429.03368988356,2273.01436565732,1753.67614803122,3285.78715497871,3886.65337793071,5054.73175241662,2093.93269007067,3119.5582493234,6190.69683043466,1125.18174495692,2802.21737218104,4001.1507378428,1475.86544342158,2805.40890509739,3263.02921486615,5720.29119345475,2735.06168139613,4637.22937526858,3125.16103516263,3204.78631509729,1471.87081673793,3872.51069702446,1769.72788202134
4122.5083914177,4258.48145318767,3492.59204901125,1663.9235057434,2285.92722438861,1653.21030054077,1506.96644891362,2429.03368430784,2273.01436565551,1753.67614198751,3285.78704896588,3886.65337793071,5054.72786415119,2093.93269007067,3119.5582493234,6190.6968293597,1125.18174495692,2802.21737218104,4001.14627468643,1475.8598932303,2805.40890509739,3263.02921486615,5720.29119345475,2734.59142749732,4637.22608780026,3125.16103516263,3204.78431090885,1471.87081673793,3872.51069702446,1769.57424088482
4122.5083914177,4258.48145318761,3492.59204901125,1663.88127831723,2285.92722438861,1653.21023335486,1506.96644891362,2429.03368430784,2273.01436565417,1753.67614198751,3285.78704896588,3886.65337793071,5054.72786412678,2093.93269007067,3119.5582493234,6190.69682935773,1125.18174495692,2802.21737218104,4001.14627465181,1475.85980707087,2805.40890509739,3263.02921486615,5720.29119345475,2734.59142595896,4637.22608106543,3125.16103516263,3204.78430756554,1471.87081673793,3872.51069702446,1769.57261933849
4122.5083914177,4258.48145318761,3492.59204901125,1663.87293772385,2285.92722438861,1653.21023333699,1506.96644891362,2429.0336368788,2273.01436565294,1753.67614198751,3285.78607752202,3886.65337793071,5054.72779305904,2093.93269007067,3119.5582493234,6190.69682935773,1125.18174495692,2802.21737218104,4001.14627463788,1475.85980595504,2805.40890509739,3263.02921486614,5720.29119345475,2734.59142595896,4637.22405274831,3125.16103516263,3204.78430755626,1471.87081673793,3872.51069702446,1769.57258895584
4122.5083914177,4258.48145318761,3492.59204901125,1663.87097163971,2285.92722438861,1653.21023333699,1506.96644891362,2429.03363687864,2273.01436565147,1753.67614198751,3285.78607752201,3886.65337793071,5054.72750341646,2093.93269007067,3119.5582493234,6190.69682935773,1125.18174495692,2802.21737218104,3999.7628562165,1475.85980591909,2805.40890509739,3263.02921486614,5720.29119345475,2733.84019436028,4637.22405273412,3125.16103516263,3204.78430755625,1471.87081673793,3872.51069702446,1769.57258797916
4122.5083914177,4258.48145318761,3492.59204901125,1663.87017421267,2285.92722438861,1653.21021389342,1506.96644891362,2429.03362987136,2273.01436564965,1753.67614198751,3285.78550956581,3886.65337793071,5054.72750341627,2093.93269007067,3119.5582493234,6190.69682935773,1125.18174495692,2802.21737218104,3999.74923538881,1475.85980591838,2805.40890509739,3263.02921486614,5720.29119345475,2733.84019257271,4637.22381606674,3125.16103516263,3204.78430755625,1471.87081673793,3872.51069702446,1769.57258796268
4122.5083914177,4258.48145318761,3492.59204901125,1663.86985784339,2285.92722438861,1653.21021383489,1506.96644891362,2429.0336296718,2273.01436564773,1753.67614198751,3285.78550956575,3886.65337793071,5054.67348667805,2093.93269007067,3119.5582493234,6190.69682935773,1125.18174495692,2802.21737218104,3999.74922849901,1475.85980591837,2805.40890509739,3263.02921486614,5720.29119345475,2733.84019257271,4637.22381606659,3125.16103516263,3204.78430755625,1471.87081673793,3872.51069702446,1769.57258796256
4122.5083914177,4258.48145318761,3492.59204901125,1663.86971444094,2285.92722438861,1653.21021184436,1506.96644891362,2429.0336279642,2273.01436564584,1753.67614198751,3285.78548032138,3886.65337793071,5054.24037715286,2093.93269007067,3119.5582493234,6190.69682935773,1125.18174495692,2802.21737218104,3999.74922848803,1475.85980591837,2805.40890509739,3263.02921486614,5720.29119345475,2733.84019257271,4637.22233342228,3125.16103516263,3204.78430755625,1471.87081673793,3872.51069702446,1769.57258796256
4122.5083914177,4258.48145318761,3492.59204901125,1663.86963997119,2285.92722438861,1653.21021141544,1506.96644891362,2429.03362790122,2273.01436564405,1753.67614198751,3285.78503377218,3886.65337793071,5054.23798323818,2093.93269007067,3119.5582493234,6190.69682935773,1125.18174495692,2802.21737218104,3999.74922848803,1475.85980591837,2805.40890509739,3263.02921486614,5720.29119345475,2733.84019257271,4637.22233340884,3125.16103516263,3204.78430755625,1471.87081673793,3872.51069702446,1769.57258796256
4122.5083914177,4258.48145318761,3492.59204901125,1663.86960184221,2285.92722438861,1653.21021141544,1506.96644891362,2429.0336274939,2273.01436564254,1753.67614198751,3285.78449574922,3886.65337793071,5054.23795703954,2093.93269007067,3119.5582493234,6190.69682935773,1125.18174495692,2802.21737218104,3999.74922848803,1475.85980591837,2805.40890509739,3263.02921486614,5720.29119345475,2733.52425157206,4637.22233340816,3125.16103516263,3204.78430755434,1471.87081673793,3872.51069702446,1769.57258796256
