136926848.87871,206815.506588243,206966525.225162,130809875.896573,4648917.68570201,960617.765484334,4413896920.88166,72629.8068995661,469951.284533575,36546447.0338123,58808.1334596257,402247.992765885,3256960003.64781,3773024.22900018,4059732.70296513,2296401.02810453,595810.738572512,636727.741229073,1834069935.04723,24205086.8758288,2356130.78245651,875833397.744178,672237716.348971,1501390.68325542,1349211.14674166,80520.9037792747,19146090.6511301,13328488.6493725,545851.810952342,2010337.13827826
3764.14566409011,5212.91222957296,4081.77368219017,1814.49996635169,2939.68909573742,1215.53846016356,45000.6859857184,8502.42815080482,4202.21934897659,1962.88404235418,6178.95809934058,1161.3067790242,6114709.63017093,2708.285923189,975.599428787809,4486.31269981155,4293.7656334469,983.583792657611,9156.77517969432,5288.17205237838,318.249088638864,6131.83727074625,1328960.85317245,1710.19620617241,4940.60392023666,2157.71108928397,624.759344017056,6771.374912867,1089.30364410982,77.1984498249279
3756.69486823315,5212.23457277071,4075.05316455499,1793.44286502748,2938.97557286262,1215.33089473995,6333.21077434504,8500.59434675853,4201.44093427426,1954.89402580279,6177.69118150025,1161.11095150184,5295.5020688042,2707.63694943548,975.166956890225,4485.52466163733,4292.92542422073,983.361360055622,1074.06968522853,5283.64074886252,318.031282672934,4598.05472245043,7170.82177829853,1709.54625651539,4939.64457392825,2157.31454296912,624.171185635448,6769.72770655436,1088.90407624149,77.0329172465442
3754.93618333219,5209.8199975581,4073.32648319654,1792.52531372207,2937.53332993583,1214.69715246712,6330.78192811627,8496.92017762807,4199.41063657334,1953.97415419738,6174.68653755821,1160.56225921774,5280.7495185662,2706.37275998435,974.713135638885,4483.35075430207,4291.05734898287,982.851152373574,1073.59336086578,5281.17864304845,317.868766762359,4596.06744291748,7167.70246363723,1708.57712184228,4937.55104869905,2156.33818860082,623.884385830695,6766.18993687541,1088.37621745173,76.9968613674077
3750.47519016821,5204.18422097319,4068.47683325084,1790.72923130822,2934.11528167418,1213.32038449158,6323.66577635284,8486.11735916896,4195.08653765487,1951.69804412865,6167.93385383668,1159.17114946583,5274.83978132828,2703.60164597345,973.57860402298,4477.75660089684,4285.95326916136,981.593380944933,1072.33775685453,5275.43552916935,317.483991862416,4590.48288498169,7159.40074101152,1706.52639977589,4931.99629965667,2153.90478961014,623.153765533427,6757.82505856812,1087.12243937965,76.9032529555428
3741.81496130583,5192.47539485486,4058.90498776558,1786.62818988769,2927.16246243822,1210.57149995203,6308.12307577967,8465.80451718771,4185.17223670529,1946.87160590832,6153.66070290021,1156.32389314541,5261.9692919821,2697.06857107587,971.317755030536,4467.87036657099,4276.06066511598,979.452455047122,1069.75022621519,5263.65149960012,316.716148592785,4579.55719535789,7143.51644319665,1702.52594564617,4920.05251188582,2148.84262470906,621.790725871826,6741.21673976743,1084.33045392802,76.7142837580031
3732.89134990312,5180.26060597785,4049.16258499618,1782.54227418363,2920.45492539345,1207.75206977242,6293.57948363508,8444.45857191419,4174.64419960859,1942.41817741394,6139.51223378038,1153.58205431746,5249.71400565292,2690.33335556154,969.046895896967,4457.39564831246,4265.85231109558,977.229779245262,1067.29768593986,5252.2376192446,315.986776309408,4568.74998687866,7126.54982890114,1698.24809069584,4908.75789786726,2144.10894887887,620.337898207845,6725.39975004443,1081.63655470984,76.5341929102085
3723.40402762397,5168.08672434355,4039.93234532931,1778.29203125069,2913.62933634367,1204.88743558,6279.51194887085,8424.65055430107,4164.93177496836,1937.74970728346,6125.16162330766,1150.89661213874,5236.68899852392,2684.15043872711,966.863433392467,4447.2130038619,4255.1056028093,975.043656819836,1064.80266540661,5239.29661412312,315.250430740523,4558.12373746859,7108.95157927698,1694.26054305575,4897.01300304173,2138.99884185141,618.849264565176,6709.40542898839,1079.06764874875,76.3426183212557
3714.81890943873,5156.15931837281,4030.16699245319,1774.12564207743,2906.90936705011,1202.00032688898,6263.67150143827,8404.02493804127,4154.8603416298,1933.31874811259,6111.15004465446,1148.13514923735,5224.16784063626,2677.92675325631,964.624345652007,4436.57724350332,4245.24096648753,972.810870864547,1062.3125709456,5226.81687350123,314.531196130882,4547.87969510923,7092.09717014347,1690.19770464291,4885.52266034753,2133.90659870253,617.429820289166,6694.13389192081,1076.37793223083,76.1573898507534
3706.47190185472,5144.13263544956,4020.45474267236,1770.07219566267,2899.76885250146,1199.01861779345,6249.38565575156,8384.24216538699,4145.48703658093,1929.15599228055,6096.93282345135,1145.39098142521,5212.14963103048,2671.82977162742,962.293610050227,4426.12290760478,4235.51433871918,970.495584334906,1059.69032308982,5214.74179290705,313.781236357418,4537.50965846687,7075.05279933754,1686.26068491966,4873.56288709006,2128.73053146438,616.068917940271,6678.70622546645,1073.93351432758,75.98430082161
3697.55164212681,5132.31407997097,4011.18695316483,1765.87344738802,2892.72895607127,1196.07448342976,6235.06976593059,8365.1089894147,4134.97013616342,1924.29319419058,6081.96631731099,1142.55675619214,5199.79104609133,2665.60512928683,960.025819039234,4415.93967480644,4225.48383522043,968.255107906762,1057.27990510014,5202.90967896912,313.094656478637,4526.32734220985,7058.55312598262,1682.24838990009,4862.23361579363,2123.5049812335,614.516171124492,6663.75786600799,1071.42204132368,75.7948688946445
3689.6486108138,5119.76997201175,4001.44718057752,1761.73620495922,2886.11468994893,1193.29509452043,6220.16465285223,8344.15314343687,4126.14645735541,1919.95028009343,6068.15678892927,1139.68730687232,5187.67982429859,2659.68490442081,957.703763289713,4406.04120561271,4215.86792731406,965.924198745609,1054.77373822328,5190.58634594903,312.357718264413,4515.74729721979,7042.37186335498,1678.30610355881,4851.68194452909,2118.45414983658,613.108579221257,6648.77747254073,1068.86893184457,75.6125132992984
3681.65332164342,5107.67570222416,3992.29038629356,1757.41779165038,2879.30955801374,1190.41114883834,6204.97005745995,8324.68325196747,4116.40340493331,1915.46527695925,6053.99516021371,1137.04282172588,5175.55613820169,2653.35976845403,955.456755449241,4395.41631820493,4206.13405620707,963.472113150958,1052.13265697898,5177.98847890889,311.655130207391,4505.46172793621,7026.41867062081,1674.20252053008,4840.53236150108,2113.39923648982,611.748631744239,6632.10206108298,1066.45218162551,75.4214959031092
3672.99726434303,5095.76343248501,3983.09992527791,1753.5860245299,2872.53753133819,1187.45425481447,6189.77887947428,8304.30046383417,4107.53135476966,1910.85914187045,6040.07009115312,1134.33418106096,5163.85956586043,2647.2824726381,953.239242866746,4384.61935015855,4196.19507690927,961.164468809714,1049.62220612772,5165.35372530837,310.960890428608,4494.80731494838,7009.40914990085,1670.05820566512,4828.92328011492,2108.39269262667,610.253612145527,6616.14978810965,1063.92546120257,75.2454053467989
