48178047399.7996,38264823614.7548,139000460028.343,41752057476.5165,72748361880.0441,85614352484.245,122477848318.369,43851326785.6786,66504494347.2204,42134379028.9102,35462726052.7817,58977695231.2701,46184872273.082,50850251949.7818,45532713878.758,63907268542.2113,58104602860.0899,81084295175.4137,83086335295.7743,120127733338.33,51545047527.6132,67665863309.0583,60791947322.5951,41206057662.9655,55302806458.4688,55471256609.6292,68887486937.5188,39879530859.2914,104760840343.816,44998689891.3638
36494065283.0818,25126942454.7102,125304611200.551,28866299633.3984,55729886358.2858,79833538600.3402,102469037472.335,23139272838.7637,58685197988.1089,38063223672.3173,28048541069.0467,51650333333.4646,30978645690.9511,42870474902.5127,39161876830.7015,55610928252.4988,52561966152.657,65519876123.3407,67946817878.1768,105185478602.41,48108163313.785,49276731008.3873,22363368312.4107,31731207068.4499,45526004191.0046,47599402438.1855,59917021548.0723,26122942069.0894,92774013788.552,35154333908.158
16073493906.0152,7230439370.7989,63495403032.8867,15976870102.1632,16165816402.6239,45132805724.172,43741008126.8701,5540369633.7775,27324296161.5644,26670426486.298,11047787967.3139,21172554033.2788,19595043622.992,25069589563.6746,14516178682.5302,21704563577.1629,30852378476.7658,44508981893.5941,38063587055.3379,46586082724.0644,26513791421.671,31153978686.2278,17925268643.9603,16840017075.6896,10779489163.4328,8568010119.20489,28412424992.1939,9660954677.50733,39112636280.4797,14410628300.666
6846714425.24121,2419067678.81659,38674229353.2693,7930129687.47504,6321235050.75806,8464506841.98596,37478130667.1076,725632449.870317,3440890560.65639,7433329066.88487,828655175.083113,6260674067.57774,12803353293.0471,15292433273.0983,4760345637.20882,3632747468.75603,3100753253.44794,10318635699.7083,29921781292.075,14838366854.7574,13062204839.6032,22060538977.2298,14816674581.5781,8522184377.33907,4753254779.45875,1732868478.59773,12993983933.9821,4250312979.86232,10980605135.9474,2548570034.31498
1845618781.82444,28364941.6842068,9211913643.87864,2114979709.22431,522646710.078586,106295049.122769,28377377178.9536,20697269.1270433,100310363.293286,2022869164.50096,6605520.49039737,324041704.211159,6419819871.43101,1611818057.98029,765897887.572079,163336630.001827,71631739.2198707,253373277.5937,9589044177.13688,1222752902.10546,932497767.909352,5530097926.26182,8239972210.47617,224947965.870728,604704006.791487,12373428.5442447,603818900.061878,372483954.106143,980234466.803181,614687468.111457
136926848.87871,206815.506588243,206966525.225162,130809875.896573,4648917.68570201,960617.765484334,4413896920.88166,72629.8068995661,469951.284533575,36546447.0338123,58808.1334596257,402247.992765885,3256960003.64781,3773024.22900018,4059732.70296513,2296401.02810453,595810.738572512,636727.741229073,1834069935.04723,24205086.8758288,2356130.78245651,875833397.744178,672237716.348971,1501390.68325542,1349211.14674166,80520.9037792747,19146090.6511301,13328488.6493725,545851.810952342,2010337.13827826
13706.3758127978,5217.1676617884,7973.55105669706,24476.7519530687,3119.51074743909,1253.49064988407,8044160.33134849,8507.87831432405,4218.20936354443,6265.77034229877,6182.27900848248,1217.84167349458,200463251.391904,2908.44682532018,1390.09886826075,4676.01752372394,4340.65200267983,1069.87522285159,10196439.8874462,6877.6781008441,356.68226254626,1789246.39898838,33214051.576741,1947.74261219239,5028.53778179614,2160.03577169577,1777.42272586068,7234.18454637134,1262.48485358842,240.88741026439
3756.87961119805,5212.64620757336,4075.3625049125,1793.53803835538,2939.30829980776,1215.42356392674,6337.80716243451,8501.71689619251,4201.85524762266,1954.96052235955,6178.45457090062,1161.19764393756,22772.7406650831,2707.97460573489,975.270226097824,4486.00293267242,4293.46103765983,983.453824284618,1075.6961991848,5284.03336001282,318.059410257228,4598.47789406214,7329.97465284236,1709.69030701099,4940.05604740132,2157.55692204906,624.208207075569,6770.39688441328,1088.97784614267,77.0371738057935
3755.78392941,5211.06386712291,4074.04618645052,1793.00272754128,2938.26568830638,1215.01181524784,6332.25381704771,8498.6137074349,4200.38501675948,1954.47265071516,6176.1657343029,1160.84264912343,5281.92432877139,2707.0576490186,974.954129766023,4484.55253940783,4292.02899819484,983.128935806273,1073.87923806466,5282.40565079836,317.946198582933,4597.18653541512,7169.82186003833,1709.10193350264,4938.52516579056,2156.79973723183,624.058322222404,6768.03016155515,1088.61125050411,77.0160502360277
3753.88118339192,5208.26982157058,4072.30707360029,1792.10458224402,2936.63279081329,1214.26847102734,6329.10886331321,8494.02586591167,4198.29536582783,1953.39393395516,6173.05083843639,1160.1399773234,5279.11253536991,2705.5376189589,974.413882871308,4481.91368733483,4289.68374248258,982.495095593146,1073.23136954924,5279.84877286679,317.767345134166,4594.45019393723,7165.83316122658,1708.02047605047,4936.17304872009,2155.74506178375,623.667094017484,6763.67179086365,1088.11029885054,76.9751273865119
3750.47519016821,5204.18422097319,4068.47683325084,1790.72923130822,2934.11528167418,1213.32038449158,6323.66577635284,8486.11735916896,4195.08653765487,1951.69804412865,6167.93385383668,1159.17114946583,5274.83978132828,2703.60164597345,973.57860402298,4477.75660089684,4285.95326916136,981.593380944933,1072.33775685453,5275.43552916935,317.483991862416,4590.48288498169,7159.40074101152,1706.52639977589,4931.99629965667,2153.90478961014,623.153765533427,6757.82505856812,1087.12243937965,76.9032529555428
3745.46044532082,5197.35475953997,4062.94709494196,1788.26291216135,2930.12065806959,1211.692176998,6314.7491310843,8474.67376533545,4189.36753144038,1949.02255478774,6159.49204839905,1157.41585065197,5267.26810541716,2699.70372961631,972.215509323046,4471.93964507034,4280.26964792183,980.303314916358,1070.80128163055,5268.31226042935,317.015629003706,4584.48826360916,7149.93051346291,1704.27251214294,4925.20641596685,2150.97934019934,622.330115017365,6748.0650823864,1085.43827327784,76.7930387482077
3737.2673958839,5186.40397622308,4053.73656237566,1784.46107863742,2923.81628599013,1209.15564838117,6300.18626908721,8455.16532493924,4179.522525945,1944.73424862361,6146.55568308739,1154.93200314915,5255.05279211727,2693.65556943128,970.115416013972,4462.22409295968,4270.83859614237,978.348884837951,1068.41448664052,5257.97811080695,316.339562247587,4573.79132977921,7134.98271445044,1700.34296377403,4914.19417996224,2146.4018179221,621.013119812845,6733.02082732166,1082.99846824275,76.6209008584069
3723.56415093582,5168.29932878089,4040.16233843674,1778.35119423685,2913.72104022694,1204.9155901774,6279.76900688683,8425.17946933642,4165.10872140988,1937.83109000961,6125.48846840277,1150.96191164996,5236.83049595149,2684.22603071628,966.893600119786,4447.41463268769,4255.36603720055,975.071435668641,1064.84388922778,5239.5360608172,315.25962320051,4558.27211907737,7109.14193967566,1694.33595835795,4897.20040674581,2139.10508500011,618.883231266979,6709.62281490955,1079.11355649698,76.3465801226014
3703.76481080492,5140.0840844605,4017.27995606912,1768.70394808781,2897.62681592684,1198.19486422379,6245.03320927493,8378.78786850469,4142.02744289031,1927.573041266,6092.24112592466,1144.62659643869,5208.23372549646,2670.18706340328,961.591533683044,4422.84762974529,4232.47243684955,969.781899026208,1058.96768851331,5211.31356876084,313.550034629089,4534.04511971947,7070.14230579817,1685.01416204542,4869.99626135723,2126.99013228857,615.555652140729,6673.29832426586,1073.21304237601,75.9223423368517
3672.99726434303,5095.76343248501,3983.09992527791,1753.5860245299,2872.53753133819,1187.45425481447,6189.77887947428,8304.30046383417,4107.53135476966,1910.85914187045,6040.07009115312,1134.33418106096,5163.85956586043,2647.2824726381,953.239242866746,4384.61935015855,4196.19507690927,961.164468809714,1049.62220612772,5165.35372530837,310.960890428608,4494.80731494838,7009.40914990085,1670.05820566512,4828.92328011492,2108.39269262667,610.253612145527,6616.14978810965,1063.92546120257,75.2454053467989
