3278.85597605468,3969.29890429486,2530.95177586468,2477.82714182848,3632.67152893738,2562.17487043897,3649.25010734212,3911.41729176241,2572.30960196718,3016.76981000879,4587.58730631014,3401.36719632641,2909.98293394049,3095.64871227724,2455.49970218175,2541.49998385838,4515.74948110501,1944.61074097246,2454.93603705794,3110.13842549857,3038.321977266,2743.4660870149,2920.96988127094,2685.03226487258,3039.28427155345,3340.31774704776,3778.86860726143,2607.52432144749,3567.72122879888,3769.62548559654
3019.12337175167,3942.24377448,1796.75361019858,2239.81849458058,2414.48191214659,2160.09550648732,2842.47758222321,3148.53363673554,2245.84703174069,2005.35660059833,3573.76740496266,2466.02267527125,2542.83737638118,2379.08748540785,1686.10454229217,2043.65561382323,3289.66787807227,1732.39100885437,2242.69416421303,2588.53148312572,2111.53524281203,2219.46596148592,2359.7238161492,2025.99193226185,2970.28658934497,2848.53298987087,3407.69580265584,1637.19159271692,3075.25968217141,2799.90695632321
2703.61778474383,3934.8867412749,1085.57487149803,1955.98374500206,1472.65517879453,1959.52072602625,2260.58798564847,2591.66903578085,2016.51134189083,1522.07845462644,2252.7637551975,2031.99819939883,2175.10741106246,2110.08904980514,1423.48661562844,1760.71922993921,2277.84241684514,1591.32071485465,2169.51675207892,2001.60786404071,1580.45502663314,1914.35497243889,1977.19514539421,1381.60229676797,2912.76975778499,2053.49533281066,2713.15586228071,1286.57847797543,2623.15412941039,2421.37255030681
2389.11387414093,3921.3747336424,994.915701589374,1914.34295126217,1280.88961720061,1931.04034604661,2054.73507450377,2374.18893329331,1981.92690915136,1198.82162791562,2108.20703476495,1893.60180833708,1982.47521799081,2053.76061537857,1373.52507979938,1709.3634847123,1924.75996440984,1558.62120916079,2165.52911441586,1903.11124284887,1459.71117494451,1849.73291112046,1855.80891835602,1334.01524336429,2763.94497184209,1874.64665537492,2403.47354319473,1181.89340745729,2455.23568580741,2280.48921927926
2354.03141928759,3355.10327346702,983.142940621354,1873.87975632559,1243.56280571143,1923.45715759995,2043.55432618316,2352.43457217688,1956.92811583728,1094.55216981028,2044.39475711722,1868.19453687526,1874.53708149918,2043.49705309115,1367.10281379193,1701.94811829456,1852.78126624393,1555.54267364479,2163.81713489018,1870.56909763437,1437.42276675806,1834.81749621024,1832.82356000663,1324.73473721119,2747.54348334661,1849.60298062909,2156.55016823672,1174.82825411278,2443.99111700564,2277.61946201914
2353.15428010678,3332.80994319748,982.817826343396,1860.9839653518,1243.18944192201,1923.334071164,2042.33707563949,2350.61129551056,1946.88450677831,1087.21277009524,2039.64633299277,1867.24841442688,1822.46201786095,2043.29971292013,1366.93222882289,1701.26366470613,1848.9849148318,1555.16798521463,2161.15001154964,1870.56909763437,1436.7038066006,1829.13926041491,1832.2697382051,1324.48984998181,2747.29963949994,1849.34380825007,2142.94494694728,1174.75929777321,2441.26869247223,2277.20115772347
2353.14700144501,3282.44472497555,982.817062358042,1857.61073467045,1241.57777368742,1923.33383374891,2042.31720635435,2323.44239505258,1946.78696313552,1081.9338343522,2039.20393331094,1866.00476872495,1821.63353604706,2043.29818730945,1366.93144162143,1701.25478102407,1848.5962971846,1554.11345336854,2160.6903975027,1866.53912622987,1436.7038066006,1821.06308238234,1831.18905001916,1324.48834872399,2747.29895639826,1831.51102381378,2142.88903068102,1174.75899358548,2441.25759367521,2271.22978022748
2351.37844587107,3273.21040374372,982.817062249167,1847.96333191991,1241.13614242695,1923.33383370171,2042.31715831959,2318.45547212631,1946.78668150012,1081.54537480685,2038.25021651244,1864.20147843376,1821.6330251278,2043.29818725343,1366.93144155601,1697.8830926321,1846.42037570346,1552.67297214087,2160.67273046318,1866.30718063985,1436.63584086094,1817.39257251357,1829.67470654138,1324.48834866631,2747.29895633076,1827.25471442615,2142.88882174158,1174.75899353654,2441.15263263962,2268.62669597198
2348.79470681979,3267.71072592733,982.817062249166,1847.9601496753,1240.87539029999,1923.33383370171,2042.31715831478,2318.45545899685,1946.78668149598,1081.54537402392,2037.44694967517,1863.76126628739,1821.63302508609,2043.29818725343,1366.93144155601,1697.88187087013,1844.44732342218,1552.50846279351,2160.67272999122,1866.30495266928,1436.63584086094,1804.66878024511,1829.67470654138,1324.48834866631,2747.29895633075,1820.12945924334,2142.88882174146,1174.75899353654,2418.58374830118,2264.9565455398
2348.72053632473,3267.71072592733,982.817062249166,1847.96004825511,1240.79419817871,1923.33383370171,2039.00946631811,2318.45537861774,1946.78668149595,1081.54537402392,2037.44085615154,1863.17539311084,1821.63302127673,2043.29818725343,1366.93144155601,1697.88187087013,1844.44410323647,1552.50836289215,2160.67272999122,1866.15953258951,1436.52422144705,1804.66844504223,1829.67470654138,1324.48834866631,2747.29895633075,1814.63439461147,2142.88882174146,1174.75899353654,2418.58374813674,2263.51960041193
2348.72052756236,3267.71072592733,982.817062249166,1847.9600482431,1240.52774249187,1923.33383370171,2039.00946631652,2318.45537861701,1946.78668149589,1081.54537402392,2037.44085461151,1863.17539073965,1819.73794010753,2043.29818725343,1366.93144155601,1695.46516532154,1844.44410323594,1552.48202384801,2160.67272999122,1865.51148427576,1436.52422105203,1804.6684449375,1829.67470654138,1324.48834866631,2747.29895633075,1811.96114907874,2142.88882174146,1174.75899353654,2418.58374813664,2263.51958111038
2348.72052756233,3267.71072592733,982.817062249166,1847.9600482431,1240.52774212949,1923.33383370171,2039.00946556385,2318.45537861694,1946.78668149582,1081.54537402392,2037.44085461101,1863.17539060753,1819.73794010753,2043.29818725343,1366.93144155601,1695.46425790053,1844.4441032357,1552.48202301561,2160.67272999122,1865.51146621069,1436.52422105203,1804.6684449375,1829.67470654138,1324.48834866631,2747.29895633075,1811.96114907874,2142.88882174146,1174.75899353654,2418.58374813664,2263.51958111038
2348.7205275622,3267.71072592733,982.817062249166,1847.9600482431,1240.50783721657,1923.33383370171,2039.00946556351,2318.45537861694,1946.78668149519,1081.54537402392,2037.44085461022,1863.17539060753,1819.73794010753,2043.29818725343,1366.93144155601,1695.46425789839,1844.44410323532,1552.45455377446,2160.67272999122,1865.51146621063,1436.46343380249,1804.6684449375,1829.67470654138,1324.48834866631,2747.29895633075,1811.96114907874,2142.88882174146,1174.75899353654,2418.58374813663,2263.51958111038
2348.72052756198,3267.71072592733,982.817062249166,1847.06894501146,1240.50783721656,1923.33383370171,2038.51796731351,2316.08822637914,1946.78668149519,1081.54537402392,2037.44085460926,1863.17539060753,1819.73794010753,2043.29818725343,1366.93144155601,1695.37017104522,1844.44410323468,1552.45455376777,2160.67272999122,1865.51146621049,1436.37263153879,1804.6684449375,1829.67470654138,1324.48834866631,2747.29895633075,1811.96114907874,2142.88882174146,1174.75899353654,2418.58374813663,2263.51793496121
2348.72052756161,3267.71072592733,982.817062249166,1846.19426575712,1240.50783256055,1923.33383370171,2038.51796628608,2316.0882263771,1946.78668149519,1081.54537402392,2037.44085460777,1863.17539060753,1819.73794010753,2043.29818725343,1366.93144155601,1695.37017104073,1844.4441032337,1552.45455376756,2160.67272999122,1865.51146621023,1436.23644970961,1804.66834160943,1829.67470654138,1324.48834866631,2747.29895633075,1811.96114907874,2142.88882174146,1174.75899353654,2418.58374813663,2263.51793495946
2348.72052756104,3267.71072592733,982.817062249166,1846.19426559147,1240.50783256055,1923.33383370171,2038.51796628608,2316.0882263485,1946.78668149519,1081.54537402392,2037.4408546052,1863.17539060753,1819.73794010753,2043.29818725343,1366.93144155601,1695.37017104073,1844.44410323222,1552.4545537672,2160.67272999122,1865.51146620979,1436.23100214792,1804.66834160928,1829.67470654138,1324.48834866631,2747.29895633075,1811.96114907874,2142.88882174146,1174.75899353654,2418.58374813663,2263.51793495678
