778044834.12818,1548812280.1689,23233936.6502216,12700617.9698425,274583679.207478,1121405.11883295,8735847824.92913,545612734.317044,64546953.3175931,426135181.919562,31326736.4889742,14015741122.1188,4432707.87630242,28071449.6578013,35223.4116363611,66774.8585398299,10364133829.1708,892105.374624564,580187953.204967,141141.603966484,2616400.76565033,561133305.333381,1834787000.66868,20832.3748568899,34299816.0368929,1158844877.23931,1871329.73470524,196661396.194468,56715.9408664761,9295327.68088463
1770136.79729518,398326.3324367,18357.6923841234,413553.326627114,140430.120047824,8776.28812842036,4552805980.25418,33278027.0706001,160910.693026003,10983.3296304661,379349.935463935,752430815.93934,15337.200087079,65768.6414706834,31648.5875410184,41074.6481486336,6093176154.80831,36248.439077413,474522477.853663,9775.20296903524,5206.7634527032,15549586.9246326,558764480.970365,19465.0979278626,11191.5115606744,514539620.127416,11555.1327742485,30349160.7449167,48047.2761570867,13395.7438976173
204053.690382212,8271.43786633911,17116.484763141,382572.55076248,138711.603986953,8737.57372334427,16997.1099908168,61278.9422477978,87348.7546216658,8853.5103302179,680.368768680418,131950.216842021,15337.200087079,61567.6453973907,29724.2577841145,39442.058962156,14182.899750838,33778.2260292457,2079567.26521313,9254.19368317718,4575.18669228228,9647.8679512975,4008.16695755185,16428.6727189404,11191.5115606744,2217.2810994811,10804.4097161796,39062.1444819422,25426.2969871057,5632.87702816539
195411.693754239,8136.74649785802,16229.6524312814,268694.380034317,136390.089746849,7317.18341560407,16997.1099908168,55267.3758091277,82784.5049167858,8853.5103302179,592.930987224009,126147.732510898,15337.200087079,54639.3840490773,20885.3267568815,35905.0999357176,14182.899750838,25234.3386033016,54213.2850527894,8411.84391156476,4004.3169429199,9647.8679512975,4008.16695755185,8720.00995385302,11191.5115606744,1516.29610506782,10385.5795781925,33030.2267710523,1381.44385152051,5632.87702816539
78692.0877588176,7464.05022884881,10794.83960625,13862.8605267547,74487.2128484063,1060.78763961885,16997.1099908168,17870.0410791837,41292.3730632999,8795.7478674802,482.642050170051,103494.665183156,11363.4747355831,2348.00067806381,7916.62278625727,19865.8406924023,14182.899750838,2193.45514606109,39832.7802433197,3107.96712272319,2134.14585318302,4938.98210845775,4008.16695755185,5473.27523543465,11191.5115606744,933.594100325143,7679.69394563002,6790.28822731956,534.896474860338,2684.26646655589
10022.6244424931,2610.72512328697,2464.35410251121,13862.8605267547,21007.8533219705,464.682394375609,7889.99946644323,7984.28022792413,936.653954750328,2197.94999452882,393.431165504648,24620.6065530655,2177.92964097302,1846.61010849223,976.592847488379,10286.9785669918,5972.82237109912,353.917855774635,1740.14601710455,1758.71266193029,1228.27764080051,750.154040918893,2545.29665516237,963.065513479812,3550.86816410699,555.643004545608,2358.31589631533,3066.31979885418,176.541634025009,1190.46094945468
559.536644825492,662.954023406602,616.657740172424,13862.8605267547,11253.1040669229,163.261493009441,4121.89566290229,2168.72398322836,640.68813018336,1121.34250746338,319.681172077451,3466.87674646537,1367.83728052753,350.118571861974,672.782360596914,1746.12129192389,122.304232015515,252.858860101153,85.5641126299543,1559.09903735703,364.926628032474,455.408282697783,254.229157524805,573.031758800478,1088.94131660561,299.843254151004,1581.26088366651,237.680860121014,117.86551777064,674.66355115262
197.051723276163,292.030286477653,188.182700373961,2233.62692706413,618.878642537893,124.350395585749,1315.54577270166,917.495910320615,367.159485613889,324.495095838324,308.440828620108,1149.92061291383,347.584929937591,188.668605965349,202.305519234426,663.982135333402,48.5576161445147,85.2653493981361,27.5554712477769,688.992691952266,215.550279237547,252.800076620169,145.536361718132,467.631304813419,443.273345207279,243.724702815106,160.591567183114,125.59035755508,79.6997789316642,275.761981765071
134.098028820294,96.3278711946016,117.912212501707,152.287116513673,485.52052342219,111.33085391959,705.498732266754,161.365077580191,352.594923440809,132.298103722391,308.43169153446,230.058555863705,208.766949743885,60.160638236594,176.15613533817,328.551656574512,20.9986476571428,83.4953326096013,27.3845946402494,344.709351865502,189.696267164616,60.4189078956599,130.756457204936,457.251784002205,305.010501430037,230.394146270956,147.342691192872,94.02649497425,77.761138310844,172.88623924449
120.827919500049,88.6816792553368,115.206063796473,116.69483674126,423.107956193518,111.277041708153,164.882985136748,140.550539360365,348.381582405406,85.4456180528975,308.393032563917,201.352668950189,193.37521171244,34.2475358768049,147.216068838149,10.1140552379336,8.97884176719867,81.6293330597425,27.3046393032178,344.206077844385,183.780909492637,49.1380651098173,127.391906012587,435.396054631163,235.945884236209,44.7516703281456,123.519030559074,92.2277975902061,75.6340243303096,172.770309115093
119.47089868368,86.9354901230711,114.727486643913,101.185474841225,411.647407467332,111.131252341861,110.716801577148,138.51237834211,282.70222468055,81.7544980661587,308.325639030011,59.9548134791432,193.034492194946,31.5219123744732,147.151624219219,7.80224121893684,7.49037934378543,80.8710028881128,27.1867459934804,341.91420219506,182.536153372643,48.8721104694091,127.336475728728,236.783454220695,218.829715554506,42.7241119150808,121.909485323761,90.8584953942309,74.8634997492468,170.07260632484
119.186813533267,86.6509370271961,114.49883314521,98.0732641719269,375.76819900512,110.884534555965,107.637924819919,137.461649758296,101.33378497449,81.6320463948787,308.310645780108,59.2978793706302,192.940857250251,30.9664236341923,146.953848121572,7.32465132061338,7.07765132807913,80.6591859100006,26.9750086916608,341.548760064175,182.157132268761,48.7935079926792,127.135755103346,235.164986961305,216.003562507344,42.2593735325252,121.492150566099,90.635747770061,74.6849398377467,169.325733324966
119.126157349275,86.5842746126598,114.436030385547,97.564261362354,178.480046958801,110.554614272223,107.352203583691,137.337316227532,100.799424052391,81.5957447951134,308.287725703454,58.7593599463064,192.926316272073,30.8716857174359,146.636357960092,7.20937964150676,6.98951877978334,80.6087885710847,26.6550672571452,341.476896314759,182.089373337396,48.7653743283402,126.792860711918,235.043880835677,215.796020245738,42.1669333622515,121.41393594342,90.5800209753759,74.636492654236,169.171354503322
119.11131281872,86.5710433638442,114.425365057303,97.5129593426254,178.242467289752,110.284731399236,107.318227992588,137.314005966674,100.746688008404,81.5868127136821,308.287725703326,58.7123080586368,192.921893195992,30.851400513026,146.156156250469,7.18868665687296,6.97259815674306,80.5974097157334,26.1377561245645,341.461582998771,182.073137854416,48.7553129184298,126.422818532051,235.023251715689,215.766071897506,42.149833336611,121.396041092433,90.5672651365107,74.6245413627641,169.146044030384
119.108944802107,86.5689083073985,114.424217415113,97.506913866142,178.229318898022,110.28473138698,107.314153589771,137.310995970643,100.74068363271,81.586673112025,308.287725703326,58.7066073257024,192.904211017632,30.8502781491493,145.314659407041,7.18636796800979,6.97085266395948,80.5968254395427,25.7181059381624,341.458850173711,182.071738911438,48.7544117407069,126.283120257582,235.020615492744,215.763360441626,42.1476924104652,121.393563964719,90.5648749874285,74.6232453923069,169.144575601173
119.108779931038,86.5687938459255,114.421126868391,97.5067816729145,178.227690162829,110.226545844402,107.313910037519,137.31001599916,100.740463885736,81.5860128951233,308.287725703326,58.7059082572648,192.744579615234,30.8482437805824,145.090117950581,7.18599547366989,6.97024223874087,80.5961224625235,25.6553839092751,341.458786183726,182.071048844576,48.7538855343512,126.283120254443,235.019856754613,215.76196378186,42.1474184104025,121.393435577402,90.5647130954699,74.6229070060531,169.142665989892
