13506.8992440412,5859.52046453716,498.634677458736,545.199946676595,1543.25444083348,2411.89414818669,4973.97530204241,14628.7892229057,2441.05741914118,2337.37747046582,3674.35134104635,922.330649749872,1629.33528128005,2586.69760307078,11829.2574546397,5220.28301900335,1957.74012541722,823.505164215338,462.108820061533,1547.68061815811,563.890387413229,319.031432139191,30028.7262269486,15766.5189810835,445.551382466896,2688.03297444642,2302.7001791557,1090.84196299716,31008.8462219201,4101.70296514358
270.374421523627,184.115015802141,121.351823737853,79.1556506923191,272.743641054548,652.818614815254,1725.58434951327,244.213973041471,359.028389484584,293.428184661243,332.348330816074,171.300361790844,123.768412176169,501.351177983149,361.187263325359,5211.56560661819,161.024103843274,181.275337071376,332.61825341038,424.081366352159,274.188710552636,163.211842314952,6114.35097117592,6001.78446623152,269.660256156516,192.112120896463,1035.59678933825,21.3546819089954,123.458401705507,664.121960397496
109.064382935735,47.9350351065427,79.9484382858759,39.6459749584403,213.337449304943,198.765300608778,727.289947941292,138.975797167743,324.526181124552,70.7532941479133,296.269338085141,122.132963841123,84.3847167530755,73.8072250313335,333.596704518919,569.548840747899,107.911135645983,129.441424655834,262.646910538634,366.898247915241,265.460173988738,132.890184682615,410.785611525436,1000.0394171753,200.405089294795,139.885103656184,223.799524949306,11.2950376147326,71.3140884432421,561.977533165231
75.7056076423319,20.0883308804669,78.5724927137298,31.6830676614572,213.248784308292,187.596141997513,225.248245881621,129.216873009642,193.199328999206,56.1170927076823,268.841385516363,94.5779306502759,83.8173698075334,69.7632031982896,92.4467169448444,153.595092349005,85.4866810571498,77.1190464126428,84.9297654293364,357.793906561308,127.452514494694,132.03829181524,72.993092434453,139.952215336121,152.313029920411,133.608054865085,37.7172688542789,9.67149944880657,28.779780767497,159.242581320944
72.9803279213377,9.95523574814138,78.3854920103756,31.0206261554415,213.234101495684,184.644359949704,165.180124766918,129.056101290704,148.087235345111,55.9793369945321,265.97515128427,94.4305615338778,83.7973678554101,67.9127296686429,63.4200197188266,102.708435301769,82.9398531463848,75.0067525033826,80.204051661387,328.729214744898,112.987012456854,131.873123776805,70.3694637900351,121.086892112533,151.556176906708,131.736442983553,19.9675431940213,9.67130214661211,26.586294291229,152.657080311968
72.6688869851066,9.9516373977699,78.0142453756882,30.871727942789,213.233951036333,184.108075662597,165.165106514859,128.699648698303,146.355193016129,55.7217037492812,265.681842338167,94.0688137906195,83.7941628074486,67.6931196771625,62.7342075312847,99.702139261736,82.6428510680921,74.6657695820411,78.675302648636,90.0010089818104,112.490778356876,131.542247310048,70.3664962076759,120.341969666743,151.239341747564,131.369457852966,19.6104413286291,9.67119126805414,26.5855076658108,149.265569257775
72.6417695384439,9.95163662180175,77.6810860438677,30.8513957489711,213.233950985957,184.070493703699,165.161110763408,128.408937696139,146.288453812782,55.5566111817877,265.655839557117,93.7026047559541,83.7940443960299,67.6698355769197,62.6934974805961,99.613918015084,82.6152710799411,74.6338466120783,78.6210052550819,89.7415358927924,112.453104843861,131.196597893349,70.3636948179085,120.301863817138,151.021896952054,131.340778664917,19.5785575979628,9.67117976725854,26.5854313946609,149.184324054442
72.6357597333567,9.95163662180175,77.544312771623,30.8469366140014,213.233950985955,184.06329114998,165.160016503409,128.394527984884,146.277102442762,55.5566111813132,265.650451942153,93.3836219027617,83.7940360114742,67.6645741335835,62.6852985734397,99.6001031568778,82.6089641186513,74.6275482022995,78.6099653260455,89.7173035308515,112.444904819681,130.821550817507,70.3631545075978,120.292600054098,151.019683052562,131.334923051067,19.5721186421874,9.67117838108538,26.5854241516595,149.171241459305
72.6339511483404,9.95050510553187,77.4807407261878,30.8456874999379,213.233950985955,184.061417675125,165.159733683089,128.192237198242,146.273681987653,55.556611181313,265.650153193846,93.3718485643778,83.7940354431908,67.6629688187804,62.683400034651,99.5972708425411,82.6071142581304,74.6268775173144,78.6070720710261,89.7126942281541,112.442611209476,130.480411167697,70.3630872611557,120.290036664643,151.016752687162,131.334036142,19.5704566279517,9.67117822353589,26.5854232782779,149.168162178406
72.6336659614271,9.95017704025622,77.4807407261878,30.8454624170947,213.233950985955,184.060969256257,165.159733606844,128.115699154486,146.272729631598,55.4974835538176,265.650153193844,93.3718485519739,83.7940354005027,67.6628085898062,62.6830580437215,99.5968222159925,82.6069050459078,74.6268775172043,78.6067727220636,89.712686439042,112.442590955107,130.158978177021,70.3630791102119,120.289303002704,151.016752687162,131.334036141857,19.5704540928477,9.67117820383419,26.5854231786109,149.167525593901
72.6336659593285,9.95017703981375,77.4807407261878,30.8454624154469,213.233950985955,184.060968980698,165.159733606844,128.115695391203,146.272728527854,55.4974835538176,265.648628875968,93.3718485519739,83.7940353971821,67.6628085897687,62.6830580358851,99.5968222155086,82.6069050458811,74.6263454070659,78.6067727220479,89.7121512818574,112.442590955106,130.138526000559,70.3630781345478,120.289097059674,151.016752687162,131.334036141857,19.5704540928477,9.67117820138355,26.5854231677085,149.167525586842
72.6336659593285,9.95017703981375,77.4052287620157,30.8454624154469,213.233950985955,184.060968980698,165.15969106053,128.115695391203,146.272728527854,55.4974835538176,265.648146209769,93.3718485519739,83.7940353969375,67.6628085897687,62.6830580358851,99.5966161906681,82.6069050458811,74.6263342105119,78.6064228483378,89.710753255295,112.442390260881,130.138526000559,70.3630780338517,120.289096313338,151.016752687162,131.33304917534,19.5700673243814,9.67117820116141,26.5854231664534,149.167525586842
72.6334094212007,9.94993035484686,77.3842992723869,30.8452919005917,213.233950985955,184.060968980698,165.159637692623,128.115695391203,146.272501211502,55.4974835538176,265.648059657878,93.3718485519739,83.7940353969295,67.6626404746662,62.6829177830803,99.596485836362,82.6064619949257,74.6263342105119,78.6059741133051,89.7105729859099,112.441960156547,130.133492157769,70.363078022795,120.289096313338,151.016752687162,131.333001261938,19.5697155824162,9.67117820114913,26.5854231663286,149.167314260659
72.6333463396195,9.94989902638235,77.3842992723869,30.845284601156,213.233950985955,184.060673693158,165.159637692488,128.115695391203,146.272261111355,55.4974835538176,265.648059656764,93.3718485519739,83.7940353969295,67.6626400059683,62.6827791678984,99.596485836289,82.6062280644712,74.6258590198979,78.6058547370812,89.7105729858708,112.441960132547,130.133492095315,70.3630780215469,120.289096313338,151.016752687118,131.333001261937,19.5696041885142,9.67117820114868,26.5854231663234,149.167314243596
