1788637.99425379,729859.838540715,2095103.66928369,2843006.29982343,1526562.8706133,1717705.69785901,1045053.51498395,7350307.21243816,4925329.40194006,6236129.31459864,1318259.25640814,3604003.81522256,2892977.676226,55775737.2128862,590649.99163472,893677.866277701,17404.3649381921,8175665.78734885,3837483.4503589,1892316.32330562,8423946.37653668,2483037.62118745,12501658.4880451,2924523.72742247,4388514.92369916,2277899.08573545,2350860.97674847,6867552.76922533,378130.829709567,2007022.9683879
1039930.29551048,196263.892648684,813765.629292011,1689539.1150559,348019.002387729,482505.270965698,146270.171668602,2306677.6586314,1821133.38834663,2158932.19314467,245561.645614078,710586.912031583,810748.587958553,4010889.11615521,173371.553590384,237180.233751554,12606.5004685665,1474452.97578812,1167554.67214003,774614.297199724,4076163.2089814,930834.750551125,8950680.61734704,1244279.93079077,1413660.56207102,1179779.13486456,463489.733701699,3481665.96347455,121730.36937502,836126.013445582
420645.663904618,48274.3616021272,489116.243527907,569744.9886822,53529.3687077082,111416.4625688,44793.2365726329,465727.579935195,302031.34435206,506638.617988586,40548.4598286816,191340.791881818,222463.844753214,2481687.79199985,29149.4830619206,48052.2114206657,9712.47969464611,355905.539221791,399034.949614195,241343.798161385,850750.879826324,259219.570334109,3556413.83175607,425561.267799685,360518.014022751,320349.260316477,180890.163058658,818379.885876681,30331.2319985995,414104.362152236
72079.2445396292,25202.7958672672,82194.9043504207,92222.2020677372,14586.8495922288,8449.19529560572,13438.9767906709,44049.571088791,53883.5587201098,89858.21409632,9250.85722356729,36724.3064842372,43303.875997757,379411.111553408,7720.54226855291,14591.6103769649,9215.45987775112,62194.9109369074,55769.9269576619,18781.3122827751,59208.9144891944,44936.3393583343,104184.516362908,58774.9576788006,55308.9834771427,38424.3977919793,177191.026467514,142752.299459173,9720.21193800986,114956.893670269
36022.1727673513,24249.1540366011,16189.4352072531,15243.3565658112,13306.4407996427,6188.07113877742,12027.7598948713,32577.3772158449,47783.2395158341,74410.3493881017,8157.64686067118,30658.8485807216,38724.1499935824,23481.8400459896,6870.40236448162,13566.0780672931,9200.89429846224,50177.2048740285,44647.2010792024,13056.8567538809,15867.6543426942,13352.5095648773,26563.6483837362,15471.2259398592,41585.8053055293,25578.5274133013,14610.5959495954,37328.574368503,8647.53467478701,34561.1336130014
35860.2254976596,24249.0152948148,16001.2691176199,15037.942269657,13306.2178670705,6187.79195194037,12027.3565176193,32569.1389240144,47781.8444172907,74400.5302417286,8157.19866723755,30658.091034782,38723.1262452073,21957.0024540175,6869.94790885926,13565.6519787804,9200.89226091117,50175.4201646237,44645.5739342755,13053.3791211224,15858.5469677532,13230.989976816,26518.7517899534,15284.6101978374,41574.6698878263,25576.5884191557,13272.6575647301,36573.9296361773,8646.99525524567,34317.3952718202
35860.2224045592,24249.0152948073,16001.2648213389,15037.9397284813,13306.217867032,6187.79195192307,12027.3565176117,32569.13892351,47781.8444167481,74400.5302415137,8157.19866722151,30658.0910347117,38723.1262450076,21956.9616997153,6869.94790884648,13565.6519787154,9200.89226091105,50175.4201642591,44645.5739340148,13053.3791208248,15858.5469674519,13230.9857185993,26518.7517866405,15284.6068759041,41574.6698864632,25576.5884190767,13272.6389530154,36573.917743215,8646.995255239,34317.3944094115
35860.2224044242,24249.0152948073,16001.2648212825,15037.9397284652,13306.217867032,6187.79195192307,12027.3565176117,32569.13892351,47781.8444167481,74400.5302415137,8157.19866722151,30658.0910347117,38723.1262450076,21956.9616987898,6869.94790884648,13565.6519787154,9200.89226091105,50175.4201642591,44645.5739340148,13053.3791208248,15858.5469674519,13230.9857185283,26518.7517866405,15284.6068758597,41574.6698864632,25576.5884190767,13272.6389528347,36573.9177430276,8646.995255239,34317.394409399
35860.2224044242,24249.0152948073,16001.2648212825,15037.9397284652,13306.217867032,6187.79195192307,12027.3565176117,32569.13892351,47781.8444167481,74400.5302415137,8157.19866722151,30658.0910347117,38723.1262450076,21956.9616987898,6869.94790884648,13565.6519787154,9200.89226091105,50175.4201642591,44645.5739340148,13053.3791208248,15858.5469674519,13230.9857185283,26518.7517866405,15284.6068758597,41574.6698864632,25576.5884190767,13272.6389528347,36573.9177430276,8646.995255239,34317.394409399
35860.2224044242,24249.0152948073,16001.2648212825,15037.9397284652,13306.217867032,6187.79195192307,12027.3565176117,32569.13892351,47781.8444167481,74400.5302415137,8157.19866722151,30658.0910347117,38723.1262450076,21956.9616987898,6869.94790884648,13565.6519787154,9200.89226091105,50175.4201642591,44645.5739340148,13053.3791208248,15858.5469674519,13230.9857185283,26518.7517866405,15284.6068758597,41574.6698864632,25576.5884190767,13272.6389528347,36573.9177430276,8646.995255239,34317.394409399
35860.2224044242,24249.0152948073,16001.2648212825,15037.9397284652,13306.217867032,6187.79195192307,12027.3565176117,32569.13892351,47781.8444167481,74400.5302415137,8157.19866722151,30658.0910347117,38723.1262450076,21956.9616987898,6869.94790884648,13565.6519787154,9200.89226091105,50175.4201642591,44645.5739340148,13053.3791208248,15858.5469674519,13230.9857185283,26518.7517866405,15284.6068758597,41574.6698864632,25576.5884190767,13272.6389528347,36573.9177430276,8646.995255239,34317.394409399
35860.2224044242,24249.0152948073,16001.2648212825,15037.9397284652,13306.217867032,6187.79195192307,12027.3565176117,32569.13892351,47781.8444167481,74400.5302415137,8157.19866722151,30658.0910347117,38723.1262450076,21956.9616987898,6869.94790884648,13565.6519787154,9200.89226091105,50175.4201642591,44645.5739340148,13053.3791208248,15858.5469674519,13230.9857185283,26518.7517866405,15284.6068758597,41574.6698864632,25576.5884190767,13272.6389528347,36573.9177430276,8646.995255239,34317.394409399
35860.2224044242,24249.0152948073,16001.2648212825,15037.9397284652,13306.217867032,6187.79195192307,12027.3565176117,32569.13892351,47781.8444167481,74400.5302415137,8157.19866722151,30658.0910347117,38723.1262450076,21956.9616987898,6869.94790884648,13565.6519787154,9200.89226091105,50175.4201642591,44645.5739340148,13053.3791208248,15858.5469674519,13230.9857185283,26518.7517866405,15284.6068758597,41574.6698864632,25576.5884190767,13272.6389528347,36573.9177430276,8646.995255239,34317.394409399
35860.2224044242,24249.0152948073,16001.2648212825,15037.9397284652,13306.217867032,6187.79195192307,12027.3565176117,32569.13892351,47781.8444167481,74400.5302415137,8157.19866722151,30658.0910347117,38723.1262450076,21956.9616987898,6869.94790884648,13565.6519787154,9200.89226091105,50175.4201642591,44645.5739340148,13053.3791208248,15858.5469674519,13230.9857185283,26518.7517866405,15284.6068758597,41574.6698864632,25576.5884190767,13272.6389528347,36573.9177430276,8646.995255239,34317.394409399
