1604.76549651964,2604.06168624759,14917.1240120306,18530.1662768834,20996.2801115711,24579.7391617776,4683.60946825955,24532.2646083934,856.119169543777,23568.017976782,31735.9724297674,8866.30351137169,11582.2517132113,8882.84206152957,6667.60508542585,26163.6568905348,1259.42480735312,33194.1455786062,27330.7873833309,16843.5045212428,2342.16576476751,14833.2495650359,10295.3715444819,6693.21337752704,6760.48278660654,18849.9249186294,39195.0563653115,1056.51298867156,13788.0248049714,37882.8034137215
1604.2160536802,2251.08683383135,3399.76272492496,10184.3970589509,20984.7695922617,24575.0027050339,1747.51787799039,24508.7315211331,855.878093799051,23551.994942323,31696.3657350439,3006.08786403921,11577.9054844486,1618.2010446151,6663.73135098817,16075.6319088525,1259.11029095592,3212.31607082252,10608.3245421182,16836.5482956276,2340.90359171004,9573.68867736448,1117.21977637001,6688.77448072389,6756.49625478347,9413.85536875578,18819.6658831333,1052.93589434119,13783.0045122987,37850.4422393302
1603.45370008874,1027.72767791529,3348.83830718462,6798.30574420556,20960.8563078515,24563.4131851175,1747.22650762985,24483.421547762,855.368029044547,23529.5421578241,31661.9377418183,2995.25732034764,11563.4930663637,1611.24219638166,6656.20278927039,16068.3669653068,1258.41313981409,3078.61293474522,7102.159119697,16824.9429256625,2339.45511477458,9468.75275472725,916.349437779268,6682.61930283605,6749.3672811551,8425.75743640387,18819.5675625148,1052.68266646904,13774.6339257635,37824.2397501792
1602.05049100555,1026.86190235123,2404.84000690616,6790.60136684284,20918.5412484402,24544.0691632395,1745.92943387168,24420.8486815006,854.161262409963,23483.8467465014,31601.8235846385,402.294641060591,11535.8594024156,1610.36051546498,6643.56213144669,13769.3505577929,1256.89621480047,3077.17431433098,7088.35504439532,16801.5647019603,2335.57287869289,9462.23389848879,767.11573259556,6668.98565184575,6732.39714629977,8423.95381558167,18799.785644816,1052.20866506113,13754.3680816018,37765.5786461666
1598.57145597322,1024.6546617567,2401.28677414453,6768.88881755798,20803.1111191335,24491.096753895,1742.64045232429,24287.5925343503,851.250559737864,23368.0585423726,31430.8940639053,194.455978377826,11476.5082184753,1608.19686309916,6610.84375251104,13705.5881248225,1253.61845449197,3072.27602187365,7047.54595730993,16738.6356055584,2324.54437243279,9413.89423599009,766.458323839175,6636.2282800036,6698.80745466913,8393.48966747756,18707.5536039277,1050.79666947163,13715.2570529303,37627.3350791813
1591.38307131443,1020.24242784781,2381.38898463761,6702.87669391368,20591.2875174077,24389.1333257087,1735.99675718937,24012.0363394784,845.61166045342,23122.6232031628,31093.7634402855,147.76871237344,11365.5091479082,1603.71688156768,6547.34541777842,13550.2925270433,1247.01054870056,3061.42504348921,6974.62306385804,16623.0136331523,2304.65913208766,9307.94120232596,765.511827037962,6568.14235443937,6631.83632637024,8306.58618512287,18510.5100073182,1048.33878684469,13624.2320087714,37346.2961688092
1584.71671481865,1016.05525903295,2361.77819625287,6639.66087444009,20369.4665748866,24286.7947132085,1728.89548455081,23738.1015269879,840.242221197521,22908.1854487945,30765.485399477,147.731146513387,11239.9261309886,1599.06084369124,6486.74722757847,13404.1122900183,1240.32199155055,3049.88799636288,6898.33791276442,16511.375058217,2284.29757984034,9207.50549569867,764.604665668327,6502.73171010243,6563.95393149551,8218.98724043033,18306.9606395441,1045.59339720648,13539.6998459711,37064.3549559015
1578.6176556518,1011.60957169178,2342.78167512471,6576.93436380444,20128.0229022794,24192.531662619,1722.31467134532,23483.7671176284,834.702511253938,22663.2673211901,30437.7739897855,147.66038862628,11117.543667935,1594.81998505484,6432.58665962538,13255.216041133,1233.90900077686,3039.05851720126,6824.47759462857,16395.9351517377,2264.23232347797,9106.10600483817,763.693997923073,6434.63693971221,6494.30198986125,8127.64713047083,18108.6479977843,1043.10573388482,13441.9155750235,36785.7417908382
1572.0111992593,1007.20302202162,2322.94113331191,6520.7844310435,19903.1289213316,24092.5583462578,1715.2342733149,23236.5850505867,829.91205372719,22444.3521727936,30109.6699063617,147.591571359719,11000.7104208975,1590.96365250808,6376.38081590242,13119.1398203119,1227.39660527985,3026.78463173215,6750.29707877554,16284.7335108418,2245.03327589106,9008.50343320706,762.802332929621,6369.14692517037,6428.30547318947,8043.5741508865,17911.0600887865,1040.57892639336,13354.2678878452,36494.7108860856
1565.4634869463,1003.25777830718,2305.64835074329,6458.9901806884,19664.633853424,23997.5367225455,1708.9304534806,22978.0081641437,824.699125273666,22219.1525108642,29751.7232178019,147.522391368891,10885.5402590294,1586.79700272216,6319.33679720632,12977.5882101452,1221.11751682731,3015.03300760021,6676.65565639934,16182.8623555144,2225.61760705348,8902.82298077125,761.909895461527,6301.2963702098,6364.95728331614,7959.29900028402,17717.3757126762,1037.94470518538,13268.945942824,36213.000823485
1559.03289432026,999.162328005762,2287.76470351502,6396.54264587564,19432.4125560969,23904.9087401529,1702.752158759,22747.3379996995,819.690215719302,22020.324077353,29424.8847484412,147.450572743533,10769.9314535582,1582.33983702302,6262.18557338957,12834.9056496063,1215.3212572443,3004.52634840565,6602.11158584773,16069.0587345501,2208.20993078149,8808.52438642616,760.9690393609,6239.92580534274,6299.96514228779,7869.37565841427,17529.19378321,1035.70403723319,13183.5967526816,35958.688775087
1552.83260835818,995.175884621169,2269.09423919758,6343.57817971301,19197.0404597215,23810.1615093074,1696.72666942078,22484.0382597684,814.89813194598,21805.2851435474,29121.902756876,147.377599126549,10657.5930990456,1578.00673161812,6202.78830511213,12694.3399854833,1209.55663559498,2994.11237050105,6533.5323430331,15959.1055573819,2189.81712124295,8711.85339548023,760.090074481312,6175.8912734361,6233.31570961856,7791.9078673747,17341.2799553351,1033.12438695618,13103.8056905455,35675.5377637413
1546.99140430346,991.149216368458,2252.07610160681,6285.44620109946,18971.8769247632,23722.2260811961,1690.40891781806,22232.8619270004,809.515020883528,21594.4752613965,28789.2965306548,147.303949762865,10553.6127591694,1573.87670239542,6146.11561836969,12568.1866300472,1203.64708614089,2983.74146938158,6463.05919542659,15855.8590764376,2170.29171280707,8614.5296824378,759.20380268777,6114.82953084835,6173.67091430606,7709.19898459689,17160.8633471578,1030.84668305688,13020.833149045,35421.666033447
1540.66469030553,987.152881810627,2235.08924662396,6231.1921497692,18750.9733490379,23634.7493064487,1684.78680259401,22000.3765868105,804.498171492759,21389.5718116753,28489.5151993118,147.235198820024,10448.8616615307,1570.00746879707,6089.07558849731,12434.0483854221,1197.44976383295,2974.30104147138,6396.02586664689,15744.825536129,2152.54711586948,8520.5044594692,758.240490125883,6050.65333231865,6106.78859176897,7630.31687255137,16975.3576129078,1028.4529775145,12939.2196357683,35161.2312175417
