1588242042.77185,768218627.284076,8395092859.57831,8696193819.19095,335357651.351102,10939761645.5001,4399873614.85777,14405434024.1226,19909249294.6464,952302139.322358,2804474174.08766,18969282842.0078,9791969442.9625,3051410854.18502,4327015489.95089,5390987373.26309,1487434725.05059,2674674727.92899,2538517987.62266,1327554473.1964,3703610089.6976,1068447976.32934,6800492977.73037,18577087749.1475,724221827.294816,13785310877.8057,1076536610.75799,409158467.702746,13326689564.3944,21309760294.3539
264574197.313802,303901336.066617,2896896189.64707,6914273919.57317,111952116.71853,8987300688.0233,55537954.94823,9336462297.91027,6644567405.22226,92738218.5697196,204207902.887305,3141949964.3934,6830585909.35087,385668891.296005,20901611.6260652,4706591416.6494,161827248.327408,1486948049.19523,238910119.263919,14965991.1167274,1779596177.77336,477965776.494431,1621229902.77771,14347558795.1644,122782797.652955,10865925801.6526,248887899.40627,10053821.9809063,623174673.117392,10382223486.382
2028160.23276177,253990.868934161,5185991.67867905,142588563.583286,447813.484689339,1423609793.32776,2992561.17452508,287787077.329311,4312895112.68645,22629708.1043261,879970.953647417,1726925955.9767,50135134.0900627,4397434.62524036,2348851.57854449,1138441469.00622,10790224.4963274,7970273.10130445,60380346.5300616,1169882.84645673,399729987.730332,1629341.60955325,7702111.7815965,2818424816.56337,144527.340450991,2915958902.28578,2161723.19080474,212786.938032719,2862735.2974532,5314773.23204158
61910.2205023257,118269.564062276,140696.747820481,473312.938495527,28172.6016760858,97326.6359926976,699726.129021714,754195.700505783,360535994.889619,618891.378261666,17802.3586746069,1202363774.50565,1165581.38980584,152271.04486242,37761.6398942016,3383412.16721998,127952.72593946,99006.4258279132,369148.977575303,95201.8419217441,102549766.151635,12664.1280610169,201245.465402761,280738798.386375,17773.8279436003,3712154.59067387,57873.9526328976,26948.6414044274,2862735.2974532,179627.891753411
6954.47764790061,18990.6974078989,8633.23646274677,14991.6678867829,12855.8609279676,1663.73278801692,94320.2746086641,7972.12178401988,62862.9249686391,16127.5119636617,718.57569134008,571910.549786386,36488.9223009481,7212.53956495833,7283.84061964963,2337.79272246319,25251.9342080991,6588.77481330426,8007.56691599813,8943.37413307106,15467.1226151406,10435.5212124121,6690.50644695343,10647.5177247867,14676.4239938612,38159.9101188461,29452.9863761714,26234.1823591133,11799.4362174539,7063.33496025415
6774.89058389175,18913.1501183924,8463.53111904701,14691.1662269945,12829.3727850673,1478.46651049679,1961.36188653435,7867.93630187716,2314.21026674582,15929.8417571743,671.55395385451,1955.89596666764,36056.4851602304,6731.85656623965,7271.92765902642,2007.29310524367,25248.9748935461,6547.28161669951,7973.00544331578,8938.18182227481,5220.86904045413,10204.5923106928,6353.68681608584,984.295792447276,14672.9135537457,28882.2469371903,29429.5374962267,26234.1823591133,3522.33997316537,6669.59738388277
6545.04271885048,18898.0778024097,8462.11372598955,14686.5714772281,12824.9513048055,1478.28114155629,1960.35982999943,7867.22128655028,2311.78840938532,15927.049929509,671.501729033843,1940.5626971749,32212.9310620338,6730.60236646313,2420.22547611242,2006.73074986734,25238.933764959,6546.42450352037,7972.4143789207,8548.20151455362,5219.55148909905,10202.6533255431,6352.79523742638,982.7255208964,14664.9484610691,28875.65684767,29412.7316779145,26221.9072995326,3521.02252706599,6667.45914690092
731.85207631558,18878.7039067155,5993.43805839283,14675.3808696205,12816.7763637525,1477.44208003213,814.244294775021,7863.42755108663,734.296127572636,15918.9900914052,671.416616009057,723.911667561139,27518.1434654107,6726.5172837075,2362.79976494728,2006.05569507355,25218.319355162,6544.56378655382,7970.0930483892,3006.04305135574,5215.93390405472,10193.4004121259,6345.45562063867,740.526496763237,14647.7170686343,28841.8027710949,29386.1451705661,26199.5043512304,3518.89724041428,1870.28679072678
713.863231545033,18849.7478097002,5983.91721693609,14656.4188144038,12806.1809197351,1476.24652307755,577.883937288909,7857.84970896149,733.839090356884,15907.106215603,671.294997573786,721.694133197586,27480.1300178878,6720.04607167812,1767.93990628068,2005.08340459526,25174.9372786745,6542.0806918168,7964.69562036332,1155.06854017029,5209.41740535027,10179.724445208,6335.91485719161,520.237677268084,14622.4492967628,28794.8192429243,29353.2741182457,26162.9918601677,3515.23730922246,1217.93015963975
713.484529962645,18805.779369875,5979.30585243893,14629.0573774038,12784.3537771106,1474.07747011019,565.625638404622,7849.87806227919,732.661308999331,15882.9677871057,671.111562720832,721.289057237738,27390.5999095874,6711.73645339257,1764.66354049281,2003.28140328988,25121.4109942436,6536.60141001084,7958.62846264756,1153.98236359711,5199.29772608669,10152.6585882977,6320.80531924942,493.621127172622,14589.2002828254,28728.3925062697,29292.1715460463,26099.279185934,3509.21013611845,1216.36297313651
712.896176306735,18725.8554471401,5963.32368930159,14586.6376510988,12750.4135365731,1470.93023751994,565.588788428895,7837.16722851962,731.035762860312,15845.012547297,670.811336533768,720.235928793853,27268.760130057,6696.88122893836,1760.42165669675,2000.83249233079,25009.7592410206,6529.50938513738,7947.71793192508,1152.11495626909,5184.63923031906,10117.5954331374,6293.54121122773,493.319127913605,14529.0436814108,28605.4215101094,29189.1855691749,25992.3914153773,3499.60345477909,1213.42109344493
711.924068230055,18604.2483250184,5939.24961783487,14522.9459262373,12694.6725105485,1466.40298938068,565.522385131235,7818.62716537069,728.170241997786,15786.8188269273,670.415782276909,718.692797740667,27086.1903350211,6674.11981719286,1753.23493270631,1997.01045630937,24835.9292848964,6516.25088458573,7931.59734889714,1149.34840221036,5161.78686523299,10057.5809551324,6255.34695880732,492.868060504881,14443.0090964021,28424.3906356606,29037.8264291556,25816.9533571772,3484.5747021764,1209.19437184178
710.618800729491,18405.360476833,5904.99803365148,14408.0342646883,12605.6178392689,1459.28658552286,565.415608262451,7783.69296020145,724.151553187033,15688.9277361899,669.711819312032,716.237488348941,26823.9530545065,6636.56320645162,1742.40718304268,1990.43991574803,24574.7359936419,6497.22062735996,7905.31792570986,1145.02499180918,5124.64103509678,9964.90097060273,6195.48244535388,492.153783291681,14291.4615167618,28145.9937499316,28800.6993336203,25548.7119625345,3461.18832772654,1201.86424942732
708.223811547442,18114.3245821331,5844.02029254051,14232.3686549411,12456.4845708557,1447.1808763297,565.240001410714,7725.90226177486,717.120477107281,15541.6111578984,668.625594298082,712.562020019776,26399.6197391407,6580.0013269484,1723.71153804135,1980.5281689161,24168.997259153,6464.92255437214,7865.36450104358,1138.7410618374,5061.67812847601,9821.90419303176,6100.10526450136,491.048234742654,14080.0887606811,27701.001463033,28428.8227460894,25135.4199000002,3425.4212323085,1191.52156705406
704.644805069954,17658.2400659723,5755.64881043823,13970.255397189,12241.4443719057,1428.4156255207,564.971230556348,7640.41551804396,706.201511609497,15321.3003878957,666.980370571117,706.319017779517,25750.5508469792,6490.49070439937,1694.79908890599,1965.21835455027,23530.2044661291,6416.97652508645,7802.27404099014,1128.65957556873,4971.50698657662,9596.70401382383,5953.74268573837,489.328507032816,13717.7910460995,27007.4020921358,27846.4674971178,24499.8792785844,3367.38914867086,1174.15136851679
699.104344361386,16932.8310202791,5620.24906432399,13571.8688081185,11900.6136045823,1400.49101640515,564.555626734041,7514.04624484259,690.303256472301,14973.229157651,664.366551087975,696.796775418067,24766.3464807124,6351.83878089906,1651.95150131056,1942.01840345507,22576.4545648221,6344.91469084579,7710.44356868615,1112.27300892832,4830.17843305711,9249.29710540532,5726.71994228845,486.75761994774,13197.3014014977,25900.4627982739,26966.3605189386,23490.0272020865,3277.61239794193,1148.0550297415
