552.149686143792,20515.7028122782,1190.20599354433,15136.6060070449,888.781992135606,2894.10568689484,549.555366206224,882.379575624583,2043.51401449677,22066.3398872012,20193.2628488791,2119.61337995877,229.358092955527,72.3567508931678,8514.5129675855,2843.50268519662,2588.86566558036,798.146733624812,11868.9547764287,7777.22442962469,78.7483214936788,21147.7783055465,5664.08860365478,2543.46176350209,990.998987255116,26443.9077167487,6197.41591925104,203.344186616014,12042.8045181394,5327.2989412183
551.575459067129,20484.6519057229,1190.20599354433,15112.3164511004,887.786679985854,2891.12880867559,549.555366206224,881.615746511772,2042.5497087754,22066.3398872012,20171.647093812,2118.40381598221,229.17875990118,71.9530095252314,8514.5129675855,2843.50268519662,2588.86566558036,792.47491062596,11852.0173075047,7777.22442962469,53.7871998496255,21147.7783055465,5655.06704790711,2539.4915141556,990.998987255116,26398.2893634716,6190.29276561583,189.702467664405,12028.9846362024,5313.92579849186
550.700157534256,20460.7442154641,1190.20599354433,15079.8991816346,883.306948530856,2883.95704846958,549.555366206224,881.26298743065,2041.66125133282,22040.3189196749,20147.7647035485,2116.14057300945,228.857836031189,71.492374496811,8514.5129675855,2843.50268519662,2587.57818143609,787.870121210065,11833.2386267354,7769.52030636184,53.7823412765295,21118.1451839395,5643.67528458497,2532.24952760099,990.998987255116,26342.6687105545,6177.1422480689,171.888306774031,12009.8775860515,5292.17815343385
548.730982717324,20419.7870242733,1190.20599354433,15022.0001288625,874.452600933597,2873.20334662003,549.555366206224,852.719289634521,2040.21791473187,21918.3932052534,20111.3370110985,2111.81753294079,227.841360721485,70.7262280434493,8514.5129675855,2843.50268519662,2578.56349851287,776.925273200562,11778.1308809211,7757.19648450966,53.7812233263351,21043.0782041087,5625.29779033263,2519.72301875688,990.998987255116,26276.9030797923,6159.01689140186,170.755610285125,11973.9472234109,5253.72353273832
545.004908981507,20308.4759615739,1186.35234914769,14845.6458816794,848.493989309973,2849.36903278062,549.555366206224,851.634755001359,2037.21553823509,21669.6854098653,20023.243002425,2101.45288065158,222.828185164052,69.7962610497798,8514.5129675855,2835.28255957745,2551.18251585571,754.759754151115,11635.736596007,7728.73912108782,53.7812105998682,20827.4242254352,5568.64590024567,2478.15813549547,990.998987255116,26076.8991114735,6109.48614031231,170.752316245349,11864.8125152851,5150.18631986705
539.685260968645,20103.3506594071,1169.82456292557,14427.4660199651,794.264512572676,2812.9140707444,549.451179160252,851.634648791399,2032.27183846002,21219.3463489175,19844.9886265517,2087.59452931442,210.994468754922,69.2273565782914,8514.5129675855,2775.76001264409,2471.87659912276,721.697120076542,11266.7752983069,7678.10637826375,53.781210599868,20516.9319177864,5395.71214018274,2373.67294947513,985.868676935536,25721.7221084921,6034.04266879336,170.750014815882,11580.8071876976,4987.02070414363
536.896451900245,19923.0781985719,1132.79674952516,13992.2317545192,760.091755937546,2788.7916328089,544.967609298298,851.634500102284,2028.51208052213,20860.5719786108,19673.2116427081,2078.16745004377,206.979522247248,69.1297013650883,8514.5129675855,2732.20541130852,2356.06184350018,702.371662898678,10889.3478219085,7636.34047647692,53.781210599868,20261.4199343597,5186.30127821357,2258.06647819101,973.998959803823,25420.1214264265,5976.62833234284,170.749138952367,11235.0695557149,4875.07000135609
535.423258228188,19756.4344088776,1068.16926164191,13611.0313028299,741.792139964529,2772.81104249214,542.471031068742,851.634281623932,2025.65598661992,20562.4194093336,19481.879926029,2071.22279031888,206.047672599077,69.1165366726568,8514.5129675855,2701.14156349622,2252.13391268405,691.552113255648,10580.354028783,7595.85664986538,50.4926841631634,20056.648789694,5018.26631975709,2178.825737991,966.512412931963,25181.8018866003,5930.15492611923,170.748873915521,10872.5482142083,4790.55940794728
534.568733081652,19568.48164463,1010.35350541643,13299.4731476226,731.537061073627,2761.54478106276,541.136757206417,851.633990781513,2023.15770241623,20321.5435188613,19231.1799771426,2066.57047327159,205.785048908398,69.1146193536576,8514.5129675855,2678.42628975678,2186.1927523338,684.846374654574,10373.299070952,7549.82464859452,50.4926830967238,19881.9640117496,4886.46584353162,2124.81673172261,961.747615292114,24941.9925783486,5897.71658405386,170.748781230642,10583.2120702772,4731.15148054621
534.116945362972,19336.2664602116,976.933062535968,13070.3811220812,725.378076225003,2752.44486988509,540.408962889053,851.633570144766,2021.04566853758,20120.1249604039,18903.1556490148,2062.96550464089,205.712892824813,69.1143119036487,8514.5129675855,2663.10380093605,2136.83946036029,681.067455419696,10199.0844973647,7499.80405613192,50.4926830967238,19726.4258035258,4786.40841197037,2087.61108918379,959.277515665292,24710.8974606825,5868.98851758529,170.748749827326,10361.8844175269,4687.11694865027
533.886143700816,19032.0763681428,954.329505481826,12881.6072461757,721.744326374042,2746.25742533347,540.04850478847,851.632952108873,2019.14831151313,19948.4514613164,18448.0928722387,2060.21547122436,205.695633781931,69.1142624203803,8514.5129675855,2651.1487193775,2104.60662714038,678.965752988999,10062.3497044361,7431.76111741518,50.4926830748423,19560.926078077,4714.95431527249,2061.375167243,957.763379425266,24451.0168219057,5841.07317006494,170.748738475875,10187.9252410796,4654.06321261766
533.759885524043,18606.2024441511,939.909904470456,12728.0766915483,719.711390547504,2740.85971004691,539.845023995519,851.632067664827,2017.07642183292,19788.4678926329,17892.3715216282,2057.76052340252,205.691088704278,69.1142537299231,8514.5129675855,2642.73231269083,2082.91411759588,677.835654351733,9948.40723875384,7312.33390763457,50.4926830748423,19341.0700799509,4661.98825735887,2042.44079828066,956.835491302937,24110.7980212509,5815.66701314035,170.748735063886,10056.7573467886,4630.65581816982
533.686471892144,18073.0101075301,931.325169516929,12603.1989354823,718.539395102167,2735.90960407088,539.741145787341,851.63082803711,2014.87969292653,19622.0804206417,17410.4410031412,2055.79856740772,205.690027882037,69.1142524994864,8369.98931113088,2635.6644772959,2067.4460665336,677.135107734559,9861.08862424299,7120.44684017072,50.3798088307503,19023.0048513705,4620.23708031868,2029.73574507066,956.239589959531,23665.8164617105,5787.17589213793,170.748733864645,9955.32339631601,4611.03835005997
533.647999808934,17542.3632660017,926.604878224329,12511.0927867936,717.852331490446,2731.29631142723,539.680462802758,851.629084060091,2012.29873281423,19425.4440860386,17052.9062351115,2053.76800511899,205.689706408534,69.1142522783928,8161.52971802907,2629.94061686298,2057.1083225905,676.673875585248,9792.78563683468,6899.63110858731,50.3798088307203,18583.7099884563,4590.28820065206,2021.2759443957,955.810237098202,23026.1734972558,5750.56075386611,170.748733452477,9869.61902263063,4594.67825569581
