8809.45380319943,3029.7743862389,8071.2442199972,23934.266960753,58314.1896313951,144023.497080625,57117.1784600012,7850.53356513317,4286.94001303896,18588.9700454707,2805.13562948255,18767.8717727165,4216.24693509682,112732.241678899,17270.784387481,19414.4856172919,20606.7605157327,904.997020899449,3640.14992635929,20373.3485687794,100159.208609555,63292.5272702925,13430.8220506263,52466.968252125,3981.66725756625,118368.461944414,13236.5062988487,19298.4738505167,6030.8941907541,27295.1253390852
3014.35940681916,3029.7743862389,8067.00883446229,7853.54886562071,3612.01876557881,17516.1738780177,214.88644807247,7848.17297661391,4286.7015523061,18579.4401428197,1368.89764463142,3788.37511761881,3230.17206094722,9917.87186319927,17265.4169427872,12859.999731098,2483.30700721981,904.997020899449,3639.87984492399,1607.12122710041,9116.94326211994,31277.6634905454,5330.00591967478,26631.8264661373,3979.16664232927,10289.1079922202,1284.56148343143,11270.8743399716,3476.7793911764,5865.26408500561
234.767185667058,3029.7743862389,8063.32149545308,856.530673873311,3611.4512040095,17507.1814600147,214.87314773442,7844.29554300523,4283.69850657443,18566.9164107537,1368.5163129635,665.912668678081,1278.70382389884,9909.80196613271,17259.2488923506,12846.224672482,2482.24176390345,904.660026107937,3637.24609082838,1606.12228353569,5098.01483202307,27324.0493285151,5325.56743173427,26614.7809528271,3975.87541145748,10260.6134906903,1283.85249179236,11249.0060253632,3473.65511100982,5852.57820460425
201.660988277526,3029.7743862389,8056.24791228465,856.063706920075,3607.35525539557,17484.4804933824,214.816633994842,7836.78068892478,4276.7934787013,18537.5705335379,1367.59330985078,665.814698038088,730.976372238002,9894.17453720794,17247.6932813297,12822.4074469082,2478.80479443273,903.667099687179,3632.26045871719,1604.04979442454,4860.38441181368,27310.9608453503,5316.07888082826,26564.2379627195,3970.94426295571,4301.45532080657,1281.75593584055,246.19232856256,3467.93722417849,2082.44985639504
201.595553989566,3025.4174438626,8035.9320808654,855.851755334931,3592.63304115885,17431.6447048084,214.699675006298,7818.05996099178,4257.92776556527,18467.4894952062,1365.21098465868,114.491678421568,728.699756310974,9853.82319431421,17217.9928790237,12767.7021147675,2469.13220676755,900.741462492142,3621.28497269417,1599.17822018618,4845.71101782399,27192.1053555482,5294.89737633725,26462.0573537044,3957.55361890417,4286.54814422109,1276.35425284972,245.954521987302,3453.90885776015,2080.09405341805
201.184741879659,3012.78745971445,7994.2675956587,855.420210586116,3564.56303490128,17318.0360625564,214.448103958942,7785.00430294218,4223.87599417979,18310.7559448871,1360.39645784066,114.269871568781,724.080551778649,9775.1177256187,17155.8787656258,12656.2897246587,2450.20865800959,894.830509164013,3598.59796635259,1588.14701352025,4812.76713166717,26950.2980325088,5250.67973249381,26248.3246587009,3930.3238027672,4250.3911911973,1266.47119618975,245.50900576141,3423.59202134687,2075.24338903512
200.754148959719,3000.94266240813,7954.65319593981,855.038773508078,3536.51491424272,17207.2895154259,214.213763090704,7753.33114629832,4187.98203376963,18160.0761356954,1355.4490242863,114.23935936065,719.534525435796,9686.85944030104,17096.6505375852,12549.687384284,2433.94554504756,889.072401233814,3576.36285120671,1578.25474533899,4777.88051555827,26702.8109759882,5204.6916110128,26033.7418758121,3903.74430982313,4212.89050560952,1256.43719685692,245.067170190679,3393.15562753679,2070.18307003189
200.347942652954,2989.37664959616,7915.37583041944,854.608336288488,3508.22946757782,17103.2704091541,213.963320768501,7719.86976557467,4152.97346689814,18014.5853974821,1350.97540709403,114.231995121314,715.007354669339,9615.23283126097,17032.9784709364,12443.0206802518,2416.62915943512,883.754539199902,3555.05241986053,1568.21398793805,4744.56863687167,26459.3722508487,5161.88572468205,25817.8686489708,3877.20725749339,4174.51594904686,1246.73657269451,244.621215086895,3365.39109651646,2065.7119797885
199.941545676964,2977.99535766664,7878.97034624499,854.189790107034,3480.94110111758,16999.7118160518,213.71078618094,7687.57880750383,4121.10415534364,17866.019486312,1346.43670012758,114.229582781055,710.32391271482,9533.48828750447,16970.7156429352,12338.5138544455,2400.2172368715,878.430790240465,3533.88452675333,1557.47682082502,4711.47963377062,26221.712581952,5118.52149266708,25608.6035606565,3848.78950957439,4139.58269742201,1236.69566826973,244.201791995841,3337.21631675908,2060.96831249347
199.555211837175,2965.67023578155,7841.48968215327,853.782285532527,3453.72167113506,16905.6000047868,213.468680588371,7655.54398800273,4086.73462229836,17725.0505214869,1341.9899841924,114.228777824855,705.576477562379,9455.89730956204,16913.2209528611,12236.2651689029,2384.90590419887,872.977500180651,3513.07222077592,1546.65916618262,4676.0613393259,26006.7449297724,5076.94590715078,25404.2015249342,3821.11671990406,4103.59448247759,1226.4305160927,243.773513604176,3308.01209136776,2056.18164936756
199.133612637491,2954.03358401959,7806.8031111184,853.357684001946,3426.57297508549,16810.9439040739,213.230604083056,7621.73806574498,4053.73486430187,17580.758690682,1337.81131573948,114.228505426979,700.722132475232,9380.78260574511,16851.3742166894,12141.880988892,2368.8119620436,867.336967577956,3490.99231801944,1536.4497446619,4645.96605472459,25766.2381821947,5036.23724598538,25212.8887061896,3792.66063782812,4068.31581796622,1216.02689390325,243.326180891404,3280.58499760896,2051.29819679023
198.728613632031,2941.72948564215,7768.26683555562,852.919826198764,3397.45708010587,16707.8206598328,212.989472123264,7590.69104852783,4021.72345895846,17445.9611985582,1333.49186133294,114.228406488362,696.195024922287,9307.38297827739,16792.6897738487,12042.3978778268,2353.4865162756,861.607745226347,3468.71272027096,1526.8532460469,4615.18936567003,25542.1642464896,4993.98378641496,25004.7466062177,3766.93349069786,4034.39888663482,1206.57348142685,242.907663784249,3251.13437312561,2046.84304119378
198.288640955303,2930.16771985682,7731.45193348088,852.484824376164,3370.77087916741,16610.5213378854,212.74926993941,7560.42646861167,3989.28888621365,17304.5343143898,1329.09320191532,114.228365755736,692.052988428846,9229.7714375594,16736.3429505401,11931.9318599359,2336.46269179099,856.368798840338,3448.72515601112,1516.91023497066,4583.731363296,25316.8499916713,4952.93401957618,24814.8701478719,3736.47373845289,3999.83349721131,1197.21394877851,242.480538551254,3224.9217518169,2042.15057754992
197.872509925924,2919.39330742267,7696.91931961224,852.099186456967,3341.63385367447,16508.4606473224,212.526573476422,7526.58729108744,3956.35515292474,17169.0938770484,1324.58486739195,114.228350764443,687.675162448517,9161.36020595481,16678.9976046802,11833.4426106517,2320.7406227232,851.037647034082,3427.10806876984,1506.6782739555,4552.84882182313,25099.3562393628,4908.37088705524,24623.6406058599,3709.74152751287,3967.43603192101,1187.85828809952,242.063253574584,3199.0958060508,2037.87394454321
