26785815969.8373,5938569491.1366,1178744685.26938,20444998935.6884,28183695107.9446,7120886412.77456,10799772420.8724,103300391.564529,390433552.635848,11215116256.0563,2737035328.28755,2434021200.15794,6426.57275124882,1100001355.15479,34048442195.7904,7205876217.66117,1551383773.82264,2131653745.18475,11188598752.4232,66281548.2895885,19290834719.5956,12347443155.6873,337840064.042009,23187855242.6476,413062350.490886,8374980307.52493,18984100659.6639,11943627446.9597,4644055.44927441,988619807.677872
16053774567.6685,1265174083.92154,78404.4966058777,2998073872.86674,8751451.5420514,2040262822.83269,2076818135.71881,14276.6135152247,1515518.9127697,1557828960.68102,205692330.111362,14016189.636161,6426.57275124882,1299067.08923267,22840339494.9315,3593355526.42813,4530238.29286584,24578.2591253564,2358055480.35073,21497.5118124809,13040561422.6832,4221583157.03568,1824572.3665934,17080623538.9231,537529.230600469,3227122.82219475,2767778753.8587,9024965909.86828,7134.69869083077,36987.297558319
38389992.6109845,894905.351512478,8921.17934193835,533262.593625825,58314.1896313951,217706.263705892,386593.15334962,7951.17733015728,7432.03681736571,120519.335670044,80987.1054040632,37740.4224339095,6426.57275124882,113617.93992773,1007864.46216673,21685.6910095165,20711.746865831,1114.47974039264,2336220.8969375,20587.4439187645,11884100.829754,1333938.12494477,13430.8220506263,1474660.80228688,5394.82495766268,122753.88231436,925180.47882474,40632.069144931,6065.20986136366,36987.297558319
10011.6013263847,3603.92858979058,8112.13789398681,25348.7420584745,58314.1896313951,144023.497080625,70633.4513253092,7951.17733015728,4394.50688460116,20835.154466666,2824.50885246453,18845.2502586743,6426.57275124882,112732.241678899,39090.1471578603,19759.8232263596,20707.8058990875,1114.47974039264,5023.90333555768,20373.3485687794,107162.727169384,76669.1856600433,13430.8220506263,121167.802873951,4002.57049635356,118562.500940431,14928.2281782481,23220.4685633634,6033.59981781141,27578.5641294984
8809.45380319943,3029.7743862389,8071.2442199972,23934.266960753,58314.1896313951,144023.497080625,57131.7533855272,7850.53356513317,4286.94001303896,18591.6078792725,2805.41577199579,18767.8717727165,6426.57275124882,112732.241678899,17277.9157833917,19414.7532783823,20606.7605157327,904.997020899449,3640.14992635929,20373.3485687794,100163.322384276,63301.8981478974,13430.8220506263,52475.314336988,3981.66725756625,118368.461944414,13236.5062988487,19298.4738505167,6032.04515401753,27295.1253390852
8809.45380319943,3029.7743862389,8071.2442199972,23934.266960753,58314.1896313951,144023.497080625,57117.1784600012,7850.53356513317,4286.94001303896,18588.9700454707,2805.13562948255,18767.8717727165,4216.24693509682,112732.241678899,17270.784387481,19414.4856172919,20606.7605157327,904.997020899449,3640.14992635929,20373.3485687794,100159.208609555,63292.5272702925,13430.8220506263,52466.968252125,3981.66725756625,118368.461944414,13236.5062988487,19298.4738505167,6030.8941907541,27295.1253390852
8615.70515382975,3029.7743862389,8069.08652630881,7888.66770974735,10948.8641636535,17519.2090383155,230.288620968062,7849.36935731064,4286.94001303896,18583.8387406582,2570.84973761097,10095.4677553283,3230.8694932848,9918.50399592165,17268.7179643071,19410.1127912021,2484.52453044124,904.997020899449,3640.14992635929,1616.88727121164,22215.8255907443,31627.3511081531,5332.94013525592,47297.6954085815,3980.51011465651,116124.966730986,4778.19506022634,19196.0765946435,3477.76992584957,5873.89521061877
2986.50446565915,3029.7743862389,8064.85331227022,7374.59455294986,3611.4512040095,17511.2249429407,214.885576155114,7845.82120263001,4285.19248386157,18572.235959857,1368.76017402144,2574.86425783798,3221.8387122503,9914.09818803601,17262.1550424666,12849.5887176794,2483.09598756119,904.923572051602,3638.5894333374,1606.67297777341,9116.94326211994,28863.5935380667,5327.80879217686,26626.5638229887,3977.49039274,10260.7773111702,1284.31242549,11250.7084867782,3475.27879071572,5852.58224705812
202.029179602892,3029.7743862389,8059.96945323019,856.16423655317,3610.22694326224,17493.4493228282,214.84709947019,7841.04251381224,4279.67084177354,18553.3665761702,1368.02573046015,665.85688165095,731.325953354183,9901.90728016092,17253.4229205135,12834.5706559061,2480.32735018338,904.167684678378,3634.88698182754,1605.16353985696,4861.05362045773,27323.9248922806,5320.636951567,26589.8217647583,3973.75458454434,5248.81653829153,1282.71452106901,247.605790959076,3471.16257356834,2082.49359510706
201.660087196802,3029.7743862389,8050.70355667425,856.00941571841,3603.69831592679,17473.4673266859,214.782233585201,7831.72348586281,4271.70045284488,18518.1845944118,1366.88758117499,115.698599132934,730.368520445271,9881.64721681475,17238.4211707612,12808.4524124295,2476.06507383015,902.843867608506,3629.24184840512,1603.00868770291,4857.03908859873,27277.3527915884,5310.01404687684,26534.9825560728,3967.5331479632,4298.77807550344,1280.36463722729,246.142507605458,3464.84005049246,2081.8109762684
201.595553989566,3025.4174438626,8035.9320808654,855.851755334931,3592.63304115885,17431.6447048084,214.699675006298,7818.05996099178,4257.92776556527,18467.4894952062,1365.21098465868,114.491678421568,728.699756310974,9853.82319431421,17217.9928790237,12767.7021147675,2469.13220676755,900.741462492142,3621.28497269417,1599.17822018618,4845.71101782399,27192.1053555482,5294.89737633725,26462.0573537044,3957.55361890417,4286.54814422109,1276.35425284972,245.954521987302,3453.90885776015,2080.09405341805
201.349338322424,3018.2093674612,8012.78996255751,855.594468129664,3576.07382116764,17367.2562870382,214.550853625114,7798.33726627866,4237.82747175993,18376.2449957377,1362.19136094325,114.307143971693,726.086640596338,9808.16244805344,17180.7579695711,12706.0486951883,2457.5955274651,897.323378271415,3607.53786303277,1591.89770050476,4826.94189852453,27040.8017902764,5268.42430201427,26341.5055759107,3941.26377795255,4265.30195370772,1270.33615857715,245.69612961764,3437.37484105161,2077.23364791378
200.976936978093,3006.65864962494,7973.34507525959,855.224532301573,3550.08351444699,17258.9841118793,214.320227918284,7769.73599734705,4205.31248746737,18237.6958180215,1357.71542340099,114.248891202196,721.699384536084,9730.70666988675,17121.9489742531,12602.1020263576,2441.9600207303,891.566130881805,3587.01719684367,1583.03943667386,4796.77791323063,26824.8788840514,5227.29648431147,26136.906488232,3916.62617526206,4229.38424636862,1261.36665123569,245.270322012743,3407.36754845458,2072.49698814949
200.35622182774,2989.67328080172,7915.93047485354,854.612756327384,3508.74282075918,17104.7282953721,213.969790635688,7720.64459849937,4153.49786625992,18017.2053383653,1351.01646602945,114.232061665036,715.087987545395,9615.9333265095,17034.6861291476,12445.4345843133,2416.84703630938,883.805662913102,3555.53420707123,1568.37301418233,4745.19185538659,26463.1650272734,5162.61846922261,25823.4562169828,3877.78528166268,4175.38578225316,1246.84028325701,244.629124968572,3365.87684800588,2065.82539187297
199.438678729444,2961.84146194771,7832.82835825595,853.632825214703,3445.02420615433,16879.4272257721,213.402924985025,7645.30857848607,4077.18771522887,17683.9849038036,1340.86931879258,114.228656974294,704.008315912269,9433.05886761419,16892.7898144791,12201.9540398648,2379.87362479876,871.107381982792,3505.67329928628,1543.59767480069,4667.47849607274,25938.8133524471,5063.90053992788,25347.2722509216,3811.0626468166,4091.60029359976,1223.43103097072,243.639823107391,3299.67701540691,2054.70311617672
197.872509925924,2919.39330742267,7696.91931961224,852.099186456967,3341.63385367447,16508.4606473224,212.526573476422,7526.58729108744,3956.35515292474,17169.0938770484,1324.58486739195,114.228350764443,687.675162448517,9161.36020595481,16678.9976046802,11833.4426106517,2320.7406227232,851.037647034082,3427.10806876984,1506.6782739555,4552.84882182313,25099.3562393628,4908.37088705524,24623.6406058599,3709.74152751287,3967.43603192101,1187.85828809952,242.063253574584,3199.0958060508,2037.87394454321
