3171.66714699578,2283.64259228634,5099.91146233917,1399.83691640125,26609.9291776794,1936.68878045203,2168.13375848158,2172.21797140803,9298.00977312995,3932.4144751345,1770.71002845943,2645.90141792593,2553.10756372012,38343.1618329442,7990.79310611084,3770.23477772261,11147.6581728408,1264.90210922188,3739.02816112263,7391.94641023423,13073.214191265,18321.5046399939,5525.2371131812,7088.82480695034,1489.65785920712,2583.57038857305,1617.35025860232,24095.7805268906,134478.422647581,881.85470285784
2677.7771133417,2014.96030177746,2690.94084690705,1307.29490555083,1527.57249639519,530.122147382345,1955.52940657971,1056.80685486429,3377.03639500981,2777.16243037757,1374.15206104919,2439.46675019835,1613.04760970332,12642.6353515243,3277.00551111812,2205.73098610649,3506.12397617133,1245.55262263185,3490.67326029776,3087.01702504623,3216.11565299274,10619.3815533819,1511.85151983056,3880.78362230192,1115.89877692177,1624.85587490703,1498.7826221867,5105.35826766567,118584.950907315,746.854799665673
2438.4740925006,1962.28641837464,637.067927170052,1158.09412471405,939.93550078088,250.683195614119,1896.69212133918,791.742643480318,931.405589280594,891.562527754629,1089.26039907002,2316.13987019906,798.064865616731,1162.67896204396,859.196293224953,981.91721408492,963.087646586423,1243.27509025889,3182.0842579324,968.0580211664,1266.40765798233,1732.5688628983,634.59967970014,751.397399640054,1061.03284187507,1173.11170187912,1332.44555346635,1104.23992571232,33137.2764032153,583.730638373643
2091.49604057467,1929.10994350874,597.436328217971,1124.81590937992,787.375438001892,244.795812838928,1873.80631825528,599.17989817589,912.986037023448,790.615098510962,1055.72921352413,2260.40183958102,518.043897818725,1052.01052059703,743.663623661809,861.612996287162,391.037073072413,1242.49605233201,2192.37381849737,968.0580211664,815.555421453313,1389.22055965086,556.937687861694,615.368596925282,1052.77697061781,1128.35139101485,1166.3285143872,537.950884094082,1846.57822755413,454.363100890849
1863.36572932865,1821.1252709544,568.147693656743,1123.18577870232,759.496033205934,222.344150422039,1873.48135578575,522.797225694811,899.689838331312,769.269899657388,1028.03398958336,1758.69215313028,486.356242610243,933.78238671361,701.442343917846,848.464478778432,274.719931027526,1242.305465001,2011.70543537502,961.100809435262,654.244415127942,1284.49385161669,551.224241335608,610.411539391398,1052.76882407353,953.545739461595,1152.98264719444,513.836918481095,1534.92702964526,436.379670828356
1321.41249669598,972.460333846317,537.970489573138,1123.03847857041,603.730440721002,126.709614011523,1873.08622349954,520.803900142127,877.572412592928,566.257180379843,913.16803612511,1636.20010398265,469.092693028042,485.224483871276,701.442343917846,834.976073000413,272.864624579839,1242.27193241695,1751.8718753227,489.374405699881,449.91157658016,1275.52679713245,431.290411312965,604.024066930755,1052.76882407353,625.688175564125,1041.85563070988,513.174434110188,811.382204644472,431.120724762397
588.68242198012,955.320742685259,515.27606600845,1123.03841980913,561.593325946425,18.1942552015769,1837.68031947658,519.229325709864,838.841748007852,556.27452994281,878.277733321158,1635.82075082577,402.289079718242,453.119405773756,701.442343917846,828.497882480043,265.175253307689,1242.26968314464,1054.62513932448,478.813031841791,357.878290802459,1226.09752650418,426.531017505796,594.992636881937,1052.76882407353,550.505239064887,992.391920312666,513.174434110188,726.519965474148,406.291421176051
516.025368427378,773.008443524629,510.403654819566,1123.03841980913,557.640804356059,14.8442231636222,1356.42523612245,519.215855003902,838.824105702145,556.27452994281,873.3641011328,1633.93354708744,344.215055745203,407.853011615308,701.442343917846,818.480689161434,251.349454229134,1242.26968102358,898.87156470221,477.618033035233,314.617271703019,1167.31505369269,426.53066935844,594.985495525574,1052.76882407353,492.152460273024,991.007957469173,513.174434110188,724.336088956489,382.214903051358
515.925837278181,773.008443524629,510.403402956053,1123.03841980913,557.634739382399,14.8441201362984,1326.10170984707,519.215851360541,838.824105419452,556.27452994281,873.3641011328,1156.33923217711,344.214739835079,407.84189812879,701.442343917846,818.480689161434,251.166725505881,808.73362653518,898.008563316914,477.419411349157,314.592687911193,1053.1074933747,426.530669217621,594.985493505204,1052.76882407353,492.104463600813,989.476894989705,513.174434110188,701.494088534784,372.246033560075
515.925836782706,773.008443524629,510.403402954897,1123.03841980913,557.634739300782,14.8441201362984,1326.10169418588,519.215851360541,838.824105419452,556.27452994281,873.3641011328,616.866294506262,344.214739832447,407.841898122962,701.442343917846,818.480689161434,251.000359908496,808.733613283583,897.884195583355,477.319880326986,314.59268785851,1052.88352782397,426.530669217621,594.985493505204,844.130896571597,492.104463318084,989.365120852292,513.174434110188,701.388303067712,372.246033367055
515.925836782706,773.008443524629,510.403402954897,1123.03841980913,557.634739300782,14.8441201362984,1326.10169418582,519.215851360541,838.824105419452,556.27452994281,873.3641011328,616.646942458472,344.214739832447,407.841898122962,701.442343917846,818.480689161434,250.924594543623,808.73361322268,897.826701564287,477.267315516437,314.59268785851,1052.80544688515,426.530669217621,594.985493505204,844.130896566446,492.104463318084,989.306665741215,513.174434110188,701.327990784928,372.246033367055
515.925836782706,773.008443524629,510.403402954897,1123.03841980913,557.634739300782,14.8441201362984,1326.10169418569,519.215851360541,838.824105419452,556.27452994281,873.3641011328,616.575800988362,344.214739832447,407.841898122962,701.442343917846,818.480689161434,250.888583988496,808.73361322268,897.788893252656,477.235607888875,314.59268785851,1052.76168726613,426.530669217621,594.985493505204,844.130896566446,492.104463318084,989.269179416346,513.174434110188,701.294873691085,372.246033366982
515.925836782706,770.770144542707,510.403402954897,1123.03841980913,557.634739300782,14.8441201346241,1326.10169418543,519.215851360541,838.824105419452,556.27452994281,873.3641011328,616.549769062161,344.214739832447,407.841898122962,701.442343917846,818.480689161434,250.866376653962,808.733613222586,897.770507908634,477.214918464329,314.59268785851,1052.74045762085,426.530669217621,594.985493505204,786.957890729448,492.104463318084,989.250812537046,513.174434110188,701.27627537175,372.246033366982
515.925836782706,770.755020338674,510.403402954897,1123.03841980913,557.634739300782,14.8441201346241,1326.10169418504,519.215851360541,838.824105419452,556.27452994281,873.3641011328,616.538764431029,344.214739832447,407.841898122962,701.442343917846,818.480689161434,250.856671855138,808.73361322199,897.761136500246,477.206477313297,314.59268785851,1052.73007757894,426.530669217621,594.985493505204,786.95789068867,492.104463318084,989.241976575667,513.174434110188,701.26716858729,372.246033366982
515.925836782706,770.755020338674,510.403402954897,1123.03841980913,557.634739300782,14.8441201346241,1326.1016941844,519.215851360541,838.824105419452,556.27452994281,873.3641011328,616.534995168954,344.214739832447,407.841898122962,701.442343917846,818.480689161434,250.85311359366,808.73361322152,897.75790782566,477.203360175362,314.59268785851,1052.72644460935,426.530669217621,594.985493505204,786.957890688333,492.104463318084,989.238665559905,513.174434110188,701.264104465729,372.246033366982
515.925836782706,770.755020338674,510.403402954897,1123.03841980913,557.634739300782,14.8441201346241,1326.10169418348,519.215851360541,838.824105419452,556.27452994281,873.3641011328,616.534189387048,344.214739832447,407.841898122962,701.442343917846,818.480689161434,250.852342219199,808.733607792447,897.757137596281,477.202670068966,314.59268785851,1052.72565223537,426.530669217621,594.985493505204,786.95789068768,492.104463318084,989.237879301187,513.174434110188,701.263353227891,372.246033366982
