613478.376553115,160.47021716009,142783.487842098,22091.5427201878,5325.192227213,109751.981255271,22924.2088418127,1240.57756591081,15073.3797306652,371905.70231436,526.098947621192,132142.219761568,245497.086142477,1190.78327889161,13909.975792443,220025.042835737,25653.5876940665,1634.23589449742,387271.668390252,830.827962703728,628.739842795675,551191.316112314,2263.20950629001,99574.7198837838,4744.6977766724,1708512.58643695,158083.72044256,70852.4067850634,3020570.2803516,299820.198931767
2469.17536674145,153.648802150664,830.240335927296,416.4534143664,1185.28966168598,4425.52970794263,4415.82107101673,777.998538529277,472.932854241165,32221.9122682858,522.600202489654,3790.99275705677,54669.1084581967,382.027742688108,1140.82900897453,32463.5221152801,4342.57266063103,209.242159252936,6447.52126069045,414.100751008646,535.831656609148,14690.9636512444,953.555075820693,3903.01258490312,994.210171515826,1026.30303083561,4992.91871650291,210.067356810821,674007.316239122,90460.1976859574
784.910984118981,139.622901514585,497.918706080329,280.070048955608,612.080311547388,277.194660735985,1269.85353386559,737.666446783146,122.420513488855,1193.66073606017,522.600202489654,423.366856651543,891.98897324159,293.19827202697,929.515834682833,244.698983727121,597.114073317169,106.558112511582,380.691097744428,329.862700397775,514.219256605417,1228.5258940403,449.3088149867,342.53996231444,319.661078179055,699.121571602617,633.736791033834,117.262114797368,1747.43328953301,938.92702975108
699.518603209462,134.315232629912,438.606323634192,250.504464127076,580.298071751801,136.216457877305,343.26469090751,727.621965081206,62.6525049133518,390.656617108543,522.600202489654,373.661916818107,730.277709164583,281.9005577327,887.842701685231,217.683897850253,532.095200107774,65.4508620349661,339.52879814128,313.19060114649,507.057174723535,375.081697471369,414.1294806364,226.991913758769,292.391809745036,540.945846710639,156.278904146173,96.0657856468845,397.352161252707,546.748365176783
684.741141876372,132.96733966592,429.936607995579,243.701597168934,577.9136900325,117.420838172376,310.283405115935,722.563107444284,45.2874297418466,333.778940182219,522.600202489654,364.249312901324,711.95846912982,279.85003055498,875.624458191994,194.491720967421,527.347676736684,59.431696270155,324.424032551145,310.522999483951,505.906839569306,338.799152215965,405.429806213008,221.067667699518,281.629749503586,529.974214190878,135.364447110009,91.1519077113201,246.93113504346,477.384514687695
684.438107900542,132.730841895979,429.649229112011,243.231163771661,577.522823592902,116.132358117264,306.664613653847,721.980903655441,44.6406895560178,330.760067466738,522.600202489654,363.449673291565,710.058653327192,279.512480536407,874.605311515245,192.05452866625,525.659307100159,58.9221246864431,323.809778042693,310.208748118157,505.757044749023,336.954234474047,404.962188236733,220.087620961971,280.92951942006,529.387471588886,133.884883344368,90.8218747909511,242.897892677486,470.742075067582
683.557427734811,120.249547286276,429.442083396163,243.196458765271,577.522823592902,115.643213226861,306.644511957416,721.427560733793,44.636915502369,330.727942419111,522.600202489654,363.439302132489,709.946372024647,279.509157926488,874.601319779728,192.039249608921,525.023194190253,58.9092917321123,323.804817506663,310.205041978748,504.001734162047,336.954234474047,404.95805335847,218.907177009418,280.924738904002,529.364910688758,133.880968559506,90.8208623684375,242.476633060708,468.203146348012
683.392845403067,120.241481647006,422.729373919743,211.96978934677,577.511471430702,100.718268924615,298.110579655534,720.607359402312,44.6369149072802,319.781922547711,522.600202489654,362.837300555362,705.361921425256,279.361600360852,872.088284883157,181.171993941631,524.871326462976,58.7821317245227,323.80481633914,309.976038073135,503.859485957456,336.841246780886,404.542122213932,218.818703811641,279.060730018602,522.936381569563,133.880946472392,90.8143892594735,229.293062030239,462.25831759495
677.623096329613,98.2562396014193,413.767265501186,211.809345933559,565.282864514972,78.0602062123019,298.093386255225,718.315214528685,44.2830998028264,319.741997688341,522.600202489654,361.102562620135,702.559024744326,279.317877385761,872.088202766183,180.932111477527,516.624234960327,54.4162018577215,319.056625478897,293.424142656054,503.841734194119,325.627069083157,404.42880670757,211.593464916847,279.060535132466,510.113878014202,133.745822292693,86.7385785496303,207.625596647393,460.571895998251
677.615646918955,98.2366710690021,413.680340146271,210.388162398438,565.282864514972,77.9768061867726,297.936043160736,716.687385516007,44.2830940541123,319.74135272068,522.600202489654,360.994871811239,702.463450078699,278.751928995071,872.040048962179,180.842575240664,516.396185007704,54.4161994480312,319.056620609675,293.053112526248,503.021679669674,325.537079328455,379.532027426708,202.386298692058,279.060535132466,508.889707441464,133.744976012082,81.9397052748159,205.778624020421,457.511603857844
677.591236893005,98.208333537973,413.633756487283,207.797765924141,565.282864514972,77.9741458006604,297.93604245622,716.683878105435,44.2824249620223,319.741352640206,522.600202489654,360.994869027763,702.371910293723,277.902611846139,872.040048962172,172.885796715611,516.395991712341,54.3889102618896,319.056620568575,293.053112526248,503.02068099751,325.513371939446,379.532017193544,202.386298660705,279.060535132466,508.889336688406,133.679022118855,71.233636459569,205.761334070828,455.23897886128
677.591236890004,98.1856560477595,413.633756479848,207.797745678929,565.282864514972,77.9254394768852,297.93604245622,716.683878105122,42.9553277403411,312.49442038353,522.600202489654,360.994869027456,702.33028569956,277.902590420098,872.04004896148,172.885759165433,516.229564447885,54.3889101204136,319.056620568575,293.053112526248,503.018619526425,325.513369609839,379.532017193544,202.386298660705,279.060535132466,508.889336582055,133.679022118855,71.2336012306675,205.761275571924,455.238974122403
677.591236890004,98.1856557848137,413.587049379908,207.797744936435,565.282864514972,77.9254393184121,297.93604245622,716.683878105122,42.1227888600397,312.49433286692,522.600202489654,360.994869027456,702.33028569956,277.90259042009,872.04004896148,172.885097237842,516.229564447808,53.2095856242443,319.056620568575,293.053112526248,503.018619526425,325.47566650202,379.531993736793,202.386298660705,279.060535132466,508.889336582055,133.679022118855,71.2336012306662,205.761262513809,455.238974122397
677.591236890004,97.7481375066741,413.586511033569,207.797740068548,565.282864514972,77.921760123483,297.93604245622,716.683878105122,40.6693261354651,312.38149215367,522.600202489654,360.994869027456,702.33028569956,277.90259042009,872.040048961479,172.885035208649,516.229562463347,53.1514303296201,318.999824669965,293.053112526248,503.018619526425,325.475666499533,379.53022276092,202.386298660705,279.060535132466,508.889336582055,133.679022118855,71.2336012306662,205.761262513809,455.238974122389
677.591236890004,97.7442986539377,413.560775052161,207.79640200922,565.282864514972,77.9217599162987,297.93604245622,716.683878105122,40.668613410322,312.311124105533,522.600202489654,360.994869027456,702.33028569956,277.90259042009,872.040048961479,171.468760706801,516.205488886947,50.8087810877214,318.999824576742,293.053112526248,503.018619526425,325.475666499533,379.529532781263,202.386298660705,279.060535132466,508.740463244983,133.679022118855,71.2336012306662,205.761262513809,455.238974122389
677.591236890004,96.0320651133343,410.61470038471,207.796402009212,565.282864514972,77.9217599162987,297.93604245622,716.683878105122,36.9637563439678,308.768613665413,522.600202489654,360.994869027456,702.33028569956,277.90259042009,872.040048961479,171.468760706801,516.202562328088,50.7911256018422,318.99982457668,293.053112526248,503.018619526425,325.475666499533,379.400985878563,202.386298660704,279.060535132466,508.740463244941,133.679022118855,71.2336012306662,205.761262513809,455.238974122389
