2336.57666355901,9781652.63954947,110880.670919549,4880.77888563894,216283.153199097,20939.4637674006,125712.74173073,33367.1022413234,67625.894728842,117581.078882188,1324.85537420502,32131.0839597201,22236.1485337661,375580.368082109,232326.663571555,659523.091313631,550823.309999181,19841.1289236813,2773046588.12079,52944.4867920317,516753402.688939,31359.1827291863,20568.5440346333,36032.4316419795,24971.1664569688,3440.28361059554,115896.153802179,7578.56783801529,653.118118613267,3010.19936962189
939.858514500693,380028.83875672,422.818283879171,4548.10169240577,7526.12828708072,8752.74153322894,16672.9816555924,429.467854520432,54884.5266067191,63.6358299192532,1324.47734341818,433.544537973667,694.361444596142,50009.5743265313,8950.15209573451,16922.4908606716,1540.64553912929,19634.7596501435,245757.86054604,31413.8655194315,48456.0220207527,31352.1710109844,20514.3921773662,1906.74267714909,21620.2757801079,3202.01137774491,14080.206283785,772.731621423432,651.875799404572,927.941669053304
939.759185414004,48971.6568905623,422.818283879171,4546.24494674491,7523.76219314293,8752.30238751629,16666.7043705098,429.327429447834,19857.9909000154,52.773583041449,1323.91265769808,433.353181820938,694.361444596142,31053.9383882486,202.968721562957,13324.6870751372,1537.62491328179,124.333552466656,31066.3338852919,31404.3001246599,48448.6421885928,31338.9115343963,20505.5608907712,1906.06545285542,21581.1769853292,67.7787795991062,14075.2358486217,771.741272215898,651.744207082295,927.941669053304
939.027254737499,30975.5399943761,422.818283879171,4542.01436809928,7516.56129141056,8747.57802732536,16652.6650431217,428.992513663298,19841.3258592099,52.7640843164547,1322.92226645903,432.918986989954,694.361444596142,31030.3944457096,202.882223422417,13312.9775757516,1536.49594080691,124.289275590821,31050.2532956744,31376.2850881657,48424.443199199,31312.3617487507,20488.4464574191,1904.18918635458,13865.7911463185,67.7495673434021,14062.0007288989,771.48441259224,651.441358558106,927.941669053304
937.203362857416,30904.5937236947,422.818283879171,4531.57084948889,7502.67671341713,8734.60796802686,16618.6905955856,428.184825088659,19801.3348595261,52.719356727147,1320.60849878619,432.013532862375,693.321681243144,30953.2542401998,202.55276188654,13284.7300436904,1533.18298880288,124.132789874766,30985.1940954141,31313.4410259967,48359.0943982754,31239.4942735817,20440.411245118,1900.22389564816,13837.5295996605,67.7027555147843,14030.2642886929,770.526542750872,650.713983606199,927.941669053304
933.398425898297,30776.9811481719,422.818283879171,4512.00490029066,7469.68596552633,8711.54596825619,16544.6513713309,426.422806616862,19709.2129374154,52.628197649831,1316.26988780014,430.325008022184,690.375255634391,30820.5034036916,201.778645467377,13226.0733076197,1527.38426099862,123.85772789703,30859.1624614289,31170.6803275441,48225.1795338465,31114.0588396809,20355.8587994739,1892.84197631138,13780.058371615,67.6093540299314,13965.7553628886,768.759097255412,649.322885650081,927.941669053304
929.445092473516,30646.1465337746,422.818283879171,4493.43354283144,7440.86200895527,8688.79521106714,16474.8514711227,424.650603170999,19624.85509604,52.5364304006439,1311.76028229202,428.504139392445,687.50970130441,30691.4900729033,201.027860041574,13170.9822963292,1520.77834326537,123.564887518231,30728.2309500175,31038.3934122116,48094.7756977439,30981.0818451983,20268.8092605459,1884.75215641898,13722.8734238427,67.5155706206485,13907.101556435,766.935191663507,647.894669416136,927.941669053304
925.638726986173,30513.5481312823,422.818283879171,4475.93600271547,7409.96749650619,8666.16824574771,16403.0714153489,422.947603778185,19539.1708793096,52.4483025649376,1306.82356282916,426.691619755314,684.741648308995,30557.2766240828,200.315939468586,13116.1716740462,1514.16404943233,123.267058882975,30588.608798632,30913.5015115267,47954.6756157805,30848.4322310035,20179.3525945221,1876.81769987027,13661.0214614232,67.4239683939347,13846.3132383449,765.322197129395,646.579272179276,927.941669053304
921.898985025319,30392.6431533195,422.818283879171,4456.59879429803,7378.4604883281,8643.84622252963,16334.2956577264,421.358579527396,19453.1983415544,52.3619837072767,1302.13346651527,424.907115310503,682.039569219747,30421.613303983,199.664133816346,13061.328182121,1508.10284474226,122.99092277198,30465.5094402603,30783.8243999455,47820.6829443572,30714.167115485,20086.5048902826,1869.40260101841,13600.2006783786,67.3305617541616,13785.6793583245,763.601331592201,645.067774657088,927.941669053304
918.445193259236,30262.9002645069,422.818283879171,4438.07923533607,7346.95415386269,8622.19522340393,16268.8104754804,419.712745189024,19368.1393570317,52.2760005720497,1297.84551512899,423.173273818184,679.238817399255,30292.738496468,198.91041005569,13003.1008769531,1502.345068938,122.700440269778,30340.1946207636,30655.6399035467,47702.1963398784,30586.2249060249,19996.4761076706,1862.05032922743,13541.1271256933,67.2301388586263,13726.9962139946,761.899237589803,643.801918625768,927.941669053304
914.820161277627,30127.7755708817,422.818283879171,4419.75293805105,7314.90661042259,8598.88341786713,16195.470015846,418.052649599474,19284.6971293629,52.1845807653324,1293.66952416081,421.539376333219,676.552368131915,30162.5251141463,198.201067690163,12950.1613813823,1495.81675290193,122.424843328174,30203.2641812328,30515.3431045898,47554.3009833647,30450.8348114646,19910.4782613752,1853.93870919932,13488.5322447913,67.1350319791104,13663.8972912327,760.184717779828,642.242377369248,927.941669053304
911.240801037469,29994.3697731722,422.818283879171,4401.17046483398,7283.81471951136,8576.82272881391,16124.7920183604,416.455180369379,19203.8404176739,52.1008196128157,1289.71026263601,419.80403212155,673.814070593061,30040.1371620535,197.464474950218,12896.8713833776,1489.2937431185,122.143906320779,30079.6046921815,30385.1564689408,47430.415632024,30327.8989254856,19827.1980593198,1845.91875614992,13429.8462621127,67.0444104294445,13607.6395477154,758.559518097949,640.968532245038,927.941669053304
907.497966446128,29858.5770577731,422.818283879171,4380.35996278785,7254.14484815728,8553.60415454781,16054.6189995198,414.761542790748,19120.1548513164,52.0199871396565,1285.42086139781,417.994260900547,670.921747437024,29904.5162379538,196.794974890526,12838.3324200553,1482.70120089521,121.847387058338,29948.3907657937,30252.5911125149,47303.2945314198,30194.8658161656,19748.5862965399,1838.47050862557,13371.8120952443,66.9434411658187,13549.2621692519,756.964069538766,639.615531718375,927.941669053304
904.032478348705,29724.6612789321,422.818283879171,4362.03400665433,7223.0629895694,8528.76243739447,15985.710658822,413.104413560317,19035.1097473512,51.9305596781712,1280.75131544572,416.322434509789,668.281552751746,29771.2329027916,196.03874642951,12781.9037538563,1476.52908706097,121.568731932076,29807.0880266842,30129.7737815179,47180.5281239795,30067.1089522026,19665.2153445731,1830.62122457964,13313.5563128097,66.8434459199639,13493.680995605,755.320768546494,638.299961907384,927.941669053304
