5872334624.25508,12923637035.3593,379965788.145026,475342.640185479,30655928935.8572,2566565419.20986,49951514310.5302,943937105.048505,13435543562.7796,1418543701.32966,2201457677.06019,25954079063.6052,42901178062.4671,23039416756.9151,8768231151.24587,47401150125.2294,4169167659.90187,3094761859.768,77037750734.8296,8165275021.88056,73427374329.1652,36321326334.4726,7129364.62686208,78120351.0754326,11690011059.216,2490767139.66987,18696208435.3248,19773931877.5468,1093309846.83689,28204555699.07
1732928.4755189,3181238628.20784,1734016.9104496,446103.631376543,14789191660.5228,189403639.254272,22568438403.1682,1183883.0964932,275531127.840898,1818161.67369759,130796.760646895,11339463062.1507,24115057294.5244,214911942.622587,3322127885.53453,30662027122.4861,17310832.2020347,11215904.3177622,43428517765.6519,1823643013.91773,10956441531.4634,25047269904.6694,63629.264904695,55621564.0373278,4400169477.8049,167779515.444939,9225880036.21484,7426735619.31107,62913.3713869469,2548611732.05386
25340.2565166176,315168122.408193,1595264.25451679,404544.781186305,893506.022553547,78385362.0357664,63017679.5720798,50276.9672607601,203410970.210936,193735.639843068,14570.852457934,86110.8778350823,899725258.767324,7167592.62012321,380483917.104115,665781.344758301,1322696.66457721,3671960.56365017,3279308822.53258,84398.3904007765,516753402.688939,17716679.9570278,63629.264904695,17657559.1062584,114717.06666935,82458393.2667106,35350343.8164269,56782.8388605211,62913.3713869469,6376.03564150033
2720.27847518213,199466528.574672,1500310.49590782,285026.345368,296245.072263524,68356878.6063567,63017679.5720798,37878.8693355076,160458711.393705,138889.679984694,2684.81141829686,34406.9180580391,549904945.558306,455822.355708005,243020307.384798,665781.344758301,1322696.66457721,3302059.48591345,2784986923.02649,61595.6766042234,516753402.688939,104793.07571811,63629.264904695,733237.53511824,34134.1210946267,58549293.4105276,9504308.076372,7980.30662266292,738.848580128709,6376.03564150033
2341.66086563571,194143751.373688,1472328.80854446,77251.1773831566,296245.072263524,1782719.17733229,63017679.5720798,37878.8693355076,21965491.740208,138889.679984694,1331.18176295418,32131.0839597201,58381069.3269281,410453.957873598,5408058.80838382,665402.92716741,1322696.66457721,3302059.48591345,2773417110.47972,53685.3051833059,516753402.688939,33919.4707328893,63629.264904695,36545.3764748309,24981.6026863892,3597233.12056869,1036711.53521025,7578.56783801529,653.118118613267,3010.19936962189
2336.57666355901,9781652.63954947,110880.670919549,4880.77888563894,216283.153199097,20939.4637674006,125712.74173073,33367.1022413234,67625.894728842,117581.078882188,1324.85537420502,32131.0839597201,22236.1485337661,375580.368082109,232326.663571555,659523.091313631,550823.309999181,19841.1289236813,2773046588.12079,52944.4867920317,516753402.688939,31359.1827291863,20568.5440346333,36032.4316419795,24971.1664569688,3440.28361059554,115896.153802179,7578.56783801529,653.118118613267,3010.19936962189
1731.27575920173,2816105.04333937,50664.4302717384,4548.19581726299,7526.12828708072,8752.74153322894,16673.5097289323,429.467854520432,54893.4709836029,4141.00189686178,1324.66947895013,433.597233912092,694.361444596142,50012.8675211311,8952.0480668396,16922.6395560247,6238.76073938865,19643.1983113289,623717305.195248,31413.8655194315,48471.1277705598,31358.0835878121,20514.9299040585,1906.9099674415,21621.14665947,3202.04846243234,15468.4826908485,774.267294834117,651.922322886864,933.013200000089
939.770772282991,48972.3953525591,422.818283879171,4547.33588722137,7525.50989222356,8752.74153322894,16669.6065671782,429.383789723702,19858.1907570895,52.7741430890699,1324.22219993825,433.46556465712,694.361444596142,37980.4989965227,205.07801175301,13324.8453181,1538.09960682606,124.869605702881,34984.2724831206,31409.9821246461,48455.5019575213,31346.9732206919,20509.7164354826,1906.40856954923,21620.2196518095,1118.48607913916,14078.5415343893,771.743848705606,651.820407103481,927.941669053304
939.464416565527,30988.7996528152,422.818283879171,4544.41315654516,7520.37233221434,8750.02633038258,16659.6325558532,429.158788866629,19852.2731460318,52.7732556486619,1323.29741263881,433.151771728348,694.361444596142,31043.8071191395,202.9445125149,13319.3869849589,1537.16699742029,124.323403386452,31063.2129506797,31390.1273074076,48437.0999843439,31326.2257996797,20497.0657336875,1905.04892250645,13870.2936117987,67.7508269782638,14068.8006852259,771.645354861808,651.590164201534,927.941669053304
938.545255921244,30954.2459824391,422.818283879171,4539.08601483549,7513.11824846175,8744.56506149136,16643.040579376,428.808865943713,19832.0830868268,52.75277874575,1322.28560623688,432.734337380895,694.361444596142,31009.5230803362,202.801155104463,13303.9294912372,1535.65007156049,124.243039753236,31030.8280021298,31361.9178024132,48406.2340451074,31294.4041892793,20473.3892666233,1903.21757512158,13858.1994703481,67.736519531702,14053.5557291534,771.24813999178,651.236812147486,927.941669053304
937.203362857416,30904.5937236947,422.818283879171,4531.57084948889,7502.67671341713,8734.60796802686,16618.6905955856,428.184825088659,19801.3348595261,52.719356727147,1320.60849878619,432.013532862375,693.321681243144,30953.2542401998,202.55276188654,13284.7300436904,1533.18298880288,124.132789874766,30985.1940954141,31313.4410259967,48359.0943982754,31239.4942735817,20440.411245118,1900.22389564816,13837.5295996605,67.7027555147843,14030.2642886929,770.526542750872,650.713983606199,927.941669053304
934.959913465865,30829.1278778378,422.818283879171,4520.49517312271,7484.2519207414,8721.36561962965,16574.8655518887,427.134003900891,19745.9290384658,52.6659365868754,1318.18900331319,431.010025164912,691.561219955532,30874.9789540421,202.118877336228,13248.3471778974,1529.67909230691,123.976211857239,30907.9231369336,31228.7060482206,48280.9242069448,31168.6633038347,20392.4959692205,1895.96353222489,13803.4005131724,67.645962246778,13992.5378767077,769.477418587965,649.920235283074,927.941669053304
931.259576503726,30712.6434260482,422.818283879171,4501.82264685236,7454.83970131852,8699.99638082723,16509.6310943152,425.482877037346,19667.1858001629,52.5793612186415,1313.77928217992,429.321372968687,688.930995587073,30751.1576893177,201.401212616101,13196.5955481537,1523.84305318917,123.714095336553,30797.594561947,31097.8989626279,48159.8668239674,31047.268228402,20313.9241559284,1889.02419333064,13751.0731268904,67.5605889265239,13936.5938046659,767.801932644356,648.549460816536,927.941669053304
925.697828613125,30516.2875028375,422.818283879171,4476.34546342119,7410.43371787465,8666.73468709748,16404.265797148,422.984696056526,19541.3289502728,52.449845078733,1306.89143243614,426.735376950492,684.769885504821,30559.9171658346,200.327031589615,13117.2799876516,1514.27488382262,123.270839352544,30591.5525341724,30915.4999188434,47957.7214893797,30850.3843235503,20180.6910168372,1876.92863128937,13662.1361969913,67.4257763493615,13847.6188814233,765.347474151747,646.600871099373,927.941669053304
917.350935777139,30221.1976725559,422.818283879171,4433.1000557826,7337.63734571716,8614.71685953986,16248.4446687843,419.174032254315,19341.8214803108,52.245414621653,1296.56464482135,422.674371331092,678.344841600332,30251.9280897423,198.686562504316,12983.958654472,1500.26286899475,122.610926097714,30296.9641787676,30610.361423509,47656.7219965565,30545.4321889881,19969.3594809579,1859.93557977389,13526.5992633241,67.2007052250187,13710.0911228987,761.421529519431,643.359552222767,927.941669053304
904.032478348705,29724.6612789321,422.818283879171,4362.03400665433,7223.0629895694,8528.76243739447,15985.710658822,413.104413560317,19035.1097473512,51.9305596781712,1280.75131544572,416.322434509789,668.281552751746,29771.2329027916,196.03874642951,12781.9037538563,1476.52908706097,121.568731932076,29807.0880266842,30129.7737815179,47180.5281239795,30067.1089522026,19665.2153445731,1830.62122457964,13313.5563128097,66.8434459199639,13493.680995605,755.320768546494,638.299961907384,927.941669053304
