883.849655325658,772.351691850932,876.196482728753,415.574490322142,1117.21915420088,898.581353813663,809.718794401327,828.637892676356,879.367456792829,1580.70163754092,1185.45368633213,1267.97485960583,739.356849797662,801.120118212114,844.574182056267,310.63507389263,1327.11315507531,417.629876927365,1004.64308474229,583.765795771906,1156.99061942585,575.486995994353,1428.91252641186,1233.97965140143,1010.44189929067,844.326406942704,1107.80455078743,925.840762293783,422.619773141972,1072.13186995431
667.25466628378,658.13287699139,625.097894813418,295.866441370636,569.188213571631,534.767887890866,441.829337540923,731.802403066959,454.328677549792,1497.01188644951,897.42590257658,1261.23593269835,602.0297487096,679.610948919617,545.799665678108,278.638333319177,796.602476887894,409.395359122421,826.315810324835,427.260524486301,1145.61189643537,575.010236294016,1007.74596200717,953.915364600481,593.510760264548,468.717920517999,1078.1217579619,601.960551955785,405.665690221461,617.958516371294
474.675364577165,622.037650585075,608.982420035355,294.776964411003,448.056616493756,322.033882957876,380.86270879255,674.453383454976,435.143599860048,898.637957046316,445.21262540176,1257.23654607135,595.45909987901,638.550879151073,475.527757292405,271.765959293512,729.813001738245,406.953728701729,826.315810324835,395.103900417142,1101.86539776863,561.271792997171,676.609972217737,858.428976929726,546.150995023997,391.596989083658,1070.81003509622,553.166803731157,404.895092679772,426.114488067305
418.092643079782,613.188353643349,602.607598522859,285.836975945022,448.056616493756,305.506678152915,371.729661972751,652.243894065828,412.768027890903,581.899501846087,407.588745518498,1254.72493847287,590.664871297698,634.890205026956,461.437542585163,269.234378585238,710.771825308506,405.978532694002,812.092754238249,384.158675442783,1043.08134418888,560.090620328221,615.717968842904,738.833910591258,537.354136411061,388.834357961957,1068.90989394389,535.920458708959,402.582316477007,388.366000725895
412.631455158861,611.528001967131,601.308701130068,285.186577937205,448.056616493756,299.207449219894,368.862416524021,650.235614644564,408.354694028094,454.563271878197,404.063447910156,1254.08469232698,589.438911759165,633.945980006973,446.562970047979,268.925939788272,707.872750716183,405.765032749465,810.258155981027,384.101448590303,681.531710896186,559.731442848821,611.750036350822,676.471022621663,535.257725186369,386.741254321066,1068.05896382776,530.883934183978,402.227431792685,383.097727626923
412.263334776024,611.498918109657,601.294777657269,285.065531986373,448.056616493756,299.207449219894,368.856012883887,650.174809832624,408.136891004917,453.106778744573,403.969969443911,1245.96713470919,589.401106128215,633.832035355683,440.115298996625,268.886378015955,707.619332661764,405.765032749465,810.258155981027,384.101448590303,671.126809083441,559.731442848821,611.683349498914,673.97932841326,535.235980325738,386.532688215137,1068.04088859312,525.904780115568,402.184253779638,382.73849983958
411.322526847584,611.498918109657,601.294777657269,281.122001696253,448.056616493756,299.207449219894,368.854634676389,650.174064545264,408.130739028104,453.096824764091,403.969969443911,1245.68065813595,589.400830159582,632.907762786257,439.97095685326,268.542765447413,707.479172563452,405.765032749465,810.258155981027,384.101448590303,671.013601491497,559.731442848821,611.680284057647,673.970643624723,535.23552898072,386.52287531507,1068.04079769984,525.427443259951,401.267547931639,380.33122846851
402.300933008712,595.910466113293,599.713165847581,281.120211719563,448.056616493756,299.207449219894,368.810197271254,650.174064186569,402.881810081176,453.096824764091,403.969969443911,539.024807517706,589.341558209519,632.907090000251,439.841196610158,265.730396149906,707.409011576921,394.755179992489,810.258155981027,384.101448590303,671.013587666328,559.731442848821,610.807423448124,673.970599043901,531.313021135036,385.723521709446,1068.04079769984,524.785023458312,401.02718452455,379.82942743823
392.836350293699,595.910466113293,599.712549729716,261.775203082402,448.056616493756,281.158125842037,368.792555788099,650.174064186563,402.877308034309,453.096824764091,403.969969443911,539.019408780414,589.341558209519,631.083693930155,439.841177426003,265.71877733056,706.27248749419,394.754893444117,766.567775010226,384.101448590303,670.423408987459,559.731442848821,610.557353601651,673.60893687761,531.311729254038,385.593477240378,1068.04079769984,517.515741492376,400.984951175696,379.822472826106
392.836350293699,595.776405474246,599.619986917348,261.775175135412,448.056616493756,281.158103724011,368.792555786039,650.17406418655,402.877298252061,453.096824764091,403.969969443911,539.018970587119,589.341558209519,627.443225101482,439.841177426003,263.965789434263,703.871108808037,394.754893443971,766.567774028276,384.101448590303,670.42340745462,559.731442848821,610.557353601651,673.608934120076,531.311728308969,374.530599566229,1068.04079769984,517.510581811739,400.984055181257,379.606322898675
392.730093680048,595.776405474246,599.619111842238,261.775175135407,448.056616493756,267.133835727564,368.721624607447,649.80077435251,402.877298252061,453.096824764091,403.969969443911,539.01897054268,589.341558209519,627.443073475832,439.840622151817,247.425177805275,703.782121641659,394.496375614392,766.567774028276,384.101448590303,670.42340745462,559.731442848821,610.557353601651,673.608934120076,531.256644217414,374.53057925477,1061.35460435933,517.510569291135,400.970176906826,379.606321247876
392.723135298839,595.776405474246,599.619111842205,261.075539789095,448.056616493756,267.133835727386,368.721624606977,649.80077435251,402.877298252061,453.096824764091,403.969969443911,357.590923777112,589.341558209519,627.443073447351,439.840622151817,247.425149632242,703.782121017047,394.496375361729,766.567774028276,384.101448590303,670.423405747911,559.731442848821,610.557353601651,673.608934120076,523.727641223906,374.464255484399,1061.35460111726,517.509732857216,400.969915225988,379.606320001347
392.723135082416,595.776405474246,599.619111842187,261.07553883794,448.056616493756,266.966413106376,367.789966125388,649.800774352506,402.877298252061,453.096824764091,403.969969443911,357.590923765251,589.341558209519,627.443073447351,439.840622151817,247.425149216878,703.782121017047,394.406400864169,766.567774028276,384.101448590303,670.423405747911,559.731442848821,610.557353601651,673.608934120076,523.726098721749,374.464255484382,1061.35460111726,517.502602140107,400.907008247431,379.606316307984
392.721632261157,595.776405474246,599.619111842174,253.521328032809,448.056616493756,265.76640219997,367.750316302912,649.72071893662,402.877298252061,453.096824764091,403.969969443911,356.763083985576,589.341558209519,627.443073447351,439.840622052974,247.408954789674,703.782121017047,392.935093261046,766.567774028276,384.101448590303,652.94114337582,559.731442848821,610.557353601651,673.608934120076,523.695702218314,374.464255484253,1061.35460111726,517.502602135338,380.748174004492,379.606316298982
392.721583369339,595.776405474246,599.619111842174,253.381874792796,448.056616493756,265.746930724388,367.746594363396,649.720718936616,402.877298252061,453.096824764091,403.969969443911,356.034275350247,589.341558209519,627.443073447351,439.840622052974,247.408954789137,703.782121017047,392.081574128672,766.567774028276,384.101448590303,652.476450081876,559.731442848821,610.557353601651,673.608934120076,523.685233344657,374.464255484253,1061.35460111726,516.27169955907,380.748173813311,379.606316298865
392.721583369338,595.776405474246,599.619111842174,253.365331457534,448.056616493756,265.683598917592,367.746594363396,643.066023082729,402.877298252061,453.096824764091,403.969969443911,348.481701218126,589.341558209519,627.443073447351,439.840622052974,247.408954789137,703.782121017047,390.687627637949,766.567774028276,384.101448590303,652.476442313123,559.731442848821,609.779825055249,673.608934120076,523.685233344657,374.464255484253,1046.53714061537,516.27169955907,380.748173813311,379.606316297718
