306.716228246369,112.217970464337,341.604786344112,392.625809059839,344.400869250362,427.280873685789,363.951662187534,325.63512931149,384.27947558625,436.981462015083,334.159861106127,282.877730316059,417.140741474831,392.60939714205,348.549544350497,356.433712635177,529.018944789382,454.864185002804,505.891941269133,318.944190609042,519.003457399399,411.146136769034,440.505342359122,416.73836037834,269.859538950739,260.782878303954,290.066541401642,367.483891672298,275.715070213877,322.850726469139
306.716188947624,109.940574177498,341.604728936991,392.625705731517,344.40076809152,427.280828171663,363.951492190943,325.635120684894,384.279469181363,436.981291347067,333.991399266219,282.662488679701,417.045255369978,392.554693056532,348.549431354122,356.427708545404,516.248964618126,454.863968625945,498.277454116037,318.769764474637,516.388770003363,410.916917700619,440.504821288156,416.738284046894,269.84981846589,260.781644290855,289.409302965041,367.483810670937,275.694979478068,322.850698847
306.716188947618,108.577732516525,341.604728936977,392.625705731509,344.400768091495,427.280828171651,363.951492190854,325.635120684884,384.27946918136,436.981291347041,333.990373000642,282.662451420896,417.037244271848,392.55358693915,348.549431354116,356.427708543951,515.540565234053,454.863968625897,497.018862085155,318.74310398247,514.02529347816,410.750833815041,440.504821288127,416.738284046872,269.849818463468,260.781644290563,289.333294099516,367.483810670928,275.693178895356,322.850698846982
306.716188947618,108.030814550725,341.604728936977,392.625705731509,344.400768091495,427.280828171651,363.951492190854,325.635120684884,384.27946918136,436.981291347041,333.990372979883,282.662451420894,417.037221538802,392.553586345748,348.549431354116,356.42770854395,514.65603315036,454.863968625897,496.720447455185,318.742922364754,511.133050287136,410.746944159831,440.504821288127,416.738284046872,269.849818463468,260.781644290563,289.330946421029,367.483810670928,275.693177374063,322.850698846982
306.716188947618,107.89707995358,341.604728936977,392.625705731509,344.400768091495,427.280828171651,363.951492190854,325.635120684884,384.27946918136,436.981291347041,333.990372979883,282.662451420894,417.037221538802,392.553586345748,348.549431354116,356.42770854395,499.67832536899,454.863968625897,496.720447442553,318.742922364754,511.045509933302,410.746944159831,440.504821288127,416.738284046872,269.849818463468,260.781644290562,289.330946421027,367.483810670928,275.693177374063,322.850698846982
306.716188947618,107.89707995086,341.604728936977,392.625705731509,344.400768091495,427.280828171651,363.951492190854,325.635120684884,384.27946918136,436.981291347041,333.990372979883,282.662451420894,417.037221538802,392.553586345748,348.549431354116,356.42770854395,489.885392534835,454.863968625897,496.720447442553,318.742922364754,511.045509933302,410.746944159831,440.504821288126,416.738284046872,269.849818463468,260.781644290562,289.330946421027,367.483810670928,275.693177374063,322.850698846982
306.716188947618,104.936564180474,341.604728936977,392.625705731509,344.400768091495,427.280828171651,363.951492190854,325.635120684884,384.27946918136,436.981291347041,333.990372979883,282.662451420894,417.037221538802,392.553586345748,348.549431354116,356.42770854395,489.885392210109,454.863968625897,496.720447442553,318.742922364754,511.045509933302,410.746944159831,440.504821288126,416.738284046872,269.849818463468,260.781644290562,289.330946421027,367.483810670928,275.693177374063,322.850698846982
306.716188947618,104.935392992843,341.604728936977,392.625705731509,344.400768091495,427.280828171651,363.951492190854,325.635120684884,384.27946918136,436.981291347041,333.990372979883,282.662451420894,417.037221538802,392.553586345748,348.549431354116,356.42770854395,489.885392210109,454.863968625897,496.720447442553,318.742922364754,511.045509933302,410.746944159831,440.504821288126,416.738284046872,269.849818463468,260.781644290562,289.330946421027,367.483810670928,275.693177374063,322.850698846982
306.716188947618,104.935392992843,341.604728936977,392.625705731509,344.400768091495,427.280828171651,363.951492190854,325.635120684884,384.27946918136,436.981291347041,333.990372979883,282.662451420894,417.037221538802,392.553586345748,348.549431354116,356.42770854395,489.885392210109,454.863968625897,496.720447442553,318.742922364754,511.045509933302,410.746944159831,440.504821288126,416.738284046872,269.849818463468,260.781644290562,289.330946421027,367.483810670928,275.693177374063,322.850698846982
306.716188947618,104.905458652727,341.604728936977,392.625705731509,344.400768091495,427.280828171651,363.951492190854,325.635120684884,384.27946918136,436.981291347041,333.990372979883,282.662451420894,417.037221538802,392.553586345748,348.549431354116,356.42770854395,489.885392210109,454.863968625897,496.720447442553,318.742922364754,511.045509933302,410.746944159831,440.504821288126,416.738284046872,269.849818463468,260.781644290562,289.330946421027,367.483810670928,275.693177374063,322.850698846982
306.716188947618,104.905439310025,341.604728936977,392.625705731509,344.400768091495,427.280828171651,363.951492190854,325.635120684884,384.27946918136,436.981291347041,333.990372979883,282.662451420894,417.037221538802,392.553586345748,348.549431354116,356.42770854395,489.885392210109,454.863968625897,496.720447442553,318.742922364754,511.045509933302,410.746944159831,440.504821288126,416.738284046872,269.849818463468,260.781644290562,289.330946421027,367.483810670928,275.693177374063,322.850698846982
306.716188947618,104.905439310024,341.604728936977,392.625705731509,344.400768091495,427.280828171651,363.951492190854,325.635120684884,384.27946918136,436.981291347041,333.990372979883,282.662451420894,417.037221538802,392.553586345748,348.549431354116,356.42770854395,489.885392210109,454.863968625897,496.720447442553,318.742922364754,511.045509933302,410.746944159831,440.504821288126,416.738284046872,269.849818463468,260.781644290562,289.330946421027,367.483810670928,275.693177374063,322.850698846982
306.716188947618,104.905439310024,341.604728936977,392.625705731509,344.400768091495,427.280828171651,363.951492190854,325.635120684884,384.27946918136,436.981291347041,333.990372979883,282.662451420894,417.037221538802,392.553586345748,348.549431354116,356.42770854395,489.885392210109,454.863968625897,496.720447442553,318.742922364754,511.045509933302,410.746944159831,440.504821288126,416.738284046872,269.849818463468,260.781644290562,289.330946421027,367.483810670928,275.693177374063,322.850698846982
306.716188947618,104.905439310024,341.604728936977,392.625705731509,344.400768091495,427.280828171651,363.951492190854,325.635120684884,384.27946918136,436.981291347041,333.990372979883,282.662451420894,417.037221538802,392.553586345748,348.549431354116,356.42770854395,489.885392210109,454.863968625897,496.720447442553,318.742922364754,511.045509933302,410.746944159831,440.504821288126,416.738284046872,269.849818463468,260.781644290562,289.330946421027,367.483810670928,275.693177374063,322.850698846982
