2664.30164221721,2428.31145450216,2153.38186945086,2073.41417603146,1938.8147666358,2706.78229282193,138.04938719386,2590.11629986394,2330.27462381559,1736.01841090744,110.642160262029,2472.2210705238,3209.99547532966,1755.87680180652,1739.15514630488,2451.66726646251,3716.7448528822,3132.02878459511,3560.97951198628,113.13824173364,2324.22004578007,1369.75227597789,1594.67548918101,3050.57002903116,116.646981097536,1406.1706566269,2932.6524736541,2096.840876533,2610.40804654671,2140.4008460392
2661.09676159059,2428.30479376567,2100.58532791979,2073.04799035294,1914.82263331662,2703.88812863913,100.376527025794,2398.40512685438,2330.27173378525,1736.00021530858,100.000533454268,2468.72686987502,3209.94960077896,1755.86044402167,1739.1438002866,2451.16561380987,3626.58996601286,3131.91818522051,3384.37128375553,100.687372633242,2323.8707616709,1369.74210852985,1592.20448078148,3050.56128299799,105.858773363285,1406.16903150143,2931.30387050715,2076.7813541787,2610.40732788048,2089.81993262947
2642.36331253112,2428.30479376547,2094.6973905576,2073.04753923664,1902.9951954666,2703.88631156653,100.347887721767,2302.64929044566,2330.27173378483,1736.00021530633,100.000000193684,2467.93142035052,3209.25252538488,1755.86044401252,1739.14380028225,2449.42126116406,3619.85024257628,3125.28803400468,3384.14865896106,100.686790429834,2323.87058548063,1369.74210852911,1592.20050104523,3050.56128297754,105.629202396386,1406.1690315011,2931.29732749131,2075.9664075008,2610.40732788036,2089.05125034921
2642.36302252788,2428.30479376547,2074.72272465657,2073.0475392366,1902.99446359333,2703.88631153368,100.34788770712,2295.97639922942,2330.27173378483,1736.00021530633,100.000000000001,2467.93078234352,3206.49446598732,1755.86044401252,1739.14380028225,2449.25104486022,3288.21529585191,3117.81907167537,3384.14561068308,100.686790429697,2322.27394754401,1369.74210852911,1592.20050104523,3050.56128297754,105.629197637501,1406.1690315011,2931.29731948489,2059.14466138761,2610.40732788036,2088.80552393243
2642.36302252788,2428.30479376547,2074.72270937917,2073.0475392366,1902.99446359302,2703.88631153348,100.34788770712,2295.39033800155,2330.27173378483,1736.00021530633,100.000000000001,2467.93078234306,3206.49446598732,1755.86044401252,1739.14380028225,2449.11807531401,3288.18984375107,3117.23012005847,3384.14448209361,100.686790429697,2322.27354603375,1369.74210852911,1590.87105090412,3050.56128297754,105.629197637501,1406.1690315011,2931.29731948463,2057.14455628096,2610.40732788036,2088.80552314476
2598.76288858856,2428.30479376547,2074.72270937863,2073.0475392366,1902.99446359302,2703.88631153305,100.34788770712,2295.38058901987,2330.27173378483,1736.00021530633,100.000000000001,2467.93078234256,3206.49446598732,1755.86044401252,1739.14380028225,2449.11799282415,3288.18984375107,3117.23009902033,3384.14447260297,100.686790429697,2320.87953039749,1369.74210852911,1590.87105088499,3050.56128297754,105.629197637501,1406.1690315011,2931.29731948415,2057.14455516449,2610.40732788036,2088.8055231444
2592.10916345788,2428.30479376547,2074.72270937796,2073.0475392366,1902.99446359302,2703.8863115326,100.34788770712,2295.38058901987,2330.27173378483,1736.00021530633,100,2467.93078234203,3206.49446598732,1755.86044401252,1739.14380028225,2448.96116735305,3288.18984375107,3117.23009902003,3384.14447259557,100.686790429697,2320.87953039744,1369.74210852911,1590.87105088488,3050.56128297754,105.629197637501,1406.1690315011,2931.29731948372,2057.14455516448,2610.40732788036,2088.80552314407
2592.10916345784,2428.30479376547,2074.72270937732,2073.0475392366,1902.99446359297,2703.8863115322,100.34788770712,2295.36009000074,2330.27173378483,1736.00021530633,100,2467.93078234149,3206.49446598732,1755.86044401252,1739.14380028225,2448.96116573694,3288.18984375107,3117.23009901973,3384.14447258677,100.686790429697,2320.87953039735,1369.74210852911,1590.87105088469,3050.56128297754,105.629197637501,1406.1690315011,2931.29731948331,2057.14416493074,2610.40732788036,2088.80552314369
2592.10916345784,2428.30479376547,2074.72270937669,2073.0475392366,1902.99446359297,2703.8863115318,100.34788770712,2295.35971686701,2330.27173378483,1736.00021530633,100,2467.93078234103,3206.49446598732,1755.86044401252,1739.14380028225,2448.96116573679,3288.18984375107,3117.23009901942,3384.14447257924,100.686790429697,2320.87953039728,1369.74210852911,1590.8710508845,3050.56128297754,105.629197637501,1406.1690315011,2931.29731948287,2057.14393729183,2610.40732788036,2088.80552314338
2592.10821541663,2428.30479376547,2074.72270937602,2073.0475392366,1902.99446359297,2703.88631153137,100.34788770712,2295.35971686701,2330.27173378483,1736.00021530633,100,2467.9307823405,3206.49446598732,1755.86044401252,1739.14380028225,2448.96116573665,3288.18984375107,3117.23009901912,3384.14447257185,100.686790429697,2320.8795303972,1369.74210852911,1590.87105088431,3050.56128297754,105.629197637501,1406.1690315011,2931.29731948238,2057.14393729182,2610.40732788036,2088.80552314305
2592.10821541663,2428.30479376547,2074.72270937539,2073.0475392366,1902.99446359297,2703.88631153097,100.34788770712,2295.35971686701,2330.27173378483,1736.00021530633,100,2467.93078233998,3206.49446598732,1755.86044401252,1739.14380028225,2448.96116573647,3288.18984375107,3117.23009901879,3384.1444725443,100.686790429697,2320.87953039711,1369.74210852911,1590.87105088414,3050.56128297754,105.629197637501,1406.1690315011,2931.29731948192,2057.14392670936,2610.40732788036,2088.80552314268
2592.10821541663,2428.30479376547,2074.72270937477,2073.0475392366,1902.99446359297,2703.88631153053,100.34788770712,2295.35971686701,2330.27173378483,1736.00021530633,100,2467.93078233953,3206.49446598732,1755.86044401252,1739.14380028225,2448.96116573632,3288.18984375107,3117.23009901848,3384.14447253673,100.686790429697,2320.87953039703,1369.74210852911,1590.87105088397,3050.56128297754,105.629197637501,1406.1690315011,2931.29731948148,2057.14392147079,2610.40732788036,2088.80552314233
2592.10821541663,2428.30479376547,2074.72270937411,2073.0475392366,1902.99446359297,2703.88631153013,100.34788770712,2295.35971686701,2330.27173378483,1736.00021530633,100,2467.93078233905,3206.49446598732,1755.86044401252,1739.14380028225,2448.96116573616,3288.18984375107,3117.23009901815,3384.14447246698,100.686790429697,2320.87953039696,1369.74210852911,1590.87105088378,3050.56128297754,105.629197637501,1406.1690315011,2931.29731948102,2057.14392069914,2610.40732788036,2088.80552314197
2580.88444588797,2428.30479376547,2074.72270937343,2073.0475392366,1902.99446359297,2703.88631152971,100.34788770712,2295.35971686701,2330.27173378483,1736.00021530633,100,2467.93078233853,3206.49446598732,1755.86044401252,1739.14380028225,2448.961165736,3288.18984375107,3117.23009901785,3384.14447245892,100.686790429697,2320.87953039687,1369.74210852911,1590.87105088359,3050.56128297754,105.629197637501,1406.1690315011,2931.29731948067,2057.14392069914,2610.40732788036,2088.80552314159
