613.108496499373,1494.72466089575,1728.23777267862,1113.49716863007,2120.43230638154,598.849873588882,1629.55002104145,587.07056178118,434.917479760419,1019.90422148207,1133.16830205044,1452.48281774011,2092.47903619258,781.931151819461,1257.76029062586,451.067282922336,1053.88248334308,2799.68408676838,438.637409869162,2998.1106558213,1769.31463689664,689.683821818705,984.569348409071,1545.94994756048,1894.29824400721,1437.01949574006,1535.32111342062,716.068331770468,2834.01136183498,1163.45376293519
605.639275844553,1296.50839864059,1603.61753669118,902.592716967788,1834.6239685989,540.744496597622,1285.70780345977,562.479741867498,414.766733762394,895.408488286563,1060.43738480186,1288.47540661221,1869.01523203451,748.630972287193,1012.87821011344,430.147559914628,948.075442825687,1786.72779730614,415.854288264626,1907.84901911923,1419.29632508639,654.513563284464,881.947792669037,1244.78266487851,1746.00528743176,1273.08471446347,1323.45237795607,684.463619510876,2041.47766051457,1123.06663725784
602.228834263648,1118.14477558069,1480.94173508492,866.654505589611,1664.14546291931,524.191662224091,1035.62595587375,553.158463074841,403.023911629713,782.777382569417,988.172394136584,1131.43663619277,1723.63637979463,689.803107963878,966.636379432698,412.021794048366,907.383691560447,1232.48470487618,398.225649365032,1615.55872815502,1137.29632007738,635.954313486323,787.450064226571,1061.1925617793,1478.88321113468,1128.88662399504,1039.7310535607,609.878387790041,1910.60910885732,975.334300140272
601.311711762379,921.077793584228,1206.48851646181,856.442593916494,1616.84884379578,505.54774152795,1014.85417288761,520.57680100447,398.799443474554,724.862999862443,894.206509283048,988.423925173129,1699.14173004171,623.472702073649,946.083857736949,409.566812813534,880.558233753714,961.29704260727,376.421716150701,1473.2420053332,999.61745255912,631.024475112095,693.211675942444,928.23557885643,1361.98420746849,1053.46097038723,1004.34488565157,565.39882180817,1791.81286417837,924.83323990381
601.254018828739,783.484983350716,1185.74205042003,841.473203369068,1608.00032213114,487.43343324034,1011.0600831258,516.184360963381,396.755964230724,718.449401489841,798.368866767557,955.146244252478,1696.0549740525,579.293410296938,942.290909764524,408.183901766775,872.62183696859,940.20773943769,359.729327017862,1396.30232774349,948.381167959375,627.685437109044,673.238623948163,847.973753250294,1318.3578093505,1029.53725809061,990.201876096192,548.603984615104,1774.70870633413,919.521572062848
601.248903296745,767.932762593783,1184.91125582589,837.025781126996,1607.66302301917,485.757432645096,1010.90591718176,515.822141822419,396.557233326015,718.270052543947,784.625426002175,954.468360482933,1693.478116972,575.892267111341,942.153576674187,404.683809472544,872.326577794656,939.046140174574,355.604962754149,1389.02736160077,946.56775409545,627.455227648713,671.717209723928,830.968930473676,1199.06224698253,1028.87224056068,989.130730805148,547.997625479375,1773.68448972214,918.750253950426
601.248622760969,767.84638815124,1184.90968243947,836.933443695853,1607.6621431066,485.741542769929,1010.90495623055,515.821419506361,396.5546201071,718.269197610421,784.547128057052,954.468360482933,1692.04486533335,575.693495855938,942.152912355161,403.986253944467,872.321442923087,939.030173686825,354.63165932193,1389.00215104387,946.52191619206,627.288743766622,671.694932204107,830.811092769716,1060.25014394118,1028.8707302373,989.124166727673,547.972337995875,1773.59500104127,918.720823202386
601.248621165474,767.846353177672,1184.9096817034,836.932658890701,1607.66214294765,485.580732957912,1010.90495545959,515.821413872522,396.55461381883,718.26919754034,784.540562366111,954.468360482933,1687.00174396289,575.613733771003,942.152911570567,403.932355041063,872.321439672289,939.030132924247,352.520816175002,1389.00214422802,946.521776179133,626.354485663261,671.694930637465,830.811088801713,1057.65783813301,1028.87072933228,989.124166333487,547.972336389331,1773.59474240916,918.720690490102
601.248621165198,767.846353177653,1184.90968170339,836.932655422357,1607.66214294764,485.418481645765,1010.90495545959,515.670619541696,396.554613818018,718.26919754034,784.540557212402,954.468360482933,1686.88648156113,575.613506769507,942.152911570383,403.910874943421,872.321439672259,939.030132919881,351.079073478779,1389.00214422797,946.521776175649,625.173796581071,671.694930637464,830.811088801711,1057.65781142682,1028.8707293185,989.124166333486,547.97233638933,1773.59474240908,918.720690456397
601.248621165198,767.846353177653,1184.90968170339,836.932655422357,1607.66214294764,485.379835715085,1010.90495545959,515.670619535446,396.554613817847,718.26919754034,784.540557135508,954.468360482933,1686.83137953774,575.613506769465,942.152911570383,403.910772973362,872.321439672232,939.030132919843,351.042983900304,1389.00214422797,946.521776175649,625.151097296805,671.694930637464,830.811088801711,1039.84756531848,1028.87072931844,989.124166333486,547.97233638933,1773.59474240908,918.720690456364
601.248621165198,767.846353177653,1184.90968170339,836.932655422357,1607.66214294764,485.324097079817,1010.90495545959,515.670619535442,396.554613817609,718.26919754034,784.540557135266,954.468360482933,1686.8313741252,575.613506769465,942.152911570382,403.910772973362,872.321439672188,939.030132919806,351.039805954005,1389.00214422797,946.521776175649,625.151097264555,671.694930637464,830.811088801711,1032.42958767701,1028.87072931844,989.124166333486,547.97233638933,1773.59474240908,918.720690283799
601.248621165198,767.846353177652,1184.90968170339,836.932655422357,1607.66214294764,485.324097073545,1010.90495545959,515.575515056858,396.554613817064,718.26919754034,784.540557135263,954.468360482933,1686.83137412452,575.613506769465,942.152911570382,403.910772973362,872.321439672116,939.030132919756,351.039753847153,1389.00214422797,946.521776175649,625.127709216095,671.694930637464,830.811088801711,1026.80717697949,1028.87072931844,989.124166333486,547.97233638933,1773.59474240908,918.719397155647
601.248621165198,767.846353177652,1184.90968170339,836.932655422357,1607.66214294764,485.324097073531,1010.90495545959,515.575515056803,396.554613816036,718.26919754034,784.540557135118,954.468360482933,1686.8313741241,575.613506769465,942.152911570382,403.910772973362,872.321439671986,939.03013291968,351.039753847151,1389.00214422797,946.521776175649,625.127709199663,671.694930637464,830.811088801711,1026.80717661558,1028.87072931844,989.124166333486,547.97233638933,1773.59474240908,918.550759069298
601.248621165198,767.846353177652,1184.90968170339,836.932655422357,1607.66214294764,485.324097073439,1010.90495545959,515.575515038571,396.554613814733,718.26919754034,784.540557134665,954.468360482933,1686.83137411732,575.613506769465,942.152911570382,403.910772973362,872.321439671804,939.030132919563,351.039753847151,1389.00214422797,946.521776175649,625.127709199639,671.694930637464,830.811088801711,1026.80717641098,1028.87072931844,989.124166333486,547.97233638933,1773.59474240908,918.55075902782
601.248621165198,767.846353177652,1184.90968170339,836.932655422357,1607.66214294764,485.324097073267,1010.90495545959,515.575514968271,396.554613812515,718.26919754034,784.540557133965,954.468360482933,1686.83137411421,575.613506769465,942.152911570382,403.910772973362,872.321439671531,939.030132919308,351.039753847151,1389.00214422797,946.521776175649,625.1277091993,671.694930637464,830.811088801711,1025.5215354612,1028.87072931844,989.124166333486,547.97233638933,1773.59474240908,918.550759024428
601.248621165198,767.846353177652,1184.90968170339,836.932655422356,1607.66214294764,485.324097072984,1010.90495545959,515.575514668794,396.554613809611,718.26919754034,784.540557132758,954.468360482933,1686.83137410273,575.613506769465,942.152911570382,403.910772973362,872.321439671062,939.03013291926,351.039753847151,1389.00214422797,946.521776175649,625.127709198017,671.694930637464,830.811088801711,1025.52153545938,1028.87072931844,989.124166333486,547.97233638933,1773.59474240908,918.550759019542
