4938.58302913128,13645.9019997336,3711.4113781471,12449.6069421265,1964.99420070493,5840.78747604031,9078.08858747801,13589.521688861,13562.1919264172,6668.42340005039,13053.2863861601,14541.7846123708,22793.3030032795,7672.13732944863,9858.15669674817,10743.9516782132,13652.7560564237,17888.3213131593,11883.2544317732,9066.30730381195,12173.3460044896,17154.9756040498,7492.28810635952,4883.65457616036,10303.3193731926,16015.7096218487,4002.03561355627,10988.0104179748,4338.52687830289,5855.73123729762
2511.47854808614,5191.23868160999,2262.34955946278,7130.00468165079,1680.35898286951,2583.47335600266,8123.18691577542,10125.2167505732,3891.36023282883,3607.5859908412,10663.9368970941,12445.7073057214,17773.980873459,5084.00792162593,7862.3247692722,5256.7850641982,9961.90185735463,13058.0704294873,8338.33669229517,5778.6409383564,9511.69407472005,13996.7643724686,5165.51830298046,2130.38750325404,7562.70285239059,10018.5900206805,2845.33379151078,7267.89738910581,2885.39174620555,2851.61955901948
691.745554716159,1542.10364893765,1587.85660320089,1664.50079861391,786.124533549541,1315.34662602742,1851.52221384068,6169.68096073164,1845.08563709674,1396.16764654318,2131.06238429434,4575.99630134806,6036.93933864576,1631.9261224432,3944.44201046824,2065.0026492748,1282.31210740097,3976.5665755725,4265.514376675,3477.87893649251,3251.33443732733,2954.12769675469,1988.00075445247,1469.97314351439,1517.24795060635,2896.59373461972,1296.53780941551,2140.47294168786,1224.83311431194,953.789543044711
572.849079573666,735.021301853816,1030.62353261571,1088.11568456055,584.992103736112,924.951344340273,592.947886555421,2822.20193882038,1440.92284470754,607.37983784349,837.535547965887,837.707495400432,2907.17595516222,705.628060842094,3541.70017211654,659.685094259315,594.903662359246,1416.23447852197,2460.86727939253,2562.70149821135,1742.15885002769,1005.06695626873,718.921411762103,1026.57335234382,807.426550385178,1256.50290005067,784.535803002437,588.968317390052,778.272160745095,616.511499294236
457.667453232679,539.667476726872,768.029462203264,478.957594757489,420.508027657545,635.690808960162,462.923510052756,828.928778599736,769.764640434966,456.705098681218,462.418650065967,497.532838161127,1148.63732336623,492.22018178031,3294.01199290602,464.45650760934,425.683170204881,769.764434192187,1110.00140983301,1169.13232449221,662.172277344765,549.300324011659,449.183185228394,722.69104941841,667.821861146321,764.864705042311,498.087820811148,433.894528438509,534.689716900586,555.193102230976
422.10236662003,451.915672183015,581.807572891479,436.111561393852,399.517505332166,495.80755252702,448.101429426605,522.916772532627,539.15375172072,445.080185898246,445.823793897097,450.299173261148,475.910073340717,454.421899055665,1642.08688321888,449.427032454884,401.152186213377,470.151989059509,457.941768210694,629.893348928328,449.125954882387,412.665724063863,406.345821657128,449.160818637642,468.66791840097,475.897793822941,469.613126960474,405.914614803676,453.762323683517,536.322357483009
400.182593255884,450.393485074218,574.430422871659,401.425843934112,398.379947618605,453.683037229982,447.4547861792,444.433241421953,451.112672032023,444.289101141059,443.741789305981,446.07491725417,472.305319836169,445.582935810526,1587.73197998536,444.680932948085,398.738945037153,445.712026783293,446.468424692609,494.308208683871,445.146651338789,398.979789185805,399.954134305962,447.630535451637,458.657603168491,443.931565251491,445.482594067354,401.63347327417,450.066403409042,530.067645613222
399.680562286556,450.380155340518,539.662537214193,400.837623994358,398.379809373031,451.616845395675,447.454306461015,444.133096771536,449.362869565935,444.286585217257,443.733235188415,446.067003445189,471.184041187395,445.235517465152,597.165003326199,444.623104940054,398.732972768837,445.442593768279,446.311764625034,448.083458578758,445.144922112388,398.884890809009,399.610004191201,447.607041057956,458.467746556445,443.721563926213,445.082157411174,401.598194840777,450.054312566661,525.867577164158
399.609990033346,450.380155308021,538.148820688249,400.836867683167,398.379809372953,451.595492528582,447.454306460896,444.133096025483,449.362223441998,444.286585216781,443.733235187505,446.067003442517,471.179833331717,445.235514660214,580.202447709332,444.623104884368,398.732972767053,445.442590551368,446.311763259436,399.656183832259,445.144922111102,398.884890758442,399.609990033282,447.60704000585,458.443666850855,443.721563819519,445.082154441864,401.598194658537,450.054312564281,525.086143846165
399.609990033282,450.380155308021,534.914337492489,400.836867683167,398.379809372953,451.595492528557,447.454306460895,444.133096025483,449.362223441998,444.286585216781,443.733235187505,446.067003442517,471.178192116065,445.235514660214,562.309969752597,444.623104884368,398.732972767053,445.442590551368,446.311763259436,399.630272095982,445.144922111102,398.884890758442,399.609990033282,447.60704000585,458.443666846688,443.721563819519,445.082154441864,401.598194658536,450.054312564281,524.966050099731
399.609990033281,450.380155308021,526.76470716606,400.836867683167,398.379809372953,451.595492528557,447.454306460895,444.133096025483,449.362223441998,444.286585216781,443.733235187505,446.067003442517,471.178192116014,445.235514660214,544.829551549843,444.623104884368,398.732972767053,445.442590551368,446.311763259436,399.630272095976,445.144922111102,398.884890758442,399.609990033282,447.60704000585,458.443666846688,443.721563819518,445.082154441864,401.598194658536,450.054312564281,524.939341158921
399.609990033281,450.380155308021,525.954751168256,400.836867683167,398.379809372953,451.595492528557,447.454306460895,444.133096025483,449.362223441998,444.286585216781,443.733235187505,446.067003442517,471.178192116014,445.235514660214,531.599004299919,444.623104884368,398.732972767053,445.442590551368,446.311763259436,399.630272095976,445.144922111102,398.884890758442,399.609990033281,447.60704000585,458.443666846688,443.721563819518,445.082154441864,401.598194658536,450.054312564281,524.939341158921
399.609990033281,450.380155308021,525.514589640384,400.836867683167,398.379809372953,451.595492528557,447.454306460895,444.133096025483,449.362223441998,444.286585216781,443.733235187505,446.067003442517,471.178192116014,445.235514660214,531.06457679955,444.623104884368,398.732972767053,445.442590551368,446.311763259436,399.630272095976,445.144922111102,398.884890758442,399.609990033281,447.60704000585,458.443666846688,443.721563819518,445.082154441864,401.598194658536,450.054312564281,524.939341158921
399.609990033281,450.380155308021,525.512702789087,400.836867683167,398.379809372953,451.595492528557,447.454306460895,444.133096025483,449.362223441998,444.286585216781,443.733235187505,446.067003442517,471.178192116014,445.235514660214,525.691148371511,444.623104884368,398.732972767053,445.442590551368,446.311763259436,399.630272095976,445.144922111102,398.884890758442,399.609990033281,447.60704000585,458.443666846688,443.721563819518,445.082154441864,401.598194658536,450.054312564281,524.939341158921
399.609990033281,450.380155308021,525.512702789087,400.836867683167,398.379809372953,451.595492528557,447.454306460895,444.133096025482,449.362223441998,444.286585216781,443.733235187505,446.067003442517,471.178192116014,445.235514660214,524.754469302299,444.623104884368,398.732972767053,445.442590551368,446.311763259436,399.630272095976,445.144922111102,398.884890758442,399.609990033281,447.60704000585,458.443666846688,443.721563819518,445.082154441864,401.598194658536,450.054312564281,524.939341158921
399.609990033281,450.380155308021,525.512702789087,400.836867683167,398.379809372953,451.595492528557,447.454306460895,444.133096025482,449.362223441998,444.286585216781,443.733235187505,446.067003442517,471.178192116014,445.235514660214,524.754469302299,444.623104884368,398.732972767053,445.442590551368,446.311763259436,399.630272095976,445.144922111102,398.884890758442,399.609990033281,447.60704000585,458.443666846688,443.721563819518,445.082154441864,401.598194658536,450.054312564281,524.939341158921
