422.10236662003,451.915672183015,581.807572891479,436.111561393852,399.517505332166,495.80755252702,448.101429426605,522.916772532627,539.15375172072,445.080185898246,445.823793897097,450.299173261148,475.910073340717,454.421899055665,1642.08688321888,449.427032454884,401.152186213377,470.151989059509,457.941768210694,629.893348928328,449.125954882387,412.665724063863,406.345821657128,449.160818637642,468.66791840097,475.897793822941,469.613126960474,405.914614803676,453.762323683517,536.322357483009
399.797320132002,450.380213293552,573.058082181327,400.961454299283,398.379809557272,451.867722138248,447.45430749788,444.135141140942,449.495742010758,444.286588613941,443.733238786793,446.067009552132,471.228170077535,445.242171877564,830.543223567678,444.623219435442,398.732979396658,445.44459506342,446.315707672248,461.111674574626,445.144928248472,398.88502548202,399.633479725303,447.607413462355,458.561238335793,443.721919515675,445.082473784153,401.59974153437,450.054320333174,526.722280831193
399.610284057829,450.380155308041,538.761990675349,400.836867886587,398.379809372953,451.59551115964,447.454306460896,444.133096025698,449.362223964983,444.286585216782,443.733235187506,446.06700344252,471.180881626888,445.235514662562,595.943729803315,444.623104884434,398.732972767053,445.44259055224,446.311763261311,401.941387013264,445.144922111102,398.88489075846,399.609990038282,447.607040006013,458.44408860823,443.721563819649,445.082154442715,401.598194658694,450.054312564283,525.69164306698
399.609990033282,450.380155308021,535.100950627556,400.836867683167,398.379809372953,451.595492528557,447.454306460896,444.133096025483,449.362223441998,444.286585216781,443.733235187505,446.067003442517,471.178288982798,445.235514660214,579.951208680583,444.623104884368,398.732972767053,445.442590551368,446.311763259436,399.630281296224,445.144922111102,398.884890758442,399.609990033282,447.60704000585,458.443666846689,443.721563819519,445.082154441864,401.598194658536,450.054312564281,525.011887453491
399.609990033281,450.380155308021,526.76470716606,400.836867683167,398.379809372953,451.595492528557,447.454306460895,444.133096025483,449.362223441998,444.286585216781,443.733235187505,446.067003442517,471.178192116014,445.235514660214,544.829551549843,444.623104884368,398.732972767053,445.442590551368,446.311763259436,399.630272095976,445.144922111102,398.884890758442,399.609990033282,447.60704000585,458.443666846688,443.721563819518,445.082154441864,401.598194658536,450.054312564281,524.939341158921
399.609990033281,450.380155308021,525.514589643386,400.836867683167,398.379809372953,451.595492528557,447.454306460895,444.133096025483,449.362223441998,444.286585216781,443.733235187505,446.067003442517,471.178192116014,445.235514660214,531.107732700705,444.623104884368,398.732972767053,445.442590551368,446.311763259436,399.630272095976,445.144922111102,398.884890758442,399.609990033281,447.60704000585,458.443666846688,443.721563819518,445.082154441864,401.598194658536,450.054312564281,524.939341158921
399.609990033281,450.380155308021,525.512702789094,400.836867683167,398.379809372953,451.595492528557,447.454306460895,444.133096025483,449.362223441998,444.286585216781,443.733235187505,446.067003442517,471.178192116014,445.235514660214,531.064576788453,444.623104884368,398.732972767053,445.442590551368,446.311763259436,399.630272095976,445.144922111102,398.884890758442,399.609990033281,447.60704000585,458.443666846688,443.721563819518,445.082154441864,401.598194658536,450.054312564281,524.939341158921
399.609990033281,450.380155308021,525.512702789087,400.836867683167,398.379809372953,451.595492528557,447.454306460895,444.133096025483,449.362223441998,444.286585216781,443.733235187505,446.067003442517,471.178192116014,445.235514660214,525.463357873849,444.623104884368,398.732972767053,445.442590551368,446.311763259436,399.630272095976,445.144922111102,398.884890758442,399.609990033281,447.60704000585,458.443666846688,443.721563819518,445.082154441864,401.598194658536,450.054312564281,524.939341158921
399.609990033281,450.380155308021,525.512702789087,400.836867683167,398.379809372953,451.595492528557,447.454306460895,444.133096025483,449.362223441998,444.286585216781,443.733235187505,446.067003442517,471.178192116014,445.235514660214,524.754469302299,444.623104884368,398.732972767053,445.442590551368,446.311763259436,399.630272095976,445.144922111102,398.884890758442,399.609990033281,447.60704000585,458.443666846688,443.721563819518,445.082154441864,401.598194658536,450.054312564281,524.939341158921
399.609990033281,450.380155308021,525.512702789087,400.836867683167,398.379809372953,451.595492528557,447.454306460895,444.133096025482,449.362223441998,444.286585216781,443.733235187505,446.067003442517,471.178192116014,445.235514660214,524.754469302299,444.623104884368,398.732972767053,445.442590551368,446.311763259436,399.630272095976,445.144922111102,398.884890758442,399.609990033281,447.60704000585,458.443666846688,443.721563819518,445.082154441864,401.598194658536,450.054312564281,524.939341158921
399.609990033281,450.380155308021,525.512702789087,400.836867683167,398.379809372953,451.595492528557,447.454306460895,444.133096025482,449.362223441998,444.286585216781,443.733235187505,446.067003442517,471.178192116014,445.235514660214,524.754469302299,444.623104884368,398.732972767053,445.442590551368,446.311763259436,399.630272095976,445.144922111102,398.884890758442,399.609990033281,447.60704000585,458.443666846688,443.721563819518,445.082154441864,401.598194658536,450.054312564281,524.939341158921
399.609990033281,450.380155308021,525.512702789087,400.836867683167,398.379809372953,451.595492528557,447.454306460895,444.133096025482,449.362223441998,444.286585216781,443.733235187505,446.067003442517,471.178192116014,445.235514660214,524.754469302299,444.623104884368,398.732972767053,445.442590551368,446.311763259436,399.630272095976,445.144922111102,398.884890758442,399.609990033281,447.60704000585,458.443666846688,443.721563819518,445.082154441864,401.598194658536,450.054312564281,524.939341158921
399.609990033281,450.380155308021,525.512702789087,400.836867683167,398.379809372953,451.595492528557,447.454306460895,444.133096025482,449.362223441998,444.286585216781,443.733235187505,446.067003442517,471.178192116014,445.235514660214,524.754469302299,444.623104884368,398.732972767053,445.442590551368,446.311763259436,399.630272095976,445.144922111102,398.884890758442,399.609990033281,447.60704000585,458.443666846688,443.721563819518,445.082154441864,401.598194658536,450.054312564281,524.939341158921
399.609990033281,450.380155308021,525.512702789087,400.836867683167,398.379809372953,451.595492528557,447.454306460895,444.133096025482,449.362223441998,444.286585216781,443.733235187505,446.067003442517,471.178192116014,445.235514660214,524.754469302299,444.623104884368,398.732972767053,445.442590551368,446.311763259436,399.630272095976,445.144922111102,398.884890758442,399.609990033281,447.60704000585,458.443666846688,443.721563819518,445.082154441864,401.598194658536,450.054312564281,524.939341158921
