3211.57382740382,2601.13135030869,4315.41542976071,2903.25459978704,3546.02459225855,1431.7114088339,3016.62694372449,2047.89986361109,2212.63935738929,815.582371705193,2504.70803214628,2945.67442209213,4310.68276408483,3684.36104146934,3337.52596941387,2609.0574770873,1780.09928923008,3042.32489886368,1664.13182221591,2253.28762568602,3.11639789806941,2959.14691439203,2037.71257636504,2184.17089413918,948.573685361651,239.766154985831,2956.44286624536,1943.34714262792,1896.60454802089,555.324764333978
3180.84162350261,2570.86210833616,4250.46057777174,2671.03815392754,3498.57425770346,1392.6265148154,3015.89020551171,2043.56000098147,2019.9955890409,814.199304860132,2437.13426765767,2920.27718652043,4304.92838415982,3427.48743082573,3337.40753086525,2589.50837629089,1763.59383807097,2968.73461091704,1661.48716788935,1814.80582487901,0.00105443586653564,2727.86336335358,1962.60824098984,1852.73237316631,934.511699271535,200.008855849086,2844.11635338444,1879.03233989366,1896.59583785864,508.589048736514
3179.57208253371,2552.00468628554,4236.66770019573,2666.42059103602,3493.39394857603,1383.34688330435,3015.85480598632,2043.44699545936,1995.49652686735,814.199304632526,2425.88964255773,2918.62147539329,4301.09914470482,3425.2124983252,3337.40681619964,2588.24887719575,1763.35967703712,2954.80629028049,1661.48137862385,1797.47093766085,5.9157491705264e-07,2716.25700660024,1933.38218782233,1818.68689549718,934.508910466091,200.000002960885,2731.69336689241,1874.68271046941,1896.59534084018,508.588606225821
3178.33547280464,2545.12097483735,4236.2423716262,2666.24478445102,3493.03283776437,1383.031373128,3015.85475997045,2043.42805558731,1992.18034538629,814.199304632525,2417.78314025217,2918.57820029104,4299.94829170854,3422.07718281045,3337.40681619955,2587.71949760579,1763.05762003388,2945.04879126595,1661.48137858911,1796.82562232082,1.36424205265939e-12,2715.47912756278,1929.42076088649,1813.33729311079,934.50891046545,200.000000000002,2720.99758458766,1873.93129390569,1896.59532668312,508.588606220613
3177.09544552014,2544.4744297552,4236.24237159615,2665.58020348786,3493.01162701675,1383.0313731279,3015.85475997045,2043.42764862632,1991.82999812083,814.199304632525,2396.30123320995,2918.57819974622,4299.93419336172,3420.7159079945,3337.40681619955,2587.70448249583,1762.88454497662,2942.48828428627,1661.48137858911,1796.82562231871,9.09494701772928e-13,2715.37582228432,1902.28456693178,1810.86711437539,934.50891046545,200.000000000001,2718.55321892165,1873.65914118985,1896.59528201756,508.588606220613
3177.09544552014,2544.46557764634,4236.24237159615,2665.58020348508,3493.01162701675,1383.0313731279,3015.85475997045,2043.42764862006,1991.8273895199,814.199304632525,2395.95783807546,2918.57819974622,4299.93419336172,3420.71590799449,3337.40681619955,2587.70448249583,1762.88454497662,2942.48828428627,1661.48137858911,1796.82562231871,4.54747350886464e-13,2715.37578456795,1902.27325347214,1810.86711437539,934.50891046545,200.000000000001,2718.51884838856,1873.65901516347,1896.59527381577,508.588606220613
3177.09544552014,2544.46557764634,4236.24237159615,2665.58020348481,3493.01162701675,1383.0313731279,3015.85475997045,2043.42764828669,1991.82738951162,814.199304632525,2395.9451617776,2918.57819974622,4299.93419336172,3420.71590799449,3337.40681619955,2587.70448249583,1762.88454497662,2942.48828428627,1661.48137858911,1796.82562231871,4.54747350886464e-13,2715.37578170578,1902.27325346599,1810.86711437539,934.50891046545,200.000000000001,2718.51884838856,1873.65901516347,1896.59527381576,508.588606220613
3177.09544552014,2544.46557764634,4236.24237159615,2665.58020348456,3493.01162701675,1383.0313731279,3015.85475997045,2043.42762602597,1991.82738951162,814.199304632525,2395.9451617776,2918.57819974622,4299.93419336172,3420.71590799449,3337.40681619955,2587.70448249583,1762.88454497662,2942.48828428627,1661.48137858911,1796.82562231871,4.54747350886464e-13,2715.3757817056,1902.27325346599,1810.86711437539,934.50891046545,200,2718.51884838856,1873.65901516347,1896.59525723709,508.588606220613
3177.09544552014,2544.46557764634,4236.24237159615,2665.58020348428,3493.01162701675,1383.0313731279,3015.85475997045,2043.42762602554,1991.82738951162,814.199304632525,2395.9451617776,2918.57819974622,4299.93419336172,3420.71590799449,3337.40681619955,2587.70448249583,1762.88454497662,2942.48828428627,1661.48137858911,1796.82562231871,4.54747350886464e-13,2715.37578170078,1902.27325346599,1810.86711437539,934.50891046545,200,2718.51884838856,1873.65901516347,1896.59525513486,508.588606220613
3177.09544552014,2544.46557764634,4236.24237159615,2665.58020348398,3493.01162701675,1383.0313731279,3015.85475997045,2043.42761944625,1991.82738951162,814.199304632525,2395.9451617776,2918.57819974622,4299.93419336172,3420.71590799449,3337.40681619955,2587.70448249583,1762.88454497662,2942.48828428627,1661.48137858911,1796.82562231871,4.54747350886464e-13,2715.37578166382,1902.27325346599,1810.86711437539,934.50891046545,200,2718.51884838856,1873.65901516347,1896.59525511895,508.588606220613
3177.09544552014,2544.46557764634,4236.24237159615,2665.58020348374,3493.01162701675,1383.0313731279,3015.85475997045,2043.42761942449,1991.82738951162,814.199304632525,2395.9451617776,2918.57819974622,4299.93419336172,3420.71590799449,3337.40681619955,2587.70448249583,1762.88454497662,2942.48828428627,1661.48137858911,1796.82562231871,4.54747350886464e-13,2715.3757816638,1902.27325346599,1810.86711437539,934.50891046545,200,2718.51884838856,1873.65901516347,1896.59525511895,508.588606220613
3177.09544552014,2544.46557764634,4236.24237159615,2665.58020348346,3493.01162701675,1383.0313731279,3015.85475997045,2043.4276194233,1991.82738951162,814.199304632525,2395.9451617776,2918.57819974622,4299.93419336172,3420.71590799449,3337.40681619955,2587.70448249583,1762.88454497662,2942.48828428627,1661.48137858911,1796.82562231871,4.54747350886464e-13,2715.37577724076,1902.27325346599,1810.86711437539,934.50891046545,200,2718.51884838856,1873.65901516347,1896.59525511895,508.588606220613
3177.09544552014,2544.46557764634,4236.24237159615,2665.5802034832,3493.01162701675,1383.0313731279,3015.85475997045,2043.4276194233,1991.82738951162,814.199304632525,2395.9451617776,2918.57819974622,4299.93419336172,3420.71590799449,3337.40681619955,2587.70448249583,1762.88454497662,2942.48828428627,1661.48137858911,1796.82562231871,4.54747350886464e-13,2715.37577724076,1902.27325346599,1810.86711437539,934.50891046545,200,2718.51884838856,1873.65901516347,1896.59525511895,508.588606220613
3177.09544552013,2544.46557764634,4236.24237159615,2665.58020348292,3493.01162701675,1383.0313731279,3015.85475997045,2043.42761854881,1991.82738951162,814.199304632525,2395.9451617776,2918.57819974622,4299.93419336172,3420.71590799449,3337.40681619955,2587.70448249583,1762.88454497662,2942.48828428627,1661.48137858911,1796.82562231871,4.54747350886464e-13,2715.37577724076,1902.27325346599,1810.86711437539,934.50891046545,200,2718.51884838856,1873.65901516347,1896.59525511895,508.588606220613
