572.867490012114,800.379109147682,601.622198019559,610.78147956799,530.205393787671,943.227750113044,850.852630143973,1315.00275775545,469.268865425551,823.310462269392,1104.01534700318,671.511882694052,738.334668973306,1123.8146590119,1094.02672329486,605.940809902798,813.107955671067,623.569346542841,579.169513788377,2539.64026513384,573.591386590032,744.437511842308,922.652430556092,728.072694371656,863.306592242051,820.921678819169,1158.67766797281,1124.33055498609,571.287490616526,622.96180382572
572.823356772182,796.392623512065,579.341070525805,608.844608226089,523.827685761246,933.01331900633,850.843531575653,1257.16154005188,462.762820780301,818.062512182189,1098.46914687061,487.734901832811,738.32631407759,1114.04418305246,1093.06926906483,579.768144241068,707.299905310371,623.466583667314,551.880317844635,2532.63463045379,570.480938466378,702.955212457399,833.77370042968,722.960143126131,824.328840302716,686.170785223757,1157.66647754464,1082.10970767561,560.684848474392,506.93570751236
572.818014776311,796.383171433137,578.997252672455,608.814009375004,441.07254866211,931.306030167523,850.843531575653,1256.37022511866,460.543611943071,818.040768243212,1098.44788153315,487.448493087803,738.326208385373,1113.0802227507,1092.30692272635,579.753743447329,665.305426257973,623.463852561624,545.839325837647,2528.26321180048,570.478218637393,701.835327130846,828.510896330079,721.281525773268,824.26180869751,683.128432559883,1156.63197995335,1082.08605178724,556.714699723781,476.545757315017
572.774156799809,796.383127183244,578.996344229177,608.814002699815,434.568074038081,931.103735888682,850.843531575653,1256.33010327765,427.009172537597,817.670405838658,1098.4378876255,485.633774920979,738.326207602582,1102.92854200892,1092.18538176848,579.753742481831,621.169970941058,623.463701471829,545.17695010853,2528.22384114568,570.478213489781,701.833149810431,827.289494142975,721.281520994841,824.261267429421,682.191135557937,1156.50022817029,1082.08605115289,556.710423457266,474.798268957494
572.774156606237,796.383127182842,570.735150132725,608.814002699069,429.43340471481,931.103733488324,850.843531575653,1256.33010128641,417.145599644446,815.949528904541,1098.42992140013,485.633341623387,738.326207602576,1102.92769880013,1092.18536792696,579.753742481716,620.298465938188,623.463701098104,544.198670060972,2528.22384114565,570.478213489781,701.833149800777,827.283566368594,721.281520994733,824.261267429017,681.946368788063,1156.50022532644,1082.08605115283,556.710418120959,474.626813724751
572.774156606237,796.383127182442,464.274628211191,608.814002698334,429.319922827712,931.103733488324,850.843531575653,1256.3301012864,417.145599489003,815.948490659476,1098.42608752439,485.630875780535,738.326207602576,1102.92769880013,1092.18536792652,579.753742481484,620.298465938188,623.463701098104,544.198652990135,2528.22383483096,570.478213489781,701.833149800391,827.283566367987,721.281520994581,824.261267429017,681.939580527375,1156.50022532588,1082.08605115278,556.710418120872,474.626813724459
572.774156606237,796.383127182064,463.799753659839,608.814002697669,427.107822671719,931.103733488324,850.760743618035,1256.3301012864,417.139881360312,815.948490659476,1098.42608107886,485.630875780527,738.326207602576,1102.92769880013,1092.18536792609,579.753742481302,620.298465938188,623.463701098104,544.198652990135,2528.22383483096,570.478213489781,701.833149799954,827.283566367257,721.281520994424,824.261267429017,681.939580527375,1156.50022532533,1082.08605115278,556.710418120746,474.626813724171
572.774156606237,796.383127181732,463.799510052478,608.814002696802,426.356317636641,931.103733488324,850.760743583327,1256.3301012864,417.139881360257,815.948490659476,1098.42608105983,485.630875780503,738.326207602576,1102.92769880013,1092.18536792561,579.753742481078,620.298465938188,623.463701098104,544.198652990135,2528.22383483096,570.478213489781,701.833149799496,827.283566366665,721.281520994241,824.261267429017,681.939580527375,1156.50022532478,1082.08605115262,556.71041812064,474.626813723879
572.774156606237,796.383127181371,463.79950118843,608.814002696021,426.29882803857,931.103733488324,850.760743583301,1256.3301012864,417.13988136019,815.948490659476,1098.42608104338,485.340667277922,738.326207602576,1102.92769880013,1092.18536792513,579.753742480858,620.298465938188,623.463701098104,544.198652990135,2528.22383483096,570.478213489781,701.833149799132,827.283566366143,721.281520994085,824.261267429017,681.939580527375,1156.5002253242,1082.08605115245,556.710418120539,474.626813723577
572.774156606237,796.383127181001,463.79950118843,608.814002695297,426.208095615275,931.103733488324,850.760743583301,1256.3301012864,417.139881359782,815.948490659476,1098.42608103331,485.340667277765,738.326207602576,1102.92769880013,1092.18536792466,579.753742480677,620.298465938188,623.463701098104,544.198652990135,2528.22383483096,570.478213489781,701.833149798704,827.283566365578,721.281520993897,824.261267429017,681.939580527375,1156.50022532385,1082.08605115228,556.710418120414,474.626813723237
572.774156606237,796.383127180664,463.466679058934,608.814002694561,426.208084601504,931.103733488324,850.760743583222,1256.3301012864,417.139881359343,815.948490659476,1098.42608100707,485.340667277756,738.326207602576,1102.92769880013,1092.18536792413,579.753742480481,620.298465938188,623.463701098104,544.198652990135,2528.22383483096,570.478213489781,701.83314979838,827.283566364998,721.281520993737,824.261267429017,681.939580527375,1156.50022532332,1082.08605115211,556.710418120298,474.626813722904
572.774156606237,796.383127180299,463.171702705307,608.81400269366,426.208084601504,931.103733488324,850.760743583174,1256.3301012864,417.139881358863,815.948490659476,1098.42608094593,485.340667277746,738.326207602576,1102.92769880013,1092.18536792346,579.753742480283,620.298465938188,623.463701098104,544.198652990135,2528.22383129818,570.478213489781,701.833149798008,827.283566364483,721.281520993574,824.261267429017,681.939580527375,1156.50022532276,1082.08605115191,556.710418120188,474.626813722612
572.774156606237,796.38312717984,463.171702705307,608.81400269267,426.208084601503,931.103733488324,850.760743583131,1256.3301012864,417.13988135848,815.948490659476,1098.42608092757,485.340667277736,738.326207602576,1102.92769880013,1092.18536792296,579.75374248005,620.298465938188,623.463701098104,544.198652990135,2528.22383129817,570.478213489781,701.833149797664,827.283566363889,721.281520993392,824.261267429017,681.939580527375,1156.50022532225,1082.08605115176,556.710418120061,474.626813722291
572.774156606237,796.383127179501,463.171702705307,608.814002691854,426.208084601503,931.103733488324,850.760743583096,1256.3301012864,417.139881358052,815.948490659476,1098.42608089705,485.340562563146,738.326207602576,1102.92769880013,1092.1853679225,579.753742479856,620.298465938188,623.463701098104,544.198652990135,2528.22383129817,570.478213489781,701.833149797229,827.283566363144,721.281520993236,824.261267429017,681.939580527375,1156.50022532163,1082.08605115163,556.710418119945,474.626813722022
