1096.16682336369,5432.83036419342,3650.649669331,3074.31120253743,860.722900596747,6094.91662622443,4936.79667882758,3240.572729181,1280.6210968304,1749.35978865653,1473.44506550566,4409.45445039396,1166.44202634919,3271.88692413955,5188.61203610722,4451.25203118048,1814.8102778549,1197.03013719144,1343.14960911403,3087.49318113412,2768.90743241733,3707.32411150673,1999.94274224326,4556.08748305016,2063.37137108277,5256.87477872374,6490.98845832925,1726.49750551182,5114.44791647204,3372.48207028207
750.277253104814,1379.65964723418,2579.49674813206,1295.14814160333,684.101275973112,3124.50749594531,3953.73175665118,2168.53403460201,1153.63606884265,1485.45233247989,1285.45192090386,3558.66071492795,968.268464305713,1752.35238394784,4428.66676676272,671.968170089424,1741.85209942185,1054.53861921013,1119.80217755294,2862.65534440176,839.654083281698,3209.02895499683,1737.46062465902,3835.41639934419,1495.61393422992,2891.75673886123,4842.63729110316,1686.01924325229,1959.22189744543,1945.04552830408
606.16337350656,876.45843561972,887.782078311951,811.13995927825,619.612975066942,1237.54083874021,1279.97330112524,2024.87811780064,777.213665942976,1176.4182041135,1156.91618710189,731.769104053151,761.054101876197,1204.81801062133,1484.84272340704,661.515706465437,1624.35850894696,739.371343186303,936.461867774943,2773.17692717033,658.664245236007,2116.08198720785,1493.37557678268,1078.16600130953,1143.78238486607,1139.8251819761,1762.03982464148,1558.71445016868,1454.41311524299,1088.55238389235
587.707192269407,842.984108099556,784.925317622807,690.765439628514,573.176968435364,1123.01251315064,993.593251585086,1677.41794581431,741.025727623117,875.597110560503,1126.63408021506,692.127994973392,746.091529035082,1148.0426064784,1190.66379627701,657.132088750659,1537.31181825653,642.839271437298,790.550923107786,2591.87090295632,608.458268213783,1121.28416034649,1332.8703848021,858.684431751991,1004.7282937026,925.982327354784,1359.61436684671,1448.88331442188,1041.5308274157,963.633103261143
573.471039824996,812.012827295627,611.928636661539,616.45039582402,554.029529795468,968.851018191811,853.679518766836,1383.06189422398,711.455531161646,824.133688265672,1109.46168351401,675.305341757128,738.506146759512,1142.39489598563,1107.28413299743,640.555052695443,1015.01166420097,623.931033870314,642.974130830858,2541.56030900869,577.469638440307,923.387174234699,994.681611599508,752.74041472644,943.641130507801,882.431451725633,1176.71650692851,1245.04082055074,591.783008062989,750.638670091414
572.867490012114,800.379109147682,601.622198019559,610.78147956799,530.205393787671,943.227750113044,850.852630143973,1315.00275775545,469.268865425551,823.310462269392,1104.01534700318,671.511882694052,738.334668973306,1123.8146590119,1094.02672329486,605.940809902798,813.107955671067,623.569346542841,579.169513788377,2539.64026513384,573.591386590032,744.437511842308,922.652430556092,728.072694371656,863.306592242051,820.921678819169,1158.67766797281,1124.33055498609,571.287490616526,622.96180382572
572.835776363921,796.67295846911,579.681182168491,609.311001405838,523.827685761246,934.656058778466,850.843531575653,1264.79729729129,462.763359403694,819.730277034355,1098.61147331406,660.102059972224,738.327002390819,1121.23610338764,1093.16270353999,580.290288119983,729.819712726263,623.477248065524,554.365880398958,2538.6686189118,570.564823245089,705.641598503246,853.83375664648,725.177497326465,825.189033519421,704.954709182195,1158.11609832787,1082.94238711593,560.791182017817,507.20437224107
572.819138182165,796.38445261964,579.312755653135,608.814350343078,504.255056285515,931.631742781135,850.843531575653,1256.48857948756,462.762810954506,818.061698027188,1098.44998736302,487.448493087803,738.326211479464,1113.90792597169,1092.77266535938,579.753790945532,669.877504048176,623.464061635128,545.875012394488,2532.36187314213,570.478332616194,701.934565011021,828.654424401969,721.283282865695,824.267904519804,683.337465923631,1156.98577969671,1082.08622336855,560.682927253921,505.997511516221
572.776469399377,796.383127217952,578.996347431824,608.814002705466,441.070733874199,931.107789568091,850.843531575653,1256.33118083109,427.019422534278,817.795444023453,1098.44129388222,487.230368837893,738.326207606209,1103.62018579288,1092.18666538551,579.753742483118,630.084739345695,623.46372376852,545.236651860564,2528.22384117098,570.478213489929,701.8331573619,827.344802010207,721.281520996619,824.261267901677,682.726371620111,1156.50054323695,1082.08605115294,556.710423457266,476.035266476064
572.774156606237,796.383127183095,570.74591284377,608.81400269935,434.557877473841,931.103733488324,850.843531575653,1256.33010132802,417.305055255606,816.331509188852,1098.43373784698,485.633772245533,738.326207602576,1102.92770122842,1092.18536795522,579.753742481801,620.311611032425,623.46370117966,545.044323339081,2528.22384114567,570.478213489781,701.833149800937,827.283832648775,721.28152099482,824.261267429017,681.953881739333,1156.5002253274,1082.08605115287,556.710418121487,474.627076313848
572.774156606237,796.383127182842,570.735150132725,608.814002699069,429.43340471481,931.103733488324,850.843531575653,1256.33010128641,417.145599644446,815.949528904541,1098.42992140013,485.633341623387,738.326207602576,1102.92769880013,1092.18536792696,579.753742481716,620.298465938188,623.463701098104,544.198670060972,2528.22384114565,570.478213489781,701.833149800777,827.283566368594,721.281520994733,824.261267429017,681.946368788063,1156.50022532644,1082.08605115283,556.710418120959,474.626813724751
572.774156606237,796.383127182638,570.735150132722,608.814002698723,429.319924447807,931.103733488324,850.843531575653,1256.3301012864,417.145599489003,815.948490659476,1098.42616127755,485.630875780535,738.326207602576,1102.92769880013,1092.18536792668,579.753742481589,620.298465938188,623.463701098104,544.198652990135,2528.22383483096,570.478213489781,701.833149800541,827.283566368271,721.281520994646,824.261267429017,681.939580527375,1156.50022532613,1082.08605115278,556.710418120917,474.626813724581
572.774156606237,796.383127182268,463.799753660651,608.814002698015,428.938253201145,931.103733488324,850.843531575653,1256.3301012864,417.139881379876,815.948490659476,1098.42608112647,485.63087578053,738.326207602576,1102.92769880013,1092.18536792631,579.753742481387,620.298465938188,623.463701098104,544.198652990135,2528.22383483096,570.478213489781,701.833149800208,827.283566367465,721.281520994499,824.261267429017,681.939580527375,1156.5002253256,1082.08605115278,556.710418120806,474.626813724311
572.774156606237,796.383127181733,463.799510052478,608.814002696819,427.035687385288,931.103733488324,850.760743583327,1256.3301012864,417.139881360257,815.948490659476,1098.42608106004,485.630875780504,738.326207602576,1102.92769880013,1092.18536792562,579.75374248108,620.298465938188,623.463701098104,544.198652990135,2528.22383483096,570.478213489781,701.833149799511,827.28356636668,721.281520994242,824.261267429017,681.939580527375,1156.50022532479,1082.08605115263,556.71041812064,474.626813723887
572.774156606237,796.383127180901,463.79950118843,608.81400269507,426.208084601506,931.103733488324,850.76074358327,1256.3301012864,417.139881359632,815.948490659476,1098.426081027,485.340667277761,738.326207602576,1102.92769880013,1092.18536792446,579.753742480621,620.298465938188,623.463701098104,544.198652990135,2528.22383483096,570.478213489781,701.833149798595,827.283566365384,721.281520993844,824.261267429017,681.939580527375,1156.5002253237,1082.08605115222,556.71041812038,474.626813723137
572.774156606237,796.383127179501,463.171702705307,608.814002691854,426.208084601503,931.103733488324,850.760743583096,1256.3301012864,417.139881358052,815.948490659476,1098.42608089705,485.340562563146,738.326207602576,1102.92769880013,1092.1853679225,579.753742479856,620.298465938188,623.463701098104,544.198652990135,2528.22383129817,570.478213489781,701.833149797229,827.283566363144,721.281520993236,824.261267429017,681.939580527375,1156.50022532163,1082.08605115163,556.710418119945,474.626813722022
