788.778905360618,899.134024257575,971.199650030038,970.078773240408,1979.4632548871,1052.08187777687,1496.67914176723,939.855136041688,384.395372953417,994.971780152509,640.156041051643,699.469319672755,765.900895302661,707.543714562964,743.497186421038,1260.12342980412,696.755767330008,535.271697744243,1094.30408053794,692.628505590586,359.426517686759,612.290358617844,862.931261139352,660.731675642613,697.858664876921,953.889228868591,2020.30825101982,765.677556732467,1193.60137952547,815.038066804679
632.587369268482,645.10764143112,966.798117022655,818.01205462836,1974.14944227933,805.364693765058,1092.55548869674,672.705272609388,300.121673837842,994.048569971335,594.762403612057,666.787012546668,671.026484761684,668.205048256952,656.042912982348,1155.18288648198,682.421330861042,426.010782489263,980.846440729026,659.517916123823,300.05329805483,606.411414426411,673.326436900777,616.913850244401,509.039612681268,682.432000819118,2004.30488919165,691.003377639637,976.284944239571,802.438992218075
628.677057011312,480.801866447374,966.710985420233,816.86984225582,1973.41011975109,704.621925445084,1089.75260183538,667.004316559568,300.000107227954,990.889719018667,593.05202902976,653.989613283262,652.804816585518,661.31363454436,655.015270975314,1070.06772250137,666.153839618517,417.835524419132,962.818438811137,612.674718372655,300.00001701121,596.699833916727,657.230155752296,610.194126884373,489.311042860071,659.796857069411,1970.69508097984,678.803108242636,795.306990289472,774.707857169411
626.320708543041,412.01634040957,961.854867996653,754.459850990129,1685.3742142667,703.956835861828,1089.73941470795,655.508595100513,300.000000000025,990.881318443044,589.684357102678,653.613204987971,600.299690289081,661.087820943617,650.86734955405,1069.64427766925,653.28351089542,417.136549268412,962.773092550724,588.068143241592,300.000000000004,586.574722409539,649.754373310531,590.265166246232,469.679887678717,647.655124193967,1970.35541910326,654.508922848017,795.240180958381,767.421606631942
626.317440278024,371.137286199416,961.788540075467,752.377091175816,1684.74434827348,656.808336814523,1030.4905554668,654.155016403967,300,971.66367917966,588.836117572792,651.763645613679,599.449690924209,652.889773596519,647.957544006104,1026.11708874762,644.612098967285,401.876458806302,957.708379223131,586.214235764845,300,586.508912555768,648.083994707757,589.436178749281,451.985104634716,646.529905250244,993.082620018726,654.296697438603,793.791440701516,724.499816979751
609.565587355584,313.295702796052,951.595369223404,752.377091175747,1684.74434826703,656.734948435891,1030.49051114781,653.598347818178,300,971.660587448574,417.399535801178,646.483264013111,596.116283306929,652.798624539975,646.4803411789,843.28591406027,644.202366495781,369.082753783661,957.708379223127,585.853180497479,300,586.4279293106,646.505548363561,513.523147037077,371.874712812677,646.4803411789,880.386175604992,653.032734809395,793.370317368191,624.725487900191
600.602806677383,300.000000000001,951.594786142076,750.827287729729,1269.15810286502,656.734948426337,1029.35404107856,653.546413750384,300,971.660587338034,369.078775854592,646.480341179951,596.060098172998,607.539303120146,646.4803411789,836.478929835016,644.15475000137,364.492250701855,935.445308439956,585.852851781509,300,586.427929294462,645.980877912697,416.905279971203,371.599434342696,646.4803411789,880.386130977141,653.027406567839,793.369561362995,612.415283033762
600.547278993065,300.000000000001,951.594786142076,750.827216375417,1269.15810286502,656.734948426336,1029.35404107856,653.534397493696,300,971.660587338033,369.078562088123,646.4803411789,596.050316931398,607.539303109856,646.4803411789,836.477194065681,644.154749589678,300.001321113264,935.445308439955,585.852851781508,300,586.427929294462,644.137247826936,415.728097882107,371.599434307935,646.4803411789,870.042640197484,653.027403063787,793.369561362995,612.405736778794
600.534497294764,300,951.594786142076,750.827216375417,1269.15810286502,655.099716743908,1029.35404107856,653.526997733518,300,970.791513710928,369.078562088123,646.4803411789,596.050284221035,607.120215598228,646.4803411789,836.468038615185,644.154749124335,300,933.031268956713,585.843745313486,300,586.357433302419,644.137247826743,415.728096342393,370.501970853707,646.4803411789,866.386444859415,653.027403063787,780.615883418192,612.405736777405
600.533885426302,300,950.697751884593,730.541906655047,1269.15810286502,654.999364146344,1027.74153937789,653.526997706333,300,970.203838735136,369.078562088123,646.4803411789,596.050284221035,607.119780801686,646.4803411789,836.468038615184,644.131698734041,300,924.055048592561,585.843745313486,300,586.354310229555,644.137156091872,415.728096342393,370.441245353001,646.4803411789,866.386444859415,652.876009613313,780.615837429802,612.405736777405
600.533885426275,300,950.697687939262,730.541876570164,1269.15810286502,654.999333976562,1027.74153937789,653.526997706321,300,966.835290273465,362.814389565845,646.4803411789,596.050103402671,607.119227431362,646.4803411789,836.462998336162,644.13169805544,300,896.223790051644,585.843745313484,300,586.354310228229,644.137155629149,415.72795372113,370.441244199478,646.4803411789,804.039772079762,644.134571060686,672.024668808682,612.405736777403
600.533845996211,300,950.697687939261,730.541876570162,1269.15810286502,654.999333976562,1025.73439549689,653.526997706321,300,833.177449941298,300.000003951686,646.4803411789,596.050103363683,605.398462184739,646.4803411789,836.462998336155,644.13169805544,300,893.913242130322,583.734046572379,300,583.734041516124,644.137134387611,415.727953716806,370.441244199476,646.4803411789,801.092252409761,644.132045733906,672.024612683595,612.05520902107
600.533845990477,300,950.697681161017,711.895105795711,1269.15810286502,654.999333976562,1025.73436457882,644.238742441401,300,813.342347609411,300.000000000001,646.4803411789,588.668365593263,605.388354830036,646.4803411789,836.462998336155,644.13169805544,300,893.913133861683,583.734041404447,300,583.734041404447,644.137132084675,415.727953716806,370.414835909557,646.4803411789,785.274815725177,644.132020576018,672.022323610155,612.055209021069
600.533845990477,300,950.69768116101,662.388217226383,1269.15810286502,654.975636271754,1025.73436457881,644.13210219388,300,813.342055138701,300.000000000001,646.4803411789,583.745990158364,605.388354830036,646.4803411789,836.462998336155,644.13169466767,300,893.913133861683,583.734041404447,300,583.734041404447,644.137132084675,415.727953716806,370.414829087144,646.4803411789,785.273343826186,644.132020575923,672.022322473498,612.051464042126
