2853395.72692182,36781486.1333124,432457.478989264,6302152.08955732,837.111233091842,1594.44616095051,24232098.9586906,59202.3109717457,45794.5302794593,38915.0260066689,803.444445234121,2268585.44068882,1671.46350508237,11095.1705683988,924.087883348614,1660.07613070775,1478.00349543659,26378.0841321896,341726.678393847,59638.7481043156,7739.43456981421,3377.94277985605,13709.9321157562,151060160.850608,632927.98257337,2742.7337901358,599.352221483924,10514121.9128518,33710.4629863347,1248.43259566995
1018465.11695246,16646.1499074672,20552.5550684078,894311.589738145,829.778575232076,1540.17849380181,4963320.24946838,10644.3872116539,9117.70533972163,3701.28853956778,744.473084383077,586205.429712701,1081.81355237776,1414.21057182158,724.118119839336,1632.9181718889,1359.91769953338,12818.9391192613,126074.079047365,29812.5648030459,2183.3893500466,1587.30231916609,2056.71897847246,69851009.6343604,32445.2443163905,1815.29829878118,594.340972287213,4923150.46918727,1398.48317261744,1072.73838078737
1347.11294639845,851.410293597246,551.974566161068,1443.62967730209,820.091831666689,1456.73599162958,1095.64845915195,1020.78813719655,769.640320745068,1945.93184736263,721.371406998036,792.158406635798,914.405775373393,1036.4571871651,708.218810059907,1423.46333965247,1338.24085363019,1380.586026071,1094.16138126426,2041.76648669601,806.103614765945,1036.03621655475,769.801860576647,2583.40864088371,2169.00072350256,1558.59467184362,589.072902550561,102244.389646841,838.63546295633,889.189642524726
880.878646620858,753.037454889936,471.648407152084,905.848755877136,812.883222648608,1338.65745044333,725.933997774216,768.279178709272,671.129120973936,1761.83104908287,716.333417810306,717.942108242868,846.836049537386,969.466315748888,695.194753325087,1239.79334138362,1309.26689166748,1033.61471034651,664.747225947126,757.870486648834,536.570340548119,900.939066552181,716.530866865116,946.069377465658,1790.5017613177,1446.44886017984,587.649182120129,943.556789121561,805.791314149309,854.312619816142
880.878646620858,655.205340372517,426.243158986498,744.399677722568,810.766307904421,1034.22459864488,684.015382229016,700.390263390721,661.224863413773,1706.7323408444,716.333417810306,594.146080523434,829.309665753186,962.573281915409,692.167681233448,1048.05729871101,1277.78195716488,986.987655488892,645.507811252879,757.870486648834,517.891142888088,867.140442994223,696.375105989255,894.899939387465,1564.81111152312,1427.03573239114,587.145031538926,794.876821593743,781.821582503922,853.258517757655
880.878646620858,654.224169560543,422.204514649646,687.625557911399,810.766307904421,882.765240097473,679.734032972298,690.220522046637,659.369997245474,1700.74119695041,716.333417810306,579.442349500267,828.538190368487,962.008897098375,692.056303947878,1038.50924714759,1258.42959597165,981.325111937619,643.238775909009,757.870486648834,516.434067271539,865.202011521319,693.60745159456,880.866400520117,527.955946612483,1422.30749364554,587.12376232011,779.038360966677,780.900775835993,853.258517757655
880.878646620858,654.211998111506,422.18577578203,677.060873626323,810.766307904421,780.758756724839,679.612681059923,685.519218270204,659.353213757654,1700.54503943877,716.333417810306,579.319838882967,828.518509331655,962.006518123323,692.055726677517,1038.34430861269,1121.57376377986,981.130546668217,643.229191890128,757.870486648834,516.205950394932,865.142842073421,693.447773778802,880.771449494032,523.476418415499,1326.01156882217,587.12376232011,778.697941221518,780.900775835993,853.258517757655
880.878646620858,654.21199324925,422.18577578203,677.023115985298,798.583906229157,780.468290221773,679.594301354623,677.601579311501,659.353208853622,1700.54503943877,716.333417810306,579.319838882967,828.518503092462,962.006517552338,692.055726677517,1038.34430861269,1034.61254549298,981.042454214358,643.229191890128,757.870486648834,516.164867395697,865.126268109095,690.59714241979,880.771449494032,523.475833476771,1326.01156882217,587.12376232011,778.697795380304,780.900775835993,853.258517757655
880.878646620858,653.696681941345,422.18577578203,675.123362843484,762.552894431107,780.468290221773,679.59428191545,677.593875914543,659.353208853622,1700.54503943877,716.333417810306,577.339237902645,828.518503092462,962.006517552331,692.055726677517,1038.34430861269,1029.48057678041,981.04183834974,643.229191890128,757.870486648834,516.164723880485,865.126266981924,679.607430974852,880.771449494032,523.475833476771,1326.01156882217,587.12376232011,778.697795380304,780.900775835993,853.258517757655
880.878646620858,653.696677347852,422.18577578203,674.484220573167,762.537607004189,780.468290221773,679.594281915437,677.593875847027,641.282202116503,1700.54503943877,716.333417810306,577.339235576288,828.518503092462,962.006517552327,692.055726677517,1038.34430861269,936.38454718544,981.041837382396,643.229191890128,757.870486648834,516.164723880414,865.126266981881,679.607430949736,880.771449494032,523.475833476771,1326.01156882217,587.12376232011,778.697795380304,780.900775835993,853.258517757655
880.878646620858,653.696677347568,422.18577578203,674.429601667917,762.537607004189,780.467975960267,679.594281915433,677.593875846998,641.282054560173,1700.54503943877,716.333417810306,567.074338613121,828.518503092462,961.564536278444,692.055726677517,1038.34430861269,936.383727109841,981.041833850791,643.229191890128,757.870486648834,516.164723880323,865.12626698182,679.607430949736,880.771449494032,523.475833476771,1326.01156882217,587.081526294709,778.697795380304,780.900775835993,853.258517757655
880.878646620858,653.696677347561,422.18577578203,672.044214397007,762.537607004189,780.250296579396,679.59428191541,677.593875846952,641.282054560173,1700.54503943877,716.333417810306,567.074321464556,828.518503092462,961.564536277931,691.998711993799,1038.34430861269,936.383727109689,981.041832263329,643.229191890128,757.870486648834,516.164723880177,865.126266981723,679.607430949736,880.771449494032,522.232270864155,1326.01156882217,587.081526294709,778.697795380304,780.825833780096,853.258517757655
880.878646620858,645.323984767352,422.18577578203,672.044214212553,762.537607004189,780.250296579395,679.594281915341,677.593875846915,641.282054560173,1700.54503943877,716.333417810306,567.074321464556,828.518503092462,961.56453627793,688.067680669542,1038.34430861269,936.38372710952,981.041830865861,643.229191890128,757.870486648834,516.164723879932,865.126266981557,679.607430949736,880.771449494032,522.232269939245,1326.01156882217,587.081526294709,778.697795380304,780.825833780096,853.258517757655
880.878646620858,645.323984767352,422.18577578203,672.044214212133,762.537607004189,780.250296579358,679.594281915258,677.593875846831,641.282054560173,1700.54503943877,716.333417810306,567.074321464556,828.518503092462,961.56453627793,687.116815405802,1038.34430861269,936.383727109227,978.479718189687,643.229191890128,757.870486648834,516.164723879532,865.126266981311,679.607430949736,880.771449494032,522.232269939245,1326.01156882217,587.081526294709,777.738714069514,780.825833780096,853.258517757655
880.878646620858,645.323984767352,422.18577578203,672.044214211466,762.537607004189,780.250296579293,679.594281915109,677.593875846623,641.282054560173,1700.54503943877,716.333417810306,567.074321464556,828.518503092462,961.564536277919,682.3942364969,1038.34430861269,936.383727108802,978.479718189687,643.229191890128,757.870486648834,516.164723878924,865.126266980923,679.607430949736,880.771449494032,522.232269939245,1326.01156882217,587.081526294709,777.738714069514,780.825833780096,853.258517757655
880.878646620858,645.323984767352,422.18577578203,672.044214210238,762.537607004189,780.250296579209,679.59428191489,677.59387584644,641.282054560173,1700.54503943877,716.333417810306,567.074321464556,828.518503092462,955.912611942678,682.394236494818,1038.34430861269,936.383727108113,978.479718189687,643.229191890128,757.870486648834,516.164723877979,865.126266980287,679.607430949736,880.771449494032,522.232269939245,1326.01156882217,587.081526294709,777.738714069514,780.825833780096,853.258517757655
