880.878646620858,654.224169560543,422.204514649646,687.625557911399,810.766307904421,882.765240097473,679.734032972298,690.220522046637,659.369997245474,1700.74119695041,716.333417810306,579.442349500267,828.538190368487,962.008897098375,692.056303947878,1038.50924714759,1258.42959597165,981.325111937619,643.238775909009,757.870486648834,516.434067271539,865.202011521319,693.60745159456,880.866400520117,527.955946612483,1422.30749364554,587.12376232011,779.038360966677,780.900775835993,853.258517757655
880.878646620858,654.21199324925,422.18577578203,677.028961823726,809.664470122178,780.468768342773,679.59510462531,678.398983598269,659.353208853622,1700.54503943877,716.333417810306,579.319838882967,828.518503092462,962.00651755367,692.055726677517,1038.34430861269,1051.07651456631,981.091931351576,643.229191890128,757.870486648834,516.174819378143,865.126775011083,691.19204949918,880.771449494032,523.475833476771,1326.01156882217,587.12376232011,778.697795380304,780.900775835993,853.258517757655
880.878646620858,654.21199324925,422.18577578203,676.999278577295,798.568487278153,780.468290221773,679.59428211509,677.59398954359,659.353208853622,1700.54503943877,716.333417810306,577.792875309743,828.518503092462,962.006517552333,692.055726677517,1038.34430861269,1029.82581152358,981.041842874201,643.229191890128,757.870486648834,516.164724902573,865.126266992909,679.608623317058,880.771449494032,523.475833476771,1326.01156882217,587.12376232011,778.697795380304,780.900775835993,853.258517757655
880.878646620858,653.696677347852,422.18577578203,675.122105971447,762.543640020965,780.468290221773,679.594281915437,677.593875847044,659.353208853622,1700.54503943877,716.333417810306,577.339235630283,828.518503092462,962.00651755233,692.055726677517,1038.34430861269,980.843864615294,981.041838330088,643.229191890128,757.870486648834,516.164723880448,865.126266981905,679.607430949736,880.771449494032,523.475833476771,1326.01156882217,587.12376232011,778.697795380304,780.900775835993,853.258517757655
880.878646620858,653.696677347568,422.18577578203,674.429601667917,762.537607004189,780.467975960267,679.594281915433,677.593875846998,641.282054560173,1700.54503943877,716.333417810306,567.074338613121,828.518503092462,961.564536278444,692.055726677517,1038.34430861269,936.383727109841,981.041833850791,643.229191890128,757.870486648834,516.164723880323,865.12626698182,679.607430949736,880.771449494032,523.475833476771,1326.01156882217,587.081526294709,778.697795380304,780.900775835993,853.258517757655
880.878646620858,645.323992399768,422.18577578203,672.044214212553,762.537607004189,780.250296579396,679.594281915387,677.593875846946,641.282054560173,1700.54503943877,716.333417810306,567.074321464556,828.518503092462,961.56453627793,688.06768069932,1038.34430861269,936.383727109616,981.041831370444,643.229191890128,757.870486648834,516.164723880061,865.126266981647,679.607430949736,880.771449494032,522.232269939245,1326.01156882217,587.081526294709,778.697795380304,780.825833780096,853.258517757655
880.878646620858,645.323984767352,422.18577578203,672.044214212429,762.537607004189,780.250296579386,679.594281915312,677.593875846884,641.282054560173,1700.54503943877,716.333417810306,567.074321464556,828.518503092462,961.56453627793,688.067680669542,1038.34430861269,936.38372710942,981.041827062164,643.229191890128,757.870486648834,516.16472387981,865.126266981477,679.607430949736,880.771449494032,522.232269939245,1326.01156882217,587.081526294709,778.697795380304,780.825833780096,853.258517757655
880.878646620858,645.323984767352,422.18577578203,672.044214212129,762.537607004189,780.250296579357,679.594281915257,677.593875846829,641.282054560173,1700.54503943877,716.333417810306,567.074321464556,828.518503092462,961.56453627793,687.1168154058,1038.34430861269,936.383727109225,978.479718189687,643.229191890128,757.870486648834,516.164723879526,865.126266981306,679.607430949736,880.771449494032,522.232269939245,1326.01156882217,587.081526294709,777.738714069514,780.825833780096,853.258517757655
880.878646620858,645.323984767352,422.18577578203,672.044214211867,762.537607004189,780.25029657933,679.594281915189,677.593875846715,641.282054560173,1700.54503943877,716.333417810306,567.074321464556,828.518503092462,961.564536277928,687.116815399857,1038.34430861269,936.383727109061,978.479718189687,643.229191890128,757.870486648834,516.16472387926,865.126266981145,679.607430949736,880.771449494032,522.232269939245,1326.01156882217,587.081526294709,777.738714069514,780.825833780096,853.258517757655
880.878646620858,645.323984767352,422.18577578203,672.044214211615,762.537607004189,780.250296579301,679.594281915127,677.593875846643,641.282054560173,1700.54503943877,716.333417810306,567.074321464556,828.518503092462,961.564536277921,682.394237238706,1038.34430861269,936.383727108856,978.479718189687,643.229191890128,757.870486648834,516.164723879006,865.126266980974,679.607430949736,880.771449494032,522.232269939245,1326.01156882217,587.081526294709,777.738714069514,780.825833780096,853.258517757655
880.878646620858,645.323984767352,422.18577578203,672.044214211288,762.537607004189,780.250296579283,679.594281915066,677.593875846575,641.282054560173,1700.54503943877,716.333417810306,567.074321464556,828.518503092462,955.913537346669,682.394236494903,1038.34430861269,936.383727108677,978.479718189687,643.229191890128,757.870486648834,516.164723878737,865.126266980808,679.607430949736,880.771449494032,522.232269939245,1326.01156882217,587.081526294709,777.738714069514,780.825833780096,853.258517757655
880.878646620858,645.323984767352,422.18577578203,672.044214210865,762.537607004189,780.250296579248,679.594281915007,677.593875846496,641.282054560173,1700.54503943877,716.333417810306,567.074321464556,828.518503092462,955.912611942716,682.394236494828,1038.34430861269,936.383727108475,978.479718189687,643.229191890128,757.870486648834,516.164723878485,865.12626698065,679.607430949736,880.771449494032,522.232269939245,1326.01156882217,587.081526294709,777.738714069514,780.825833780096,853.258517757655
880.878646620858,645.323984767352,422.18577578203,672.044214210623,762.537607004189,780.250296579232,679.594281914942,677.59387584644,641.282054560173,1700.54503943877,716.333417810306,567.074321464556,828.518503092462,955.912611942706,682.394236494819,1038.34430861269,936.383727108291,978.479718189687,643.229191890128,757.870486648834,516.164723878239,865.126266980472,679.607430949736,880.771449494032,522.232269939245,1326.01156882217,587.081526294709,777.738714069514,780.825833780096,853.258517757655
880.878646620858,645.323984767352,422.18577578203,672.044214210238,762.537607004189,780.250296579209,679.59428191489,677.59387584644,641.282054560173,1700.54503943877,716.333417810306,567.074321464556,828.518503092462,955.912611942678,682.394236494818,1038.34430861269,936.383727108113,978.479718189687,643.229191890128,757.870486648834,516.164723877979,865.126266980287,679.607430949736,880.771449494032,522.232269939245,1326.01156882217,587.081526294709,777.738714069514,780.825833780096,853.258517757655
