52665.0831650926,39183.7997777547,56581.5462162106,70792.6927877879,31966.1954936339,56303.1330878817,49989.805536024,31289.0492672619,57170.9494730225,17373.2187484811,54672.0541814342,80612.278986365,38228.6525201821,56866.3572788328,45562.6994848621,44689.7486612287,70396.0834150965,60577.391152633,57870.8160696986,51315.9137840981,61943.3414541874,55716.7416902276,48814.6681618642,15955.1670463194,68882.103288469,97105.6136577766,76162.5102996139,61700.7398630395,68150.6096218831,36856.4727586676
48738.1222610884,34859.4554928206,48208.3304378657,52572.2666825888,22401.2982350223,43255.7937761578,41343.0988971162,23999.1016662976,46857.6064208117,10245.858376736,50819.3818803413,38762.6433097788,21799.2467271745,33129.0988535431,28734.9857157715,43430.0490521439,57495.3808598528,59847.1998136689,47177.2742058148,43527.8823789036,44721.8653269742,35167.1793057561,36728.5533663769,6999.62910170924,40996.3216168099,64794.6297230637,52515.2377717482,47479.035009058,61785.3456277712,27600.835940204
46863.3761478638,33136.472313633,44130.1491131503,47332.3245057033,19151.5957531879,42886.919384344,34413.3186144634,22841.0764840107,40516.4673018585,9916.72308475138,47516.0907406892,38259.6364289436,16057.8541742607,32412.3863438722,28375.0824276027,43417.6745911987,56102.5866339318,59808.4146577342,41894.7004757677,41035.7554029255,43504.3453322522,35076.8597100665,30049.6746012959,5783.84182640951,40856.2695816765,64765.4301303848,51540.6719113757,42057.3510735346,52482.4110478071,26926.9260850493
44780.4962728371,32920.0938178595,42918.9347640056,39537.3921872172,18690.5026572385,38388.2754862549,30400.1230271515,22495.3502636935,38844.0131521214,7471.53663729641,47073.1458510415,35616.7832450339,14425.4100433104,32315.8296295116,27937.3911940328,43417.6255105606,49697.0848025591,59792.935390631,39859.4567064167,40684.7549786975,42899.0244436008,19585.5095827174,28944.9554499374,5207.7976818131,33659.9686012764,59087.551534946,31028.5689299478,41276.5473984307,46009.4027274913,26898.4533078363
32951.2130368377,32889.6020776996,42917.5455180574,39426.0450621876,18690.4925827388,38361.1761337567,30264.8537316849,22485.2276730214,38822.4442118374,6244.77368771782,47072.2570127571,35374.7582815365,14425.3918832582,32315.7913868303,27763.5865759989,43417.6255095012,47478.8047996804,59792.2130310622,39608.5890447111,40680.9308641763,42762.1134425831,17403.7957478346,28935.3313776896,5203.18456810375,33588.5574419809,48198.4943188768,28858.4847205761,41252.7757729833,45901.0374981966,26898.4439584862
32943.9155102192,24592.4194732446,42917.5455173633,39426.0408081623,18690.4925827388,38361.1760728545,30264.5238023231,22485.2192365803,38822.4371699142,6244.77368623095,47072.257012755,35374.1376091115,13048.2705319683,32315.7913868302,27758.3166800193,27691.4940796198,47478.792560697,59792.21266831,39607.8649147343,40680.9302668846,42758.5565792839,17403.7957474854,28935.3308728276,5203.1845678226,26919.0835311352,48135.5695417203,28858.0564373594,41252.7487496427,45882.5763738405,26898.4439584861
32943.9155099831,23766.2411143866,42917.5455173633,39426.0408081623,18690.4925827388,38361.1760728545,30264.5238011861,22485.2192365782,38822.4371699135,6244.77368623095,47072.257012755,35374.1375740194,13048.2705319526,32315.7913868302,27758.3078767606,27691.4762953882,47478.7925606969,59792.2126683099,39607.8649134206,40680.9302668845,42758.5558674882,17403.7957474854,28935.3308728276,5203.1845678226,26919.0835311352,48135.5695088889,28858.056437358,41252.7487496202,43573.4042275395,26898.4439584861
32943.9155099831,23766.2314600053,42917.5455173633,39426.0408081623,16443.5118708235,38361.1760728545,30264.5238011861,22485.2192365782,38822.4371699135,6244.77368623095,47072.2570127524,35374.137574018,13048.2705319526,32315.7913868302,27758.3078617653,27691.476295388,47478.7925606969,59792.2126683099,39607.8649134206,40680.9302668845,42758.5558672309,17245.4747630481,28935.3308728276,5203.1845678226,26919.0835311352,48135.5695088889,28858.056437358,41252.7487496202,43573.3884236943,20815.0406919329
32943.9155099831,23766.2314599136,42917.5455173633,39426.0408081623,16443.5113838204,38361.1760728545,30264.5238011861,22485.2192365782,38822.4371699135,6187.42999842966,46990.0556684745,35374.137574018,13048.2705319526,32257.1897825415,27758.3078617315,27691.476295388,47478.7925606969,59792.2126683099,39607.8649134206,40680.9302668845,42758.5558672309,17245.4747630481,28935.3308728276,5203.1845678226,26919.0835311314,48135.5695088889,28858.056437358,41252.7487496202,43573.3884230926,20813.9949607459
32943.9155099831,23766.2314599136,42803.2750131478,39426.0408081623,16443.5113838204,38361.1760728545,30264.5238011861,22485.2192365782,38822.4371699135,6187.4299984296,46990.0556555533,35374.137574018,13048.2703316801,32257.1897825415,27758.3078617315,27691.476295388,47478.7925606969,59792.2126683099,39607.8649134206,40680.9302668845,42758.5558672309,17245.4747630481,28935.3308728276,5203.1845678226,25789.2641101443,48135.5695088889,28858.056437358,41252.7487496202,43573.3884230926,20813.9949607459
32943.9155099831,23766.2314599136,42803.2672035787,39426.0408081623,16443.5113838204,38361.1760728545,30264.5238011861,22485.2192365782,38822.4371699135,6187.4299984296,46990.0556555533,35374.137574018,9001.10450664966,32257.1897825415,27758.3078617315,27691.476295388,47478.7925606969,59792.2126683099,39607.8649134206,40680.9302668845,42758.5558672309,17245.4747630481,28935.3308728276,1843.37511866854,25789.2641101427,48135.5695088889,28858.056437358,41252.7487496202,43573.3884230926,20813.9949607459
32943.9155099831,23766.2314599136,42803.2672035787,39426.0408081623,16443.5113838204,38361.1760728545,30264.5238011861,22485.2192365782,38822.4371699135,6187.42980885976,46990.0556555533,35374.137574018,9001.09534152111,32257.1897551212,27758.3078617315,27691.476295388,47478.7925606969,59792.2126683099,39607.8649134206,40680.9302668845,42758.5558672309,7642.24592692476,28935.3308728276,1843.37503663911,25789.2641101427,48135.5695088889,28858.0564373579,41252.7487496202,43573.3884230926,20813.9949607459
32943.9155099831,23766.2314599136,42803.2672035787,39426.0408081623,16443.5113838204,38361.1760728544,30264.5238011861,22485.2192365782,38822.4371699135,6187.42980885976,41189.770200712,35374.137574018,9001.09534152111,32257.1897551209,27758.3078617315,27691.476295388,47478.7925606969,59792.2126683099,39607.8649134206,40680.9302668845,42758.5558672309,7642.24426528147,28935.3308728276,1834.24291013487,25789.2641101427,48135.5695088889,28858.0564373579,41252.7487496202,43573.3884230926,20813.9949607459
32943.9155099831,23766.2314599136,42803.2643275943,39426.0408081623,16443.5113838204,38313.2823689368,30264.5238011861,22485.2192365782,38822.4371699135,6187.42980885775,40885.4285333914,35374.137574018,9001.09534152074,32257.1897551209,27758.3078617315,27691.476295388,46886.1474823977,59792.2126683099,39607.8649134206,40680.9302668845,42758.5558672309,7642.24426528144,28935.3308728276,1834.21007821721,25789.2641101427,48135.5695088889,28858.0564373579,41252.7487496202,43573.3884230926,20813.9949607459
