5443.85183413494,27344.600399374,59052.9672120943,9072.26868689393,12448.4164362867,16000.0166809556,43104.7646368895,22344.4848124954,18151.6023529566,22355.3293243988,81045.9043794261,7246.15923212045,25775.637911242,6842.37496613453,15850.4223733183,7939.76946695268,69514.2958104155,78647.9701875642,30918.3439292137,31397.9207434469,15710.9249199233,12539.3166758354,10830.0504498131,68950.2642357914,28074.9266465117,3044.06611623111,16021.358986568,25177.1554327202,12133.4387466366,30323.5775824836
3580.02740272349,22572.4215192158,48360.7430040372,7324.40577833895,8609.02837136502,9284.72345515633,31402.4173757528,12552.8182065963,13445.0573041467,9448.92384618111,53260.5445438193,2690.00277638871,21832.0002873659,4610.43662278231,10677.4672706133,5882.80172406315,63688.3790760853,48547.8898977148,23479.5000502678,21577.2826506721,9303.4235770699,8678.02472860652,6765.14454339913,48672.3653608969,8434.12194929548,1827.10704978069,9584.56464340834,10481.2657435306,6275.69477535006,16223.371398058
1796.97661487295,4010.36340079229,12520.6633171781,905.126170377088,2014.09955021683,838.968399725527,1554.53892442947,4522.44040574312,2136.73543146813,3670.97216276068,7198.8837713787,1087.93621083113,11992.72431058,1310.97935330003,3649.3653816472,1068.91037058412,20794.8708140866,8163.92925421372,3344.34925133659,6553.40967875803,601.73676512578,1502.50033847999,1873.9502756673,14356.7399429471,3883.42535571147,487.966894894667,3126.70560662224,1602.96837504912,2186.57829465117,5895.98786659225
746.321189638838,197.357564084908,3142.43140437652,135.104395042248,234.7367678778,473.033648244161,584.774484008533,1626.53912930089,171.954186668189,842.791365409731,4027.55529504112,449.847418126054,775.791861398222,161.537336794916,1925.8432153791,357.134084762375,2089.29078543377,3784.24225907799,260.644328216697,2102.44133895609,175.568539574702,756.60513724778,443.678149865848,9160.32684104684,2049.71922222136,277.138298043155,1188.02260683911,278.387791659012,209.117092515059,3802.47738075978
55.4922525967418,37.0464487494159,207.812613784259,115.151944958006,29.7588918235953,197.421881658695,209.704636511298,525.297528313683,12.173301944974,23.8414980386063,491.924677167657,155.053059380773,63.4646206377577,73.7463548739609,356.654923645925,102.118710490706,115.841843794515,864.875154478101,128.45561532445,388.720729994542,22.842872091187,386.87405172137,200.643240560799,1469.12364143691,1147.51235131595,183.014206753414,206.702558008218,100.17352614831,14.8712909360307,557.139329023614
12.342631198609,3.86302955273078,2.94884017418326,112.135826396212,7.77861799136321,86.4933072032683,152.069131642777,18.1315143577323,7.96129160811313,1.98324478477974,17.0244731307649,21.5327785349115,39.7258500505154,37.8622640898905,187.959653905054,61.8753967489063,40.1156201130311,498.337747059171,113.842843069257,95.6668125429404,2.97478242090517,249.140330599272,106.73048369949,169.257727510195,244.194666503572,88.0869810811616,33.5404298656816,75.0091872975709,8.24531287834071,237.237030893308
7.74911391085163,2.62250833332325,1.46546605723626,90.854113559641,7.24710424297501,8.2336798594722,103.710665473501,7.49768594983601,7.38917585165427,1.65696759383508,4.30033528280535,5.78657733160134,4.0530499216693,8.0685366399141,122.936582972,6.67774674354803,8.10485705674915,196.027537604308,59.6449741188246,9.93952386581225,2.61921440533473,199.018024901907,82.60512269531,40.5776214044603,59.5355718575303,28.2299019904888,5.6265798906083,72.3245662676827,7.67122673353992,93.9311569240621
7.02331153965235,2.30588953340737,1.25526852668173,74.7515425132542,6.56759986405632,7.48649795928429,11.4144768887485,6.83077128685358,6.83311929671868,1.40926703538099,3.85455739364812,5.09160564310645,0.507307071197886,7.42829766629251,37.2645450571943,5.75940085469966,7.20937064617408,124.263025767745,7.37502811229695,7.33366584767583,2.21450097542333,9.28890964607768,77.1199799884965,8.16775763752258,7.35405752710795,8.89269426258494,5.11898823969034,71.65215152965,6.96842445982082,92.7745800542898
5.92605441849349,1.83516690855856,0.94769913579654,72.08696290187,5.64986698369648,6.40996807660082,7.72614142436186,5.82084184738972,5.87041169234578,1.08037546486412,3.16959278897104,4.49952365416129,0.490516489526499,6.37636399015406,7.45925808045337,4.90837775450399,6.12864245788188,11.6955006956472,6.2653921705579,6.35364201556695,1.75759198856264,7.39030191248935,69.8403623468488,7.17646785180006,6.45806081689051,6.46607073561819,4.51321746276562,71.5682930704589,5.93144051824498,91.2319571674536
5.10451701239992,1.20655474552723,0.60121107976039,68.0090431528126,4.84423147914396,5.12283484525125,5.7728264863029,5.04424258925553,5.08422265513803,0.690784562924307,2.15705529725579,3.57388045501568,0.469867437897847,5.16727404089204,5.63995698547677,4.19231324675468,5.16711355694969,4.47177719617423,5.07390435887299,5.21289727577658,1.11983475201635,5.6807775676715,7.31685170024684,5.43004062646907,5.27471295316207,5.12969612010062,3.50862096591328,71.3614598651327,5.14114537144877,88.0737755643288
4.48221650746353,0.575145803332987,0.462781406027318,47.9477483145969,4.66116839917441,4.70930197633419,4.90382432832808,4.75914435948664,4.67569627764414,0.474260620140512,1.0936370291459,1.89309217526545,0.427889291803467,4.70677009474292,4.87528207200734,2.72233115552865,5.12404636782713,2.83642498244132,4.52520476727722,4.75985783190816,0.536885338237255,5.0707472783867,5.22460195801301,4.73961678514246,4.73387123014669,4.69972728717323,2.22831673445251,71.2501268214075,4.79520275528557,80.8769857145935
4.41619216175008,0.409175695675231,0.422839375297485,5.05761348181778,2.69545418465947,4.64729362081471,4.50463527856152,4.70452815813445,4.48493475903331,0.430277035552706,0.474857327052518,0.627009009484766,0.402456171436086,4.5037163962777,3.88305730086148,2.28649228491531,4.50780453060406,1.06477817684123,3.15029966252484,4.50282408720642,0.415758274249129,4.47331608036234,4.69803716920165,4.53348917915724,4.46982649004309,2.64649135090787,0.742558176032105,71.2199423641324,4.14202771770147,7.81942061685152
1.3164487864172,0.343613539545856,0.422266405850905,2.61054840752814,0.742438267424575,1.64863871673344,4.48939022097784,2.06830915584959,2.17429868651112,0.42937370075623,0.431545695230625,0.40283473255522,0.398414597241072,2.46314852440219,2.04008209270711,2.28597382578869,2.3432643378369,0.515468792854961,0.862959469135888,2.07811346881158,0.34485328643791,1.63305188078942,3.44573150821395,4.46864836201013,2.03592294923737,0.575622846951262,0.343637491262712,71.2186819278917,2.21481825377708,5.74715041500275
0.459822340023436,0.343536256147729,0.422266358255001,0.44668599018064,0.349640547654019,0.311515174486544,0.818454336950822,0.449424444931481,0.403733500006865,0.42937363369191,0.43153957231948,0.402739442047277,0.398190190575122,0.867696877027868,0.43949288594132,0.47262104577635,0.628611408639472,0.479901504816382,0.323514951684217,0.341993244440573,0.344788780104068,0.45691601536231,1.10498124265581,0.781034163386266,0.44766147217166,0.405918243875362,0.319029395413054,71.2186818003754,0.490624117418236,5.74629525294307
0.459814192968281,0.158249408461643,0.323968740757493,0.404855823459513,0.349631127958276,0.309602487252107,0.406180058905761,0.448881044285088,0.307677162477091,0.328909041740246,0.148414303772995,0.329738053894459,0.398187841074844,0.463019326077756,0.433599266009082,0.428872353700967,0.429297868420747,0.479901283841173,0.323302781870836,0.328086720933413,0.0742600519578218,0.456806823104444,0.418549471457425,0.519345609017194,0.441272232063795,0.325505921825425,0.319029388524939,71.2186818003735,0.171915979549794,5.74520689508029
0.121826846644979,0.0112907967009619,0.32396874025909,0.0830818941738016,0.0163449816527077,0.0276757757807218,0.100502184169272,0.304584353614018,0.0444992419830328,0.328909033779155,0.0939310009545125,0.329737920655646,0.398187839609932,0.188409518326296,0.133064262661605,0.129068463257852,0.152490111852956,0.207036694392684,0.0215349989115339,0.0157134098831762,0.00827960221664625,0.293939915792521,0.318177891787002,0.191020400322429,0.34970262578139,0.325434397235654,0.0182542817433387,71.2158481341715,0.121887898086072,5.74518303209226
