186.054429514245,375.082484988296,109.444643862258,391.921739580104,194.013470838052,155.606326897296,102.479695590001,392.96888344698,313.393954925821,184.06138609912,94.5193787660288,140.287073103692,235.795397768516,335.276960621115,127.353637664152,220.876213547985,250.816300155982,215.586432617154,270.621891276302,115.413611601338,141.283011414072,418.85113415935,437.758720906044,223.872831709924,234.804643335222,293.489785326729,228.835937256278,392.988953042653,173.961909811992,140.287619495287
186.054308823791,375.082190272842,109.444547044665,391.823588143508,194.01330343646,129.491239082929,102.479579850758,392.968809606993,313.393923486016,184.060581811862,94.519270171894,140.287006949842,235.795339936397,335.276897353244,127.353627981514,220.876200097192,250.723670916328,206.328854327665,270.62183878854,115.413599249649,141.282877174598,418.851048342853,437.758654693812,223.860634903616,234.804340886385,293.489716510442,228.835886452482,392.988872079687,173.629675139505,140.287611471461
186.054308823773,375.082183735285,109.444547044612,391.823247609043,194.013303436427,129.34174678685,102.479579850751,392.968809606988,313.393923486009,184.060581811628,94.5192701718782,140.287006949815,235.795339936373,335.276897353232,127.353627981505,220.876200097185,250.723670869222,206.196747031405,270.621838788535,115.41359924964,141.282877174519,418.851048342827,437.758654693788,223.860634896872,234.80434088629,293.489716510431,228.835886452461,392.988872079672,173.626741697229,140.28761147146
186.054308823773,375.082183731734,109.444547044612,391.823246986018,194.013303436427,129.341715128095,102.479579850751,392.968809606988,313.393923486009,184.060581811628,94.5192701718781,140.287006949815,235.795339936373,335.276897353232,127.353627981505,220.876200097185,250.723670869222,206.19598390223,270.621838788535,115.41359924964,141.282877174519,418.851048342827,437.758654693788,223.860634896872,234.80434088629,293.489716510431,228.835886452461,392.988872079672,173.626741610538,140.28761147146
186.054308823773,375.082183731734,109.444547044612,391.823246986018,194.013303436427,129.341715128095,102.479579850751,392.968809606988,313.393923486009,184.060581811628,94.5192701718781,140.287006949815,235.795339936373,335.276897353232,127.353627981505,220.876200097185,250.723670869222,206.195983899137,270.621838788535,115.41359924964,141.282877174519,418.851048342827,437.758654693788,223.860634896872,234.80434088629,293.489716510431,228.835886452461,392.988872079672,173.626741610538,140.28761147146
186.054308823773,375.082183731734,109.444547044612,391.823246986018,194.013303436427,129.341715128095,102.479579850751,392.968809606988,313.393923486009,184.060581811628,94.5192701718781,140.287006949815,235.795339936373,335.276897353232,127.353627981505,220.876200097185,250.723670869222,206.195983899137,270.621838788535,115.41359924964,141.282877174519,418.851048342827,437.758654693788,223.860634896872,234.80434088629,293.489716510431,228.835886452461,392.988872079672,173.626741610538,140.28761147146
186.054308823773,375.082183731734,109.444547044612,391.823246986018,194.013303436427,129.341715128095,102.479579850751,392.968809606988,313.393923486009,184.060581811628,94.5192701718781,140.287006949815,235.795339936373,335.276897353232,127.353627981505,220.876200097185,250.723670869222,206.195983899137,270.621838788535,115.41359924964,141.282877174519,418.851048342827,437.758654693788,223.860634896872,234.80434088629,293.489716510431,228.835886452461,392.988872079672,173.626741610538,140.28761147146
186.054308823773,375.082183731734,109.444547044612,391.823246986018,194.013303436427,129.341715128095,102.479579850751,392.968809606988,313.393923486009,184.060581811628,94.5192701718781,140.287006949815,235.795339936373,335.276897353232,127.353627981505,220.876200097185,250.723670869222,206.195983899137,270.621838788535,115.41359924964,141.282877174519,418.851048342827,437.758654693788,223.860634896872,234.80434088629,293.489716510431,228.835886452461,392.988872079672,173.626741610538,140.28761147146
186.054308823773,375.082183731734,109.444547044612,391.823246986018,194.013303436427,129.341715128095,102.479579850751,392.968809606988,313.393923486009,184.060581811628,94.5192701718781,140.287006949815,235.795339936373,335.276897353232,127.353627981505,220.876200097185,250.723670869222,206.195983899137,270.621838788535,115.41359924964,141.282877174519,418.851048342827,437.758654693788,223.860634896872,234.80434088629,293.489716510431,228.835886452461,392.988872079672,173.626741610538,140.28761147146
186.054308823773,375.082183731734,109.444547044612,391.823246986018,194.013303436427,129.341715128095,102.479579850751,392.968809606988,313.393923486009,184.060581811628,94.5192701718781,140.287006949815,235.795339936373,335.276897353232,127.353627981505,220.876200097185,250.723670869222,206.195983899137,270.621838788535,115.41359924964,141.282877174519,418.851048342827,437.758654693788,223.860634896872,234.80434088629,293.489716510431,228.835886452461,392.988872079672,173.626741610538,140.28761147146
186.054308823773,375.082183731734,109.444547044612,391.823246986018,194.013303436427,129.341715128095,102.479579850751,392.968809606988,313.393923486009,184.060581811628,94.5192701718781,140.287006949815,235.795339936373,335.276897353232,127.353627981505,220.876200097185,250.723670869222,206.195983899137,270.621838788535,115.41359924964,141.282877174519,418.851048342827,437.758654693788,223.860634896872,234.80434088629,293.489716510431,228.835886452461,392.988872079672,173.626741610538,140.28761147146
186.054308823773,375.082183731734,109.444547044612,391.823246986018,194.013303436427,129.341715128095,102.479579850751,392.968809606988,313.393923486009,184.060581811628,94.5192701718781,140.287006949815,235.795339936373,335.276897353232,127.353627981505,220.876200097185,250.723670869222,206.195983899137,270.621838788535,115.41359924964,141.282877174519,418.851048342827,437.758654693788,223.860634896872,234.80434088629,293.489716510431,228.835886452461,392.988872079672,173.626741610538,140.28761147146
186.054308823773,375.082183731734,109.444547044612,391.823246986018,194.013303436427,129.341715128095,102.479579850751,392.968809606988,313.393923486009,184.060581811628,94.5192701718781,140.287006949815,235.795339936373,335.276897353232,127.353627981505,220.876200097185,250.723670869222,206.195983899137,270.621838788535,115.41359924964,141.282877174519,418.851048342827,437.758654693788,223.860634896872,234.80434088629,293.489716510431,228.835886452461,392.988872079672,173.626741610538,140.28761147146
186.054308823773,375.082183731734,109.444547044612,391.823246986018,194.013303436427,129.341715128095,102.479579850751,392.968809606988,313.393923486009,184.060581811628,94.5192701718781,140.287006949815,235.795339936373,335.276897353232,127.353627981505,220.876200097185,250.723670869222,206.195983899137,270.621838788535,115.41359924964,141.282877174519,418.851048342827,437.758654693788,223.860634896872,234.80434088629,293.489716510431,228.835886452461,392.988872079672,173.626741610538,140.28761147146
