108.391379524853,123.750193193799,102.519206159725,74.9388180645736,81.5669639339758,92.3375250503498,68.3750150962161,76.5733017531269,62.7318582251816,110.462533178136,78.9770260053314,42.4589603035876,108.10922483674,75.568689151793,106.628578381264,92.6793397420701,127.55884999536,94.8516774072887,85.6826544586552,69.8281448541343,87.4750310270163,112.663250075729,119.971544043472,130.323001277084,90.857418067671,72.9566443173674,67.5812811610834,71.4516697689299,90.9422264675957,73.2920755937803
107.718325407899,123.746768043636,98.6511888843818,68.7521090564235,81.4768044556336,90.1724538039556,62.6503409533949,76.5722988879288,62.5827877150568,110.002001776071,78.5300607723995,42.3175087646644,108.060875770796,75.1859441241465,101.301634710674,88.7140532171557,118.648327339608,94.8428213975408,83.4275436529616,69.0654304033997,85.3380852325023,109.318892301232,105.648638507648,129.569445679489,90.8000355711198,71.6669452914484,67.435562040394,70.4959059099021,90.9408168858156,73.0413963773295
107.033408102831,123.746390786205,98.38910348536,67.2686952965513,81.4758413329282,89.4057215770076,61.6846582157112,76.5722988853911,62.5609504771978,108.920165067638,78.398631488623,42.317508735823,108.060093326717,75.1851425740813,99.4274322280859,87.3208053449073,116.800573324343,94.84178091094,83.1985461757811,68.9136371544208,85.2665081675996,108.023313321588,104.716691345804,129.564927649408,90.7998788311584,70.5790177673052,67.4355568655635,70.3205931562762,90.9408163516152,72.8959043553964
107.025275133543,123.746339108636,98.348369212263,66.6219096989873,81.4758386095326,89.3142001527841,61.4989336744335,76.5722988853911,62.5213104015093,108.237400785202,78.3235265269408,42.317508735823,108.060091685746,75.1851407902668,99.066976415131,86.9103694208937,115.789892967558,94.8410255270617,83.1847488542627,68.7279837398379,85.2644785987569,106.896208119325,102.754773743347,129.484739136375,90.7997650098164,68.5425489301693,67.4355568655626,70.282009825036,90.9408155505266,72.7606745781507
107.025274658379,123.746337379089,98.3483420188296,66.5805717611845,81.4758386094622,89.1605353506059,61.4939787695284,76.572298885391,62.5207522363643,107.331365264335,78.315451045924,42.317508735823,108.060091685744,75.1851407902667,98.9941061370708,86.8792689757197,115.770527148776,94.8408485398128,83.1847453812003,68.7251880234162,85.2644694888488,106.5894879808,102.035177433144,129.451094082352,90.7997540405559,66.5086561950111,67.4355568655625,70.279490536391,90.9408149424428,72.727209785627
107.025274658379,123.746334179417,98.3483420188102,66.5803566175598,81.4758386094622,89.1602419450949,61.4939786898103,76.572298885391,62.5207522363643,97.9432842968694,78.3153514420474,42.317508735823,108.060091685744,75.1851407902667,98.9679710829844,86.879264225282,115.630615207291,94.8408482766421,83.1847453812001,68.7251880195049,85.2644694888488,106.582016379772,102.03503559199,129.451066667869,90.7997539494414,66.3625052751466,67.4355568655625,70.2794864717798,90.940814851504,72.7261397687637
107.025274658379,123.746334172329,98.3483420188102,66.5803566171265,81.4758386094622,89.1602419450949,61.474098293023,76.572298885391,62.5207522363643,97.9432761744301,78.3153514364193,42.317508735823,108.060091685744,75.1851407902667,98.9679051660823,86.8792642252819,115.63059642978,94.8408482766421,83.1847453812001,68.7251880195049,85.2644694888488,106.582011279011,102.035035591926,129.423635535815,90.7997539494414,66.3625052751466,67.4355568655625,70.2794864717787,90.9408148452108,72.7261386878874
107.025274658379,123.746334172317,98.3483420188102,66.5792978505513,81.4758386094622,89.1602419450949,61.4740981876037,76.572298885391,62.5207522363643,97.9432761744301,78.3153514364193,42.317508735823,108.060091685744,75.1851407902667,98.9679051660034,86.8792642252819,115.630596343989,94.8408327694259,83.1847453812001,68.7251880195049,85.2644694888488,106.582011275136,102.035035591926,129.42363488418,90.7997539494414,66.3625052751466,67.4355568655625,70.279486471778,90.9408148440459,72.7261386867806
107.025274658378,123.746334172317,98.3483420188102,66.577189093525,81.4758386094622,89.1602419450949,61.4740981873589,76.572298885391,62.5207522363643,97.9431602566762,78.3153514364193,42.317508735823,108.060091685744,75.1851407902667,98.9679026296086,86.8792642252819,115.630596343987,94.8408327680932,83.1847453812001,68.7075960163002,85.2644694888488,106.582011275135,102.035035591926,129.423610244987,90.7997539494414,66.3625052751466,67.4355568655625,70.2166238925088,90.9408148440211,72.7261386867804
107.025274658378,123.746334172317,98.3483420188102,66.5771889849157,81.4758386094622,89.1602419450949,61.4687392578201,76.572298885391,62.5207522363643,97.9431601550382,78.3153514364193,42.317508735823,108.060091685744,75.1851407902667,98.9679026296086,86.8792642252753,115.587034690951,94.840832768093,83.1847453812001,68.7075952753272,85.2644694888488,106.582011275135,102.035035591926,129.423607612182,90.7994529539567,66.3625052751466,67.4355568655625,70.216623812969,90.9408148440211,72.7261386867804
107.025274658378,123.746334172317,98.3483420188102,66.577188984631,81.4758386094622,89.1602419450949,61.4687392484785,76.572298885391,62.5207522363643,97.943160155037,78.3133717753913,42.317508735823,108.060091685744,75.1851407902667,98.9679024846139,86.8792642252753,115.587034651211,94.8408324241415,83.1847453812001,68.7075952753272,85.2644694888488,106.582011275135,101.945259628722,129.423607612181,90.7994391590287,66.3625052751466,67.4355568655625,70.2166238129684,90.9408148440211,72.7261386867804
107.025274658378,123.746334172317,98.3483420188102,66.577188984631,81.4758386094622,89.1602419450949,61.4687392484784,76.572298885391,62.5207522363643,97.942956341601,78.3133717545376,42.317508735823,108.060091685744,75.1851407902667,98.9679024846137,86.8792642252753,115.587034651211,94.8408324170505,83.1847453812001,68.7075952753272,85.2644694888488,106.582011275135,101.945259617988,129.423607562786,90.7994391590196,66.3625052751465,67.4355568655625,70.216494987453,90.9408148440211,72.7261386867804
107.025274658378,123.746334172317,98.3483420188102,66.5771889846309,81.4758386094622,89.1602419450949,61.4649318210063,76.572298885391,62.5207522363643,97.9429563414504,78.3133717545376,42.317508735823,108.060091685744,75.1851407902667,98.9679024846137,86.8792642252753,115.587034651211,94.8408324168547,83.1847453811999,68.7074480415753,85.2644694888488,106.582011275135,101.945259617988,129.423607562785,90.7994391590196,66.3625052751465,67.4355568655625,70.2164942493707,90.9408148435998,72.7261386867804
107.025274658378,123.746334172317,98.3483420188102,66.5771889846309,81.4758386094622,89.1602419450949,61.4649318099298,76.572298885391,62.5207522363643,97.9429563414502,78.3100635527173,42.317508735823,108.060091685744,75.1851407902667,98.9679024846137,86.8630612176233,115.587034648668,94.8408324168547,83.1847453811999,68.7074480411992,85.2644694888488,106.582011275135,101.945259617988,129.26696514106,90.7994391590196,66.3625052751465,67.4355568655625,70.2164941713914,90.9408148435956,72.6294973820736
