949.599611321441,923.901545502903,422.52119557655,1124.81835319861,1485.31923188981,1606.1843471024,566.88805539128,873.983011165114,1461.44339949289,1000.81934649564,1114.17830035266,427.452774952127,520.818935208759,666.829982115827,529.625232581677,667.312360958762,949.394145635647,1108.24280849529,1592.07102336194,1010.47843669666,861.438972467423,1213.77311766852,995.349333236407,922.86060941888,730.50435099984,941.767637752425,1070.99363014656,836.53744340061,705.67146244219,704.1330425824
947.094376475817,920.892611272854,415.898268514687,1093.96753036123,1476.03177657942,1598.75785153337,558.486797864735,864.261037383619,1421.95865817071,985.150146055906,1104.29890932107,416.388459550654,508.602453920128,659.072942880017,529.145410011748,661.921146736333,940.817126624278,1083.28735317281,1581.8196517444,979.841967983236,827.089290811099,1192.6602227392,991.397929352763,908.791408304585,714.502257982339,923.339906974069,1050.05338024261,823.933080455004,682.192133110585,698.926500702042
941.723655516761,917.980982266547,410.314729203399,1081.50703912557,1474.30552538898,1571.6236499928,554.553643252013,862.748347652908,1411.10270048391,982.170275509091,1094.2837295676,413.879823716269,506.182876608956,651.261176222818,525.893069163863,654.025238792882,923.114760786134,1066.2621745704,1578.16609096456,969.376538629534,821.578398490502,1182.89633759094,988.626234933047,897.069754432113,709.059024748006,916.585682765593,1047.2465477798,819.247501061751,676.567210753537,696.729841356493
941.353503358296,917.598532484849,408.693764935289,1064.89051357996,1473.69257946886,1567.41736792731,553.164419497289,862.317734179525,1406.73337162113,981.699765285336,1091.8773578682,413.126612368234,504.401031140984,649.841565511616,525.326166094817,653.038940094775,922.128408849293,1062.85900719075,1575.89966604947,963.696757973386,819.033481469517,1181.26685027991,987.47631348123,894.148056887881,708.21004074617,915.614450253886,1046.23989120267,817.908624762378,674.633211085063,695.925908496251
941.124791476295,917.527329834398,408.495521843005,1063.87978853592,1473.61275716812,1566.91696877947,553.039412166366,862.215227692245,1406.18242904459,981.58942986055,1091.64663401261,412.927072879641,504.202623910321,649.495704521671,525.278119729453,652.897321418719,921.83336514289,1062.34028297845,1575.79135050672,963.210805098254,818.763499883069,1181.19088996092,987.43187601526,893.783675313462,708.034215320588,915.433237724531,1046.07268671472,817.837556396467,674.556882269638,695.857888497855
941.120882849042,917.525523642772,408.491926105881,1063.84440021483,1473.61149964536,1566.90587741747,553.037951587635,862.213111518305,1406.16862768378,981.588048436321,1091.52502567908,412.926092166128,504.199145591017,649.491147137415,525.276916629674,652.888825828866,921.827531507256,1062.32317500656,1575.78970593631,963.202339367948,818.751243361129,1181.18496781477,987.427567755135,893.771786724319,708.026628224413,915.431082973148,1046.06844887021,817.804094839893,674.555772104404,695.856064358839
941.120865948272,917.525517036141,408.491914338483,1063.84415046316,1473.61149405066,1566.90582205871,553.037934900341,862.213105475701,1406.1685958716,981.588041654521,1091.45245671171,412.92608205152,504.199134969897,649.491125415202,525.276913052362,652.888816818374,921.827509888418,1062.32314400988,1575.78969514142,963.202309721651,818.751193044563,1181.18495865508,987.427553244754,893.771773988581,708.026615988196,915.431067781733,1046.06843048347,817.789109516261,674.555766160274,695.856057099439
941.120865946379,917.525517035464,408.491914337747,1063.8441504562,1473.61149404996,1566.90582205572,553.037934895922,862.213105473752,1406.16859586565,981.588041653044,1091.45054518741,412.926082050305,504.199134969134,649.491125412897,525.276913052248,652.888816816995,921.82750988609,1062.32314400727,1575.78969514077,963.202309718365,818.751193041845,1181.18495865432,987.427553241984,893.77177398644,708.026615986443,915.431067780869,1046.06843048283,817.789053777337,674.555766159646,695.856057098239
941.120865946379,917.525517035464,408.491914337747,1063.8441504562,1473.61149404996,1566.90582205572,553.037934895922,862.213105473752,1406.16859586565,981.588041653044,1091.45054507161,412.926082050305,504.199134969134,649.491125412897,525.276913052248,652.888816816995,921.82750988609,1062.32314400727,1575.78969514077,963.202309718365,818.751193041844,1181.18495865432,987.427553241983,893.77177398644,708.026615986442,915.431067780869,1046.06843048283,817.789053767232,674.555766159646,695.856057098239
941.120865946378,917.525517035464,408.491914337747,1063.8441504562,1473.61149404995,1566.90582205572,553.037934895922,862.213105473751,1406.16859586565,981.588041653044,1091.45054507161,412.926082050305,504.199134969134,649.491125412897,525.276913052248,652.888816816995,921.82750988609,1062.32314400727,1575.78969514077,963.202309718365,818.751193041844,1181.18495865432,987.427553241983,893.77177398644,708.026615986442,915.431067780869,1046.06843048283,817.789053767232,674.555766159646,695.856057098239
941.120865946378,917.525517035464,408.491914337747,1063.8441504562,1473.61149404995,1566.90582205572,553.037934895922,862.213105473751,1406.16859586565,981.588041653044,1091.45054507161,412.926082050305,504.199134969134,649.491125412897,525.276913052248,652.888816816995,921.82750988609,1062.32314400727,1575.78969514077,963.202309718365,818.751193041844,1181.18495865432,987.427553241983,893.77177398644,708.026615986442,915.431067780869,1046.06843048283,817.789053767232,674.555766159646,695.856057098239
941.120865946378,917.525517035464,408.491914337747,1063.8441504562,1473.61149404995,1566.90582205572,553.037934895922,862.213105473751,1406.16859586565,981.588041653044,1091.45054507161,412.926082050305,504.199134969134,649.491125412897,525.276913052248,652.888816816995,921.82750988609,1062.32314400727,1575.78969514077,963.202309718365,818.751193041844,1181.18495865432,987.427553241983,893.77177398644,708.026615986442,915.431067780869,1046.06843048283,817.789053767232,674.555766159646,695.856057098239
941.120865946378,917.525517035464,408.491914337747,1063.8441504562,1473.61149404995,1566.90582205572,553.037934895922,862.213105473751,1406.16859586565,981.588041653044,1091.45054507161,412.926082050305,504.199134969134,649.491125412897,525.276913052248,652.888816816995,921.82750988609,1062.32314400727,1575.78969514077,963.202309718365,818.751193041844,1181.18495865432,987.427553241983,893.77177398644,708.026615986442,915.431067780869,1046.06843048283,817.789053767232,674.555766159646,695.856057098239
941.120865946378,917.525517035464,408.491914337747,1063.8441504562,1473.61149404995,1566.90582205572,553.037934895922,862.213105473751,1406.16859586565,981.588041653044,1091.45054507161,412.926082050305,504.199134969134,649.491125412897,525.276913052248,652.888816816995,921.82750988609,1062.32314400727,1575.78969514077,963.202309718365,818.751193041844,1181.18495865432,987.427553241983,893.77177398644,708.026615986442,915.431067780869,1046.06843048283,817.789053767232,674.555766159646,695.856057098239
941.120865946378,917.525517035464,408.491914337747,1063.8441504562,1473.61149404995,1566.90582205572,553.037934895922,862.213105473751,1406.16859586564,981.588041653044,1091.45054507161,412.926082050305,504.199134969134,649.491125412897,525.276913052248,652.888816816995,921.82750988609,1062.32314400727,1575.78969514077,963.202309718365,818.751193041844,1181.18495865432,987.427553241983,893.77177398644,708.026615986442,915.431067780868,1046.06843048283,817.789053767232,674.555766159646,695.856057098239
941.120865946378,917.525517035463,408.491914337747,1063.8441504562,1473.61149404995,1566.90582205572,553.037934895922,862.213105473751,1406.16859586564,981.588041653044,1091.45054507161,412.926082050305,504.199134969134,649.491125412897,525.276913052248,652.888816816995,921.82750988609,1062.32314400727,1575.78969514077,963.202309718365,818.751193041844,1181.18495865432,987.427553241983,893.77177398644,708.026615986442,915.431067780868,1046.06843048283,817.789053767232,674.555766159646,695.856057098239
