3616.98514771107,2790.17485694569,3481.54114799223,7307.27612348194,3694.29915947005,6716.61284980434,6931.05337351237,7684.92946517149,1592.59367997066,2605.82960589326,1837.26544618278,2217.32929841072,2984.72662563135,4084.36946013665,6057.69249415145,3639.07881646268,2542.20599191793,2146.54107084228,1892.08953373228,3295.99010299339,3365.70241874044,5454.89902254719,3882.87922680346,3874.74241761271,6861.02622385119,2887.43624536661,5622.51011471411,1638.39427177789,6167.29187224066,3652.58922755583
3615.05569562206,2788.68654088817,3475.65295188427,7227.93526602399,3594.87471070412,6669.04820646975,6615.15485439646,7578.87633818136,1592.58958451789,2604.85475257024,1831.0720376584,2217.32208400285,2974.64426525144,4076.69156578619,6056.36294432511,3638.65283661742,2540.9895966466,2135.09311803058,1886.76629243995,3276.70692604202,3355.19449601196,5386.13256216238,3877.5508619798,3653.99328872108,6855.04260080468,2882.63343509545,5483.65007780273,1638.12913838133,6158.26689067779,3644.26850383438
3615.03289604911,2788.36418997689,3475.55134407904,7222.49554183355,3593.05886259164,6638.99089770643,6614.85692844417,7565.27463053798,1592.58958451731,2604.85399012327,1797.89315761549,2217.32208349941,2971.76682067364,4076.63279167383,6055.6232453694,3638.65266507962,2540.96524151016,2134.90764881403,1879.13489745496,3276.46821860893,3354.92244868354,5385.54426260234,3876.24826472454,3653.33390344896,6855.04252701085,2881.85245687253,5475.32326339002,1638.12913188397,6157.19831591144,3643.25015102169
3615.0288216908,2788.16938055779,3475.49659138192,7222.45532744484,3592.99716496604,6638.37091645347,6614.85692365022,7538.40815677769,1592.58958451731,2604.85021662971,1797.49401329383,2217.32208299386,2971.43545045768,4076.63262717313,6055.60591910074,3638.65266507899,2540.96113279205,2134.84273435718,1879.00170917041,3276.43399124449,3354.85002036838,5382.17399814002,3874.08703622947,3653.32082760281,6855.04252701067,2881.83656401965,5474.63294660774,1638.12913188396,6156.9369388156,3638.12494291312
3615.02882151515,2788.16698184706,3475.48929835688,7222.45091546448,3592.9971597235,6638.37074250456,6614.85692365022,7537.76959800867,1592.58958451731,2604.84568799758,1797.49389727194,2217.32208299098,2971.43468994416,4076.63228157568,6055.60545273492,3638.65266507899,2540.95202117483,2134.19725080453,1878.77153692923,3276.29191694261,3354.84843430926,5377.98947422598,3874.08076215873,3653.32082760183,6855.04252701067,2881.83653752481,5474.58562654591,1638.12913188396,6156.91891726891,3638.0922151973
3615.02882151515,2788.16698116374,3475.48921353267,7222.44634485364,3592.9971597235,6637.15712070766,6614.85692365022,7537.76959797151,1592.58958451731,2604.84399168791,1797.49389727194,2217.32208299098,2971.43468994406,4076.63195540758,6055.60545245993,3638.65266507899,2540.95142065248,2133.93413193751,1878.77153688989,3275.95144952188,3354.84843423041,5377.81534746248,3874.08076212479,3653.32082760183,6855.04252701067,2881.83653752481,5474.55753309376,1638.12913188396,6156.91888690428,3638.09220908638
3615.02882151515,2788.16698116374,3475.48921347249,7222.44556943212,3592.9971597235,6637.15712070766,6614.85692365022,7537.76959797151,1592.58958451731,2604.84385373739,1797.49389727194,2217.32208299098,2971.14551789508,4076.63182996785,6055.60545245993,3638.65266507899,2540.95141608274,2133.93397088261,1878.77153688989,3275.6807729078,3354.84843422547,5377.8040846798,3874.08076211515,3653.32082760183,6855.04252701067,2881.83653752481,5474.55639464175,1638.12913188396,6156.91888690424,3638.09220908638
3615.02882151515,2788.16698116374,3475.48921347249,7222.44542834789,3592.9971597235,6637.15712070766,6614.85692365022,7537.76959797151,1592.58958451731,2604.84384208062,1797.49389727194,2217.32208122663,2971.14551786375,4076.63177121875,6055.60545245993,3638.65266507899,2540.95141608274,2133.93397086705,1878.77153688989,3275.58140172682,3354.84843422547,5377.80177442078,3874.07998405005,3653.32082760183,6855.04252701067,2880.62417832846,5474.55639464175,1638.12913188396,6156.91888690424,3638.09220908638
3615.02882151515,2788.16698116374,3475.48921347249,7222.44540386518,3592.9971597235,6637.15712070766,6614.85692365022,7537.76959797151,1592.58958451731,2604.84384080695,1797.49389727194,2217.32208122663,2971.1454927315,4076.63174784519,6055.60545245993,3638.65266507899,2540.95141608274,2133.93397086704,1878.77153688989,3275.55250324052,3354.84843422547,5377.80107760625,3874.0750259809,3653.32082760183,6855.04252701067,2880.46616160713,5474.55639464175,1638.12913188396,6156.91888690424,3638.09220908638
3615.02882151515,2788.16698116374,3475.48921347249,7222.44540070708,3592.9971597235,6637.13196714332,6614.85692365022,7537.76959797151,1592.58958451731,2604.84384068616,1797.49389727194,2217.3220802253,2971.14549272817,4076.63173914069,6055.59320560372,3638.65266507899,2540.95134989165,2133.93397086704,1878.77153688989,3275.54604740326,3354.84843422547,5377.80084862429,3874.07502590427,3653.32082760183,6855.04252701067,2880.46616160713,5474.53023314303,1638.12913188396,6156.91888690424,3638.09220908638
3615.02882151515,2788.16690880644,3475.48921347249,7222.44540015587,3592.9971597235,6637.13196714329,6614.85692365022,7537.76959797151,1592.58958451731,2604.84384067473,1797.49389727194,2217.32208022089,2971.14549272817,4076.6317350463,6055.59311108797,3638.65266507899,2540.95134989152,2133.93397086704,1878.77153688989,3275.54459078363,3354.84843422547,5377.80075461686,3874.0750259041,3653.32082760183,6855.04252701067,2880.46616160713,5474.53023314303,1638.12913188396,6156.72714473432,3638.09220908638
3615.02882151515,2788.16690880644,3475.48921347249,7222.44540007545,3592.9971597235,6637.13196714329,6614.85692365022,7537.76959797151,1592.58958451731,2604.84384067367,1797.49389727194,2217.32208022089,2971.14549272817,4076.63173358013,6055.59311108081,3638.65266507899,2540.95008426591,2133.93397086704,1878.77153688989,3275.54434026521,3354.84843422547,5377.80071028277,3873.62446864336,3653.32082760183,6855.04252701067,2880.46616160713,5474.52820676126,1638.12913188396,6156.72711963206,3638.09220908638
3615.02882151515,2788.16678289972,3475.48921347249,7222.44540006238,3592.9971597235,6637.12401847143,6614.85692365022,7537.76959797151,1592.58958451731,2604.8438406736,1797.49389727194,2217.32207962846,2971.13890033559,4076.63173293357,6055.59311108081,3638.65266507899,2540.95008426534,2133.93397086704,1878.77153688989,3275.54429035661,3354.84843422547,5377.80068966595,3873.61947986243,3653.32082760183,6855.04252701067,2880.36594469057,5474.52820674324,1638.12913188396,6156.72711962947,3638.09220908638
3615.02882151515,2788.16678289968,3475.48921347249,7222.44540006061,3592.9971597235,6637.12401847142,6614.85692365022,7537.76959797151,1592.58958451731,2604.8438406736,1797.49389727194,2217.32207962845,2971.13890032318,4076.63173266945,6055.59311108081,3638.65266507899,2540.95008426534,2133.93397086704,1878.77153688989,3275.54428056321,3354.84843422547,5377.80068055251,3873.61947984435,3653.32082760183,6855.04252701067,2880.36587905686,5474.52820674324,1638.12913188396,6156.72711962947,3638.09220908638
