2348.72052756104
3267.71072592733
982.817062249166
1846.19426559147
1240.50783256055
1923.33383370171
2038.51796628608
2316.0882263485
1946.78668149519
1081.54537402392
2037.4408546052
1863.17539060753
1819.73794010753
2043.29818725343
1366.93144155601
1695.37017104073
1844.44410323222
1552.4545537672
2160.67272999122
1865.51146620979
1436.23100214792
1804.66834160928
1829.70855682047
1324.48834866631
2747.29895633075
1811.96114907874
2142.88882174146
1174.75899353654
2418.58374813663
2263.51793495678
