72.6333463396195
9.94989902638235
77.3842992723869
30.845284601156
213.233950985955
184.060673693158
165.159637692488
128.115695391203
146.272261111355
55.4974835538176
265.648059656764
93.3718485519739
83.7940353969295
67.6626400059683
62.6827791678984
99.596485836289
82.6062280644712
74.6258590198979
78.6058547370812
89.7105729858708
112.441960132547
130.133492095315
70.3630780215469
120.289096313338
151.016752687118
131.333001261937
19.5696041885142
9.67117820114868
26.5854231663234
149.167314243596
