35860.2224044242
24249.0152948073
700638.835111639
15037.9397284652
13306.217867032
6187.79195192307
12027.3565176117
32569.13892351
47781.8444167481
74400.5302415137
8157.19866722151
30658.0910347117
38723.1262450076
21956.9616987898
6869.94790884648
13565.6519787154
9200.89226091105
50175.4201642591
44645.5739340148
13053.3791208248
15858.5469674519
13230.9857185283
3876672.78418222
15284.6068758597
41574.6698864632
25576.5884190767
154015.794576468
4065060.1445831
8646.995255239
405552.073878278
