699.104344361386
16932.8310202791
5983.90499517212
13571.8688081185
11900.6136045823
1400.49101640515
564.555626734041
7514.04624484259
690.303256472301
14973.229157651
664.366551087975
696.796775418067
24766.3464807124
6351.83878089906
1651.95150131056
1942.01840345507
22576.4545648221
6344.91469084579
7710.44356868615
1112.27300892832
4830.17843305711
9249.29710540532
5726.71994228845
486.75761994774
13197.3014014977
25900.4627982739
26966.3605189386
23490.0272020865
3277.61239794193
1148.0550297415
