533.647999808934
17542.3632660017
926.604878224329
12511.0927867936
717.852331490446
2731.29631142723
539.680462802758
851.629084060091
2012.29873281423
19425.4440860386
17052.9062351115
2053.76800511899
205.689706408534
69.1142522783928
8161.52971802907
2629.94061686298
2057.1083225905
676.673875585248
9792.78563683468
6899.63110858731
50.3798088307203
18583.7099884563
4590.28820065206
2021.2759443957
955.810237098202
23026.1734972558
5750.56075386611
170.748733452477
9869.61902263063
4594.67825569581
