5181.2317739594
440.393638744401
23917.9256892891
23808.701062166
4716.38017280608
6424.35707451521
1770.32436222632
28546.0735621892
15533.2261007676
4107.17656860545
576.467006536981
6888.36011131389
39168.5053783419
28649.0580371931
1186.70021415277
6886.63693341945
24334.7991626813
5275.16223609157
12312.2334736668
5113.3733695172
525.950192011512
423.781352838461
456.990986086839
1710.95940335463
269.806386268806
3526.83386212056
19663.2354151654
8689.68315494748
4282.22691496465
6217.84584876632
