677.591236890004
96.0320651133343
410.61470038471
207.796402009212
565.282864514972
77.9217599162987
297.93604245622
716.683878105122
36.9637563439678
308.768613665413
522.600202489654
360.994869027456
702.33028569956
277.90259042009
872.040048961479
171.468760706801
516.202562328088
50.7911256018422
318.99982457668
293.053112526248
503.018619526425
325.475666499533
379.400985878563
202.386298660704
279.060535132466
508.740463244941
133.679022118855
71.2336012306662
205.761262513809
455.238974122389
