1056.17736817136
23900.295494267
23020.1225596547
4186.44174228718
4580.54588291056
23819.116306114
25311.9296507375
44336.8877952521
2395.90571522348
23092.7750353899
9962.84308980703
3674.66979154989
718.056928745515
25751.7721012073
35138.3738036843
5377.76377273193
12194.0398167807
30222.3410543563
23748.8592152807
1834.59972123137
24674.0847428303
23673.0379852983
23263.1763139577
29134.7565159519
7482.87922282056
1827.16114709508
31145.104119493
8709.26116882283
1850.4790410436
32161.3750710668
