28154.3791992285
19686.5156857462
29801.0907436441
14170.5988665026
898.605215635364
450.584518334135
2538.92958254478
813.911565593527
46808.0744924643
12454.1446385608
5028.40971952848
27790.0487839441
23397.8754562636
1294.65037220343
20989.7193471333
284.327280228943
20591.1157085078
9748.69564161472
29302.0116604145
2034.50227732821
545.148238067007
10375.1961216233
7220.08586298361
86.1411051246594
29521.5765726691
24786.8732012607
23138.4914307108
2050.76931346065
391.724216296692
29079.1302163857
