306.716188947618
104.905439310024
341.604728936977
392.625705731509
344.400768091495
427.280828171651
363.951492190854
325.635120684884
384.27946918136
436.981291347041
333.990372979883
282.662451420894
417.037221538802
392.553586345748
348.549431354116
356.42770854395
489.885392210109
454.863968625897
496.720447442553
318.742922364754
511.045509933302
410.746944159831
440.504821288126
416.738284046872
269.849818463468
260.781644290562
289.330946421027
367.483810670928
275.693177374063
322.850698846982
