445.867938170483
446.246319705638
444.958875909193
450.654206047107
444.243626633988
461.752750184681
444.62089487626
100.042415940321
444.508648510762
473.788390289586
551.910776753339
448.824252575369
450.240826469267
100.038711509676
445.775565233287
450.242602092738
450.892365211718
399.609990033281
452.27879466277
443.776556676718
399.609990033281
445.362882577791
453.432310982235
444.144524680591
445.698497106632
400.272771437011
446.303504864289
446.243690901187
447.434364115175
451.193724058226
