450.736694875127
648.74041157213
695.16239099163
1699.81695404384
508.214171623317
407.273820314831
437.80845560105
961.352827290487
1371.90523781812
502.799157160953
662.19777167305
990.060108220598
1275.38610653582
525.143851274377
429.301233004648
455.779525323661
800.091243589217
861.50846384035
594.711654051088
815.583477251676
943.403326809515
643.471967680287
495.136797779192
595.807841518826
555.441424941058
500.061841950827
578.079309855088
497.219342181266
1092.6767082044
526.53372940005
