880.878646620858
645.323984767352
422.18577578203
672.044214210238
762.53761158949
780.250296579209
679.59428191489
677.59387584644
641.282054560173
1700.54503943877
716.333417810306
567.074321464556
828.518503092462
955.912611942678
682.394236494818
1038.34430861269
936.383727108113
978.479718189687
643.229191890128
757.870486648834
516.164723877979
865.126266980287
679.607430949736
880.771449494032
522.232269939245
1326.01156882217
587.081526294709
777.738714069514
780.825833780096
853.258517757655
