32943.9155099831
23766.2314599136
42803.2643275943
39426.0408081623
16443.5113838204
38313.2823689368
30264.5238011861
22485.2192365782
38822.4371699135
6187.42980885775
40885.4285333914
35374.137574018
9001.09534152074
32257.1897551209
27758.3078617315
27691.476295388
46886.1474823977
59792.2126683099
39607.8649134206
40680.9302668845
42758.5558672309
7642.24426528144
28935.3308728276
1834.21007821721
25789.2641101427
48135.5695088889
28858.0564373579
41252.7487496202
43573.3884230926
20813.9949607459
