1452727.12986082
751457.908081289
83587.4345036125
4780904.63925072
2564.62252889449
27819541.0784803
3906226.45873275
19604925.2593697
304657581.288283
103151.122877785
2584274.32047617
655543.416342971
12675768.7926823
8608716.51610544
530619.090019929
5303423.22026681
109767.205013212
29470.3044897151
11067718.3615267
1737021.26293517
1951199.85235939
46904.1865743902
8864559.07549414
10797010.4589849
20220102.5914779
1497133.60790742
37058.6297432506
1089089.271771
25641579.5063158
6509365.53557332
