70.0605915351827
86.7643023267864
100.306027958427
74.1092646548774
95.4393629539695
86.2363305607832
90.8303336491497
89.3307793555934
111.712690305037
106.071955500026
64.3299773990326
94.2465835931774
105.418406926259
82.1649820239392
69.042723872521
64.7710329805997
122.816856031513
90.195787129361
107.251388703445
67.4456650201903
134.862745055336
67.6307894911191
90.4986095204206
99.1950892859172
69.4517255970321
110.15571289218
80.3998951220893
81.631900592289
106.933458681376
81.0474529365572
