666.4371448359
1395.56826869452
1242.82343360191
801.003024436043
1015.49292537534
1055.01504767331
850.602197990202
971.734715450569
1379.41455951711
976.519257258201
938.76654392849
815.502107523138
1079.88319887428
779.944586281252
925.903533022876
1264.09634436752
727.75086201529
1489.48658788674
951.988686773667
1048.81597976129
410.190369201686
936.525766278321
1388.60595908422
786.051866780801
582.090627405972
893.357139735142
1175.19516874983
595.353337266608
660.256446119585
1052.25918355132
