239.77994521275
193.019804536573
163.171538391222
164.164565131351
213.909014024063
110.439731777916
83.5754385073977
312.908798539598
306.433298257215
176.104201182031
146.255816257855
180.084748550085
160.185060783478
123.373119334628
118.949366085992
226.698432544356
176.105171820859
198.988254096426
55.7174595693523
247.736222289207
143.27157243731
65.6669540570731
169.14089668889
280.569979127772
139.292731099421
229.827279163941
251.72026261498
173.18413249299
190.033038988362
290.519598552925
