3615.02882151515
2788.16678289968
3475.48921347249
7222.45497249426
3592.9971597235
6637.12401847142
6614.85692365022
7537.76959797151
1592.58958451731
2604.8438406736
1797.49389727194
2217.32207962845
2971.13890032318
4076.63173266945
6055.59311108081
3638.65266507899
2540.95008426534
2133.93397086704
1878.77153688989
3275.54428056321
3354.84843422547
5377.80068055251
3873.61947984435
3653.32082760183
6855.04252701067
2880.36587905686
5474.52820674324
1638.12913188396
6156.72711962947
3638.09220908638
