2062.26858937816,2195.24376362965,3078.23092970108,2800.00265611542,2884.12779667773,2265.79649208232,2826.81157013723,2429.33353327586,2722.79014380663,2949.92327751366,2909.67359316564,2024.56217326375,3026.16539604481,3098.39227891203,2423.5819047746,3351.27739091265,2979.81249936323,3268.2670600239,2951.79939310461,2475.08591457827,3166.12256245352,3074.62515204874,3008.73760688364,1296.88226378151,2541.16224911931,2586.85789858605,1975.07254097733,2769.90920369884,2962.24604810702,2435.56428787776
2062.26858937816,2195.24376362965,2513.71444215585,2800.00265611542,2286.27356118391,2265.79649208232,2307.45088448437,2066.33016329823,2722.79014380663,2949.92327751366,2739.2629247947,2024.56217326375,3026.16539604481,3098.39227891203,2423.5819047746,2543.9341648155,2979.81249936323,2742.46520919161,2951.79939310461,2475.08591457827,2854.22847309792,2870.55959396374,2767.23023067751,1188.30852951993,2541.16224911931,2586.85789858605,1975.07254097733,2769.90920369884,2909.92103966624,2435.56428787776
2062.26858937816,2195.24376362965,2513.71444215585,2713.10307130466,2286.27356118391,2265.79649208232,2307.45088448437,2066.33016329823,2722.79014380663,2949.92327751366,2739.2629247947,2024.56217326375,2785.11649019582,2856.16407616351,2423.5819047746,2543.9341648155,2979.81249936323,2390.28327663161,2361.53428751819,2475.08591457827,2854.22847309792,2870.55959396374,2767.23023067751,958.559977266404,2541.16224911931,2586.85789858605,1975.07254097733,2769.90920369884,2909.92103966624,2435.56428787776
2062.26858937816,2195.24376362965,2513.71444215585,2713.10307130466,2286.27356118391,2265.79649208232,2307.45088448437,2066.33016329823,2722.79014380663,2846.7252677251,2739.2629247947,2024.56217326375,2785.11649019582,2856.16407616351,2423.5819047746,2543.9341648155,2790.87284837047,2390.28327663161,2361.53428751819,2475.08591457827,2854.22847309792,2870.55959396374,2767.23023067751,855.334095481968,2541.16224911931,2586.85789858605,1975.07254097733,2769.90920369884,2909.92103966624,2435.56428787776
2062.26858937816,2195.24376362965,2513.71444215585,2713.10307130466,2286.27356118391,2093.84295868775,2307.45088448437,2066.33016329823,2722.79014380663,2614.16525467532,2422.74150289154,2024.56217326375,2645.00835968534,1711.11438223369,2423.5819047746,2543.9341648155,2141.91607171054,2273.37492629085,2231.2934089087,2475.08591457827,2854.22847309792,2361.95509085308,2518.97170421356,827.381521127118,2541.16224911931,2586.85789858605,1975.07254097733,2752.5421061512,2571.79259561214,2373.69608143486
2062.26858937816,2195.24376362965,2513.71444215585,2713.10307130466,2286.27356118391,2093.84295868775,2307.45088448437,2066.33016329823,2722.79014380663,2441.46291570815,2306.84055472385,2024.56217326375,2332.88760317891,1711.11438223369,2195.10495960675,2543.9341648155,2141.91607171054,2273.37492629085,2231.2934089087,2327.26035503246,2854.22847309792,2318.89512832386,2518.97170421356,814.619908893081,2056.03137856605,2586.85789858605,1975.07254097733,2558.14302072024,2354.20440315399,2373.69608143486
2062.26858937816,2195.24376362965,2309.24514735994,2713.10307130466,2286.27356118391,2093.84295868775,2307.45088448437,2066.33016329823,1813.39252792191,2441.46291570815,2306.84055472385,2024.56217326375,2332.88760317891,1711.11438223369,2195.10495960675,2543.9341648155,2141.91607171054,2273.37492629085,2231.2934089087,2299.34348048128,2332.42983204045,2318.89512832386,2496.47425860225,814.465823218969,2056.03137856605,2226.15327880572,1975.07254097733,2533.39768280798,2354.20440315399,2373.69608143486
2062.26858937816,1982.5838324909,2268.9555282045,2385.9397140379,2286.27356118391,2093.84295868775,2307.45088448437,2066.33016329823,1813.39252792191,2441.46291570815,1981.8311072124,2024.56217326375,2332.88760317891,1711.11438223369,2195.10495960675,2048.45173213562,2141.91607171054,2273.37492629085,2231.2934089087,2299.34348048128,2332.42983204045,2318.89512832386,2346.16477363971,814.465815172777,2056.03137856605,2226.15327880572,1975.07254097733,1732.39837795699,2354.20440315399,2373.69608143486
2062.26858937816,1982.5838324909,1687.47018426226,2385.9397140379,2286.27356118391,2093.84295868775,2307.45088448437,2066.33016329823,1813.39252792191,2325.75116443985,1225.63195587368,2024.56217326375,2311.83072378972,1711.11438223369,2122.39408500727,2048.45173213562,2019.22563399169,2043.99996067374,2231.2934089087,2299.34348048128,2332.42983204045,1823.69350877753,2223.4776200562,814.465815170371,2056.03137856605,2226.15327880572,1975.07254097733,1732.39837795699,2354.20440315399,2373.69608143486
2062.26858937816,1982.5838324909,1687.47018426226,2385.9397140379,2286.27356118391,2093.84295868775,2307.45088448437,2066.33016329823,1813.39252792191,2277.07178665257,1225.63195587368,2024.56217326375,2107.45131548038,1711.11438223369,2122.39408500727,2048.45173213562,2019.22563399169,2043.99996067374,2188.39087494286,1914.17677720231,2332.42983204045,1823.69350877753,2223.4776200562,814.465815170371,2056.03137856605,2226.15327880572,1975.07254097733,1732.39837795699,2170.0488131748,2136.75164387787
2062.26858937816,1982.5838324909,1687.47018426226,2104.55397724363,1892.76179425416,2093.84295868775,2227.69296589196,2066.33016329823,1613.3673161385,2270.73037541785,1225.63195587368,2024.56217326375,2107.45131548038,1711.11438223369,2122.39408500727,2048.45173213562,2019.22563399169,2043.99996067374,1912.12589581972,1914.17677720231,1890.23651790993,1746.55240329991,2024.73929960779,814.465815170371,2056.03137856605,2052.69736368828,1975.07254097733,1732.39837795699,2170.0488131748,1774.0396850684
2062.26858937816,1982.5838324909,1687.47018426226,2104.55397724363,1892.76179425416,1992.77738848572,2227.69296589196,2066.33016329823,1613.3673161385,1759.54379254591,1225.63195587368,2019.08952786254,2003.19196954776,1711.11438223369,2013.06979703117,1938.8395339493,1998.33665993936,1775.82180506536,1839.88062026942,1789.26852950777,1890.23651790993,1746.55240329991,2024.73929960779,814.465815170371,1786.19949767053,1947.39371126391,1975.07254097733,1732.39837795699,1861.7085190084,1774.0396850684
2062.26858937816,1982.5838324909,1687.47018426226,2104.55397724363,1892.76179425416,1992.77738848572,1971.72171399674,2066.33016329823,1613.3673161385,1759.54379254591,1225.63195587368,2019.08952786254,2003.19196954776,1711.11438223369,1473.16424146381,1821.4027550212,1989.50849946052,1775.82180506536,1839.88062026942,1789.26852950777,1890.23651790993,1746.55240329991,2024.73929960779,814.46581517037,1786.19949767053,1558.82404110405,1975.07254097733,1732.39837795699,1861.7085190084,1688.73090096219
2011.40472397205,1797.79832367562,1687.47018426226,1925.99558573401,1845.89807403907,1850.63217775203,1925.22284219388,1328.41392996367,1613.3673161385,1759.54379254591,1225.63195587368,2019.08952786254,1592.77022602066,1711.11438223369,1473.16424146381,1769.41992495564,1989.50849946052,1775.82180506536,1839.88062026942,1488.2050425876,1322.89585463347,1670.99016945146,1950.8518459598,814.46581517037,1786.19949767053,1558.82404110405,1975.07254097733,1732.39837795699,1858.03317143265,1688.73090096219
1694.30984920209,1709.06689540638,1687.47018426226,1579.29341625947,1845.18717605067,1850.63217775203,1925.22284219388,1328.41392996367,1613.3673161385,1397.1054559033,1225.63195587368,1850.77572816203,1592.77022602066,1711.11438223369,1473.16424146381,1446.97266522448,1989.50849946052,1524.06330187099,1839.88062026942,1488.2050425876,1322.89585463347,1670.99016945146,1552.23329715733,814.46581517037,1603.62677212762,1558.82404110405,1975.07254097733,1732.39837795699,1544.88221576867,1128.55803308555
1694.30984920209,1644.38170237487,1687.47018426226,1579.29341625947,1708.99229467379,1604.73174705238,1870.62195058463,1328.41392996367,1613.3673161385,1397.1054559033,1225.63195587368,1712.36952870372,1588.19055372279,1711.11438223369,1473.16424146381,1446.97266522448,1911.72124526674,1524.06330187099,1518.72124460286,1488.2050425876,1322.89585463347,1670.99016945146,1552.23329715733,814.46581517037,1603.62677212762,1558.82404110405,1789.87449944692,1679.74370540361,1544.88221576867,1128.55803308555
