1952.53967971597,3001.13910593031,517.284640769133,387.540565122644,1729.16683922358,866.989240635138,17910.4119573589,4502.18708582987,820.511971748302,10071570.8225267,3316.56477756913,2639.06809365115,5637.56068401918,24073.5124230246,1493.77130414381,3519.05588668301,2935.07401025347,2900.39979841086,9089.51021734826,1408.91388685899,63922.3580415889,904.767497710801,1974.03799243884,1866.94704038464,1076.18471799541,3937.74728907937,11962.4227977048,9821.30526270962,7180.99921996042,399.290028660245
1700.15612627626,3001.13910593031,517.284640769133,387.540565122644,1729.16683922358,303.371040280182,1843.34141947379,4502.18708582987,820.511971748302,9993529.6225885,3316.56477756913,526.189867584209,5637.56068401918,24073.5124230246,275.122540503632,1772.04205222252,528.076739457868,1475.45807329733,9089.51021734826,991.629279522253,63922.3580415889,664.333758740838,1043.64914620816,1866.94704038464,809.779092365644,2204.74836925326,1614.76714405949,9821.30526270962,1870.56613527304,399.290028660245
509.481384376612,3001.13910593031,517.284640769133,387.540565122644,1239.46829459582,303.371040280182,751.751416160404,4502.18708582987,820.511971748302,9992565.86130992,3316.56477756913,526.189867584209,5637.56068401918,24073.5124230246,275.122540503632,1447.51256084265,528.076739457868,357.698421032956,9089.51021734826,991.629279522253,63922.3580415889,479.767757931186,354.294517213006,1866.94704038464,610.531778743527,1545.94537756649,972.617557383957,9821.30526270962,770.174487173041,88.178740752654
222.986976382071,3001.13910593031,517.284640769133,387.540565122644,465.889782802284,303.371040280182,265.581210942615,4502.18708582987,820.511971748302,9992559.67770644,3316.56477756913,526.189867584209,5637.56068401918,24073.5124230246,275.122540503632,1447.51256084265,528.076739457868,195.445493962604,9089.51021734826,991.629279522253,63922.3580415889,479.767757931186,354.294517213006,1866.94704038464,277.656341597766,361.649912613052,324.170002653215,9821.30526270962,770.174487173041,88.178740752654
222.986976382071,3001.13910593031,517.284640769133,387.540565122644,177.448272392314,303.371040280182,265.581210942615,4502.18708582987,820.511971748302,9992559.67748919,3316.56477756913,526.189867584209,5637.56068401918,24073.5124230246,275.122540503632,1447.51256084265,528.076739457868,161.60616830879,9089.51021734826,991.629279522253,63922.3580415889,479.767757931186,354.294517213006,1866.94704038464,277.656341597766,80.5970199643598,255.691578688221,9821.30526270962,770.174487173041,88.178740752654
222.986976382071,3001.13910593031,517.284640769133,387.540565122644,45.9827323005893,303.371040280182,39.8358514016679,4502.18708582987,820.511971748302,9992559.67748919,3316.56477756913,526.189867584209,5637.56068401918,24073.5124230246,275.122540503632,1447.51256084265,528.076739457868,161.60616830879,9089.51021734826,991.629279522253,63922.3580415889,479.767757931186,354.294517213006,1866.94704038464,154.223613710899,77.2615424341648,100.78176882125,9821.30526270962,770.174487173041,49.9661335015082
222.986976382071,3001.13910593031,517.284640769133,387.540565122644,22.9469593051915,303.371040280182,32.6852802408077,4502.18708582987,820.511971748302,9992559.67748919,3316.56477756913,526.189867584209,5637.56068401918,24073.5124230246,275.122540503632,1447.51256084265,528.076739457868,161.60616830879,9089.51021734826,991.629279522253,63922.3580415889,479.767757931186,354.294517213006,1866.94704038464,154.223613710899,77.2615424341648,29.2782478441973,9821.30526270962,770.174487173041,49.9661335015082
222.986976382071,3001.13910593031,517.284640769133,387.540565122644,22.9469593051915,303.371040280182,32.6852802408077,4502.18708582987,820.511971748302,9992559.67748919,3316.56477756913,526.189867584209,5637.56068401918,24073.5124230246,275.122540503632,1447.51256084265,528.076739457868,161.60616830879,9089.51021734826,991.629279522253,63922.3580415889,479.767757931186,354.294517213006,1866.94704038464,154.223613710899,77.2615424341648,29.2782478441973,9821.30526270962,770.174487173041,49.9661335015082
222.986976382071,3001.13910593031,517.284640769133,387.540565122644,22.9469593051915,303.371040280182,32.6852802408077,4502.18708582987,820.511971748302,9992559.67748919,3316.56477756913,526.189867584209,5637.56068401918,24073.5124230246,275.122540503632,1447.51256084265,528.076739457868,161.60616830879,9089.51021734826,991.629279522253,63922.3580415889,479.767757931186,354.294517213006,1866.94704038464,154.223613710899,77.2615424341648,29.2782478441973,9821.30526270962,770.174487173041,49.9661335015082
222.986976382071,3001.13910593031,517.284640769133,387.540565122644,22.9469593051915,303.371040280182,32.6852802408077,4502.18708582987,820.511971748302,9992559.67748919,3316.56477756913,526.189867584209,5637.56068401918,24073.5124230246,275.122540503632,1447.51256084265,528.076739457868,161.60616830879,9089.51021734826,991.629279522253,63922.3580415889,479.767757931186,354.294517213006,1866.94704038464,154.223613710899,77.2615424341648,29.2782478441973,9821.30526270962,770.174487173041,49.9661335015082
222.986976382071,3001.13910593031,517.284640769133,387.540565122644,22.9469593051915,303.371040280182,32.6852802408077,4502.18708582987,820.511971748302,9992559.67748919,3316.56477756913,526.189867584209,5637.56068401918,24073.5124230246,275.122540503632,1447.51256084265,528.076739457868,161.60616830879,9089.51021734826,991.629279522253,63922.3580415889,479.767757931186,354.294517213006,1866.94704038464,154.223613710899,77.2615424341648,29.2782478441973,9821.30526270962,770.174487173041,49.9661335015082
222.986976382071,3001.13910593031,517.284640769133,387.540565122644,22.9469593051915,303.371040280182,32.6852802408077,4502.18708582987,820.511971748302,9992559.67748919,3316.56477756913,526.189867584209,5637.56068401918,24073.5124230246,275.122540503632,1447.51256084265,528.076739457868,161.60616830879,9089.51021734826,991.629279522253,63922.3580415889,479.767757931186,354.294517213006,1866.94704038464,154.223613710899,77.2615424341648,29.2782478441973,9821.30526270962,770.174487173041,49.9661335015082
222.986976382071,3001.13910593031,517.284640769133,387.540565122644,22.9469593051915,303.371040280182,32.6852802408077,4502.18708582987,820.511971748302,9992559.67748919,3316.56477756913,526.189867584209,5637.56068401918,24073.5124230246,275.122540503632,1447.51256084265,528.076739457868,161.60616830879,9089.51021734826,991.629279522253,63922.3580415889,479.767757931186,354.294517213006,1866.94704038464,154.223613710899,77.2615424341648,29.2782478441973,9821.30526270962,770.174487173041,49.9661335015082
222.986976382071,3001.13910593031,517.284640769133,387.540565122644,22.9469593051915,303.371040280182,32.6852802408077,4502.18708582987,820.511971748302,9992559.67748919,3316.56477756913,526.189867584209,5637.56068401918,24073.5124230246,275.122540503632,1447.51256084265,528.076739457868,161.60616830879,9089.51021734826,991.629279522253,63922.3580415889,479.767757931186,354.294517213006,1866.94704038464,154.223613710899,77.2615424341648,29.2782478441973,9821.30526270962,770.174487173041,49.9661335015082
