20515.196930736,11565.9669941666,5177.63114967613,15063.0851364582,9224.93939362741,1649576.04724877,9304.97893821144,60026.6338012037,25477740.9406437,61387.8718077743,14191.213794217,9439.03196075054,2297.66418345126,133220.597011468,1857479.61715421,39685.3161619778,136477.6041668,7366612.12160424,40977.962554197,399388.982607413,2288302.31527072,3124.27904616348,5715.04892708346,957126.824655882,277.855671713142,65078.6858965582,26916.9390359905,126044.805759732,7518.64765882305,21524.6840077703
8681.19362391659,11565.9669941666,3900.48799861742,15063.0851364582,3462.99080928368,1649576.04724877,9304.97893821144,60026.6338012037,123020.367890618,48602.4315295907,14191.213794217,4223.2822619891,618.541632427259,133220.597011468,42637.8568827315,10819.0401860352,1004.26543628384,7366612.12160424,13609.4441034406,25846.9593861264,52886.0021066893,3124.27904616348,2241.89914320306,6962.46700019249,277.855671713142,14659.7964683961,7169.19101235724,22314.9235156335,7518.64765882305,21524.6840077703
8681.19362391659,1471.1019560882,3900.48799861742,13561.7657315942,3462.99080928368,1649576.04724877,1349.57358101778,60026.6338012037,11430.2319099656,28344.0854010213,14191.213794217,2575.85343630053,618.541632427259,13543.4991787224,42637.8568827315,8657.40279916133,1004.26543628384,4797693.44650175,13609.4441034406,8090.973414663,36342.7515491678,3124.27904616348,2241.89914320306,6962.46700019249,277.855671713142,14659.7964683961,3972.13818418884,22314.9235156335,2205.52751059602,15458.8031279432
8681.19362391659,1471.1019560882,3900.48799861742,13561.7657315942,814.838585689793,1649576.04724877,1349.57358101778,60026.6338012037,11430.2319099656,28344.0854010213,14191.213794217,2575.85343630053,618.541632427259,13543.4991787224,12551.2018973877,5474.87306314577,1004.26543628384,184130.972259665,13609.4441034406,8090.973414663,28479.1612222783,3124.27904616348,2111.40612121882,6962.46700019249,277.855671713142,14659.7964683961,1998.50986250819,22314.9235156335,2205.52751059602,15458.8031279432
8681.19362391659,1471.1019560882,3900.48799861742,13561.7657315942,814.838585689793,1649576.04724877,1349.57358101778,14459.3249475759,11430.2319099656,850.980827573846,8198.04736255209,2575.85343630053,618.541632427259,4079.39136660374,11775.1155449337,5474.87306314577,1004.26543628384,87379.271335073,7178.96735589441,8090.973414663,608.848948589027,435.875744475202,2111.40612121882,6607.89348440427,277.855671713142,2813.55792848426,1998.50986250819,8880.3506701028,729.929975912946,15458.8031279432
8681.19362391659,1471.1019560882,3699.40539491553,1512.81545375546,814.838585689793,1649576.04724877,1349.57358101778,4530.23601622016,11430.2319099656,850.980827573846,8088.14342949819,2575.85343630053,618.541632427259,2887.78445746093,5820.95349218938,3681.17497241099,1004.26543628384,78278.9628227393,5466.53298702332,3449.15599973958,326.574588062815,435.875744475202,2111.40612121882,4404.15725611313,277.855671713142,2813.55792848426,1998.50986250819,549.494229334628,729.929975912946,7207.65315569271
8681.19362391659,1471.1019560882,3699.40539491553,669.492266912614,814.838585689793,1649576.04724877,1349.57358101778,4530.23601622016,11430.2319099656,850.980827573846,1755.61401164699,2575.85343630053,618.541632427259,2887.78445746093,5820.95349218938,1900.71919509311,1004.26543628384,76376.6676622824,929.746369796951,3449.15599973958,326.574588062815,435.875744475202,2111.40612121882,1364.32059921872,277.855671713142,1410.58109253595,1998.50986250819,274.330390930793,729.929975912946,1233.46826365639
8681.19362391659,335.659718432455,3699.40539491553,669.492266912614,814.838585689793,1649576.04724877,967.202657346636,4530.23601622016,11430.2319099656,850.980827573846,456.704165847636,2575.85343630053,330.32239238616,935.426978356664,5820.95349218938,1900.71919509311,308.817451056273,76265.9610093997,929.746369796951,688.875973933385,326.574588062815,435.875744475202,2111.40612121882,1343.24471344457,277.855671713142,542.286441905266,1998.50986250819,274.330390930793,729.929975912946,1233.46826365639
8681.19362391659,335.659718432455,3699.40539491553,669.492266912614,814.838585689793,1649576.04724877,537.458701058982,4530.23601622016,11430.2319099656,850.980827573846,456.704165847636,2575.85343630053,330.32239238616,371.069662358878,5820.95349218938,651.59431624513,308.817451056273,76265.8431497496,452.7393769423,666.985270667465,326.574588062815,435.875744475202,2111.40612121882,1343.24471344457,277.855671713142,259.426866143242,1998.50986250819,274.330390930793,729.929975912946,877.495975909603
8681.19362391659,335.659718432455,3699.40539491553,669.492266912614,814.838585689793,1649576.04724877,537.458701058982,4530.23601622016,11430.2319099656,850.980827573846,300.924727084869,2575.85343630053,330.32239238616,371.069662358878,5820.95349218938,651.59431624513,308.817451056273,76265.843095995,284.514264380371,666.985270667465,326.574588062815,435.875744475202,2111.40612121882,148.966512504559,277.855671713142,259.426866143242,1998.50986250819,274.330390930793,729.929975912946,877.495975909603
8681.19362391659,335.659718432455,3699.40539491553,669.492266912614,814.838585689793,1649576.04724877,537.458701058982,4530.23601622016,11430.2319099656,850.980827573846,300.924727084869,2575.85343630053,95.9062052919396,315.586390397307,5820.95349218938,651.59431624513,308.817451056273,76265.843095995,284.514264380371,511.626993194838,326.574588062815,435.875744475202,2111.40612121882,148.966512504559,277.855671713142,259.426866143242,1998.50986250819,274.330390930793,729.929975912946,877.495975909603
8681.19362391659,335.659718432455,3699.40539491553,669.492266912614,814.838585689793,1649576.04724877,537.458701058982,4530.23601622016,11430.2319099656,850.980827573846,300.924727084869,2575.85343630053,95.9062052919396,191.753752585163,5820.95349218938,651.59431624513,308.817451056273,76265.843095995,284.514264380371,99.2623579325273,326.574588062815,435.875744475202,2111.40612121882,74.4463298817582,277.855671713142,259.426866143242,1998.50986250819,274.330390930793,729.929975912946,877.495975909603
8681.19362391659,335.659718432455,3699.40539491553,669.492266912614,814.838585689793,1649576.04724877,537.458701058982,4530.23601622016,11430.2319099656,850.980827573846,300.924727084869,2575.85343630053,95.9062052919396,137.457148637043,5820.95349218938,651.59431624513,308.817451056273,76265.843095995,284.514264380371,22.538891877866,326.574588062815,435.875744475202,2111.40612121882,74.4463298817582,277.855671713142,259.426866143242,1998.50986250819,274.330390930793,729.929975912946,877.495975909603
8681.19362391659,335.659718432455,3699.40539491553,669.492266912614,814.838585689793,1649576.04724877,537.458701058982,4530.23601622016,11430.2319099656,850.980827573846,300.924727084869,2575.85343630053,95.9062052919396,137.457148637043,5820.95349218938,651.59431624513,308.817451056273,76265.843095995,284.514264380371,22.538891877866,326.574588062815,435.875744475202,2111.40612121882,32.3324918995409,277.855671713142,259.426866143242,1998.50986250819,274.330390930793,729.929975912946,877.495975909603
8681.19362391659,335.659718432455,3699.40539491553,669.492266912614,814.838585689793,1649576.04724877,537.458701058982,4530.23601622016,11430.2319099656,850.980827573846,300.924727084869,2575.85343630053,95.9062052919396,137.457148637043,5820.95349218938,651.59431624513,308.817451056273,76265.843095995,284.514264380371,22.538891877866,326.574588062815,435.875744475202,2111.40612121882,32.3324918995409,277.855671713142,259.426866143242,1998.50986250819,274.330390930793,729.929975912946,877.495975909603
8681.19362391659,335.659718432455,3699.40539491553,669.492266912614,814.838585689793,1649576.04724877,537.458701058982,4530.23601622016,11430.2319099656,850.980827573846,300.924727084869,2575.85343630053,95.9062052919396,137.457148637043,5820.95349218938,651.59431624513,308.817451056273,76265.843095995,284.514264380371,22.538891877866,326.574588062815,435.875744475202,2111.40612121882,32.3324918995409,277.855671713142,259.426866143242,1998.50986250819,274.330390930793,729.929975912946,877.495975909603
