2805154.04649915,2034316.55329602,24985262.6154675,6388356.2854656,9805386.9502442,60676106.942357,29475940.4682265,7598426.80734326,4694274.65638974,51346897.085381,220968399.577174,6117287.33345071,5914265.19775231,21965507.0791825,15161239.2326911,33546141.2218003,9818569.06347627,17556713.8569307,5059913.08870192,12964054.017428,82060318.8127204,74845.985140363,1059049.41425424,98182196.4739014,378223089.382998,3678632.75778978,74102215.251562,89430314.8150253,613061.204194986,30832179.7940578
1201192.04502444,2034316.55329602,9465304.75043835,3999437.79530475,9805386.9502442,950566.007361086,2009915.66441493,147724.621319688,722229.99765534,51346897.085381,17546298.720328,136230.081753251,5771321.85508576,21965507.0791825,15161239.2326911,9610147.01112643,9818569.06347627,365780.881259199,3626336.32895948,2418856.50885298,12248023.7180694,74845.985140363,1059049.41425424,6187474.28798637,40487593.5678678,357422.569492156,6968834.31961344,15778753.2594132,309533.808437086,30832179.7940578
364708.623369273,676450.131708491,9465304.75043835,2366053.01045676,9805386.9502442,209168.130515715,108130.928792171,14313.7551724242,393358.45293908,19377893.2864643,2740645.71862286,99515.987033498,156718.183323605,1373544.62385169,15161239.2326911,9327003.63234734,79540.3464127817,263550.552620528,3626336.32895948,2418856.50885298,4463029.2510203,74845.985140363,1059049.41425424,743764.227067711,21659441.6060994,263247.477269055,2247609.05037811,9065322.05139818,309533.808437086,9306644.50856476
260673.635130857,230417.103905801,924574.183130289,1831183.17896431,3135183.18309531,209168.130515715,108130.928792171,14313.7551724242,393358.45293908,15240820.5812005,1074346.78582822,99515.987033498,156718.183323605,29967.8668857752,792870.126845679,1020240.02505868,79540.3464127817,263550.552620528,353971.310410976,613955.860134508,1167415.46922838,74845.985140363,79619.957842057,46827.1289829651,87170.6484181772,124569.428222562,1361526.60082359,4270176.83244568,309533.808437086,2209356.88081647
260673.635130857,31506.3049121871,205081.869649082,967543.069786011,1354915.2610555,209168.130515715,108130.928792171,14313.7551724242,241291.953946582,107981.661554715,1074346.78582822,23478.1705172904,156718.183323605,29967.8668857752,792870.126845679,295481.944720424,79540.3464127817,263550.552620528,263204.894822629,192368.25340686,756912.362375022,74845.985140363,79619.957842057,46827.1289829651,87170.6484181772,124569.428222562,550997.247617122,156102.758160913,186877.823617249,1444915.82714162
260673.635130857,31506.3049121871,205081.869649082,967543.069786011,53860.1638192866,209168.130515715,42866.8284103571,14313.7551724242,241291.953946582,107981.661554715,22881.472384348,23478.1705172904,156718.183323605,29967.8668857752,150489.378780375,295481.944720424,79540.3464127817,263550.552620528,263204.894822629,192368.25340686,125849.587197309,74845.985140363,79619.957842057,46827.1289829651,87170.6484181772,124569.428222562,154607.828391956,156102.758160913,186877.823617249,1444915.82714162
260673.635130857,31506.3049121871,205081.869649082,146698.365381313,41463.6424848996,209168.130515715,42866.8284103571,14313.7551724242,241291.953946582,37739.0250386373,22881.472384348,23478.1705172904,156718.183323605,29967.8668857752,150489.378780375,274966.976824119,79540.3464127817,263550.552620528,263204.894822629,192368.25340686,125849.587197309,74845.985140363,79619.957842057,39082.9639666908,87170.6484181772,124569.428222562,154607.828391956,68303.5528653697,186877.823617249,1036244.2420713
206621.331882649,31506.3049121871,205081.869649082,146698.365381313,41463.6424848996,24008.297772049,42866.8284103571,14313.7551724242,241291.953946582,19927.401882517,22881.472384348,15536.4999920322,156718.183323605,29967.8668857752,150489.378780375,274966.976824119,79540.3464127817,58942.5538584665,263204.894822629,181689.293481778,125849.587197309,74845.985140363,79619.957842057,39082.9639666908,87170.6484181772,60082.6363960138,154607.828391956,68303.5528653697,186877.823617249,1036244.2420713
206621.331882649,31506.3049121871,130050.994692346,146698.365381313,41463.6424848996,24008.297772049,41108.6765042014,14313.7551724242,241291.953946582,19927.401882517,22881.472384348,15536.4999920322,156718.183323605,29967.8668857752,150489.378780375,39914.9479512212,58252.7499703913,58942.5538584665,263204.894822629,164741.339256541,125849.587197309,36697.6808088545,79619.957842057,39082.9639666908,87170.6484181772,60082.6363960138,154607.828391956,26103.9244850376,144136.722000138,330298.033967706
206621.331882649,31506.3049121871,130050.994692346,137740.140881266,41463.6424848996,24008.297772049,41108.6765042014,14313.7551724242,241291.953946582,16083.0388626091,22881.472384348,15536.4999920322,156718.183323605,29967.8668857752,150489.378780375,39914.9479512212,58252.7499703913,58942.5538584665,263204.894822629,164741.339256541,125849.587197309,36697.6808088545,79619.957842057,39082.9639666908,87170.6484181772,60082.6363960138,154607.828391956,26103.9244850376,144136.722000138,148691.637175991
60198.6021563856,31506.3049121871,130050.994692346,137740.140881266,41463.6424848996,24008.297772049,5510.14475495716,14313.7551724242,241291.953946582,16083.0388626091,22881.472384348,15536.4999920322,156718.183323605,29967.8668857752,150489.378780375,39914.9479512212,58252.7499703913,58942.5538584665,263204.894822629,14763.8716569593,42135.1938362256,36697.6808088545,79619.957842057,39082.9639666908,87170.6484181772,60082.6363960138,154607.828391956,26103.9244850376,84569.6244793921,148691.637175991
60198.6021563856,31506.3049121871,130050.994692346,137740.140881266,41463.6424848996,24008.297772049,5507.862194951,14313.7551724242,241291.953946582,16083.0388626091,11076.0540007067,15536.4999920322,156718.183323605,29967.8668857752,150489.378780375,39914.9479512212,58252.7499703913,58942.5538584665,263204.894822629,14763.8716569593,42135.1938362256,36697.6808088545,79619.957842057,39082.9639666908,87170.6484181772,60082.6363960138,154607.828391956,26103.9244850376,84569.6244793921,148691.637175991
60198.6021563856,29812.5333869896,64512.4172601722,137740.140881266,41463.6424848996,24008.297772049,5507.862194951,14313.7551724242,241291.953946582,16083.0388626091,11076.0540007067,15536.4999920322,156718.183323605,29967.8668857752,150489.378780375,3679.47846300678,58252.7499703913,58942.5538584665,163592.626042177,14763.8716569593,42135.1938362256,36697.6808088545,79619.957842057,39082.9639666908,87170.6484181772,60082.6363960138,154607.828391956,26103.9244850376,84569.6244793921,148691.637175991
18763.7645466569,29812.5333869896,64512.4172601722,137740.140881266,27259.2067449993,19524.4339720973,5507.862194951,14313.7551724242,241291.953946582,16083.0388626091,11076.0540007067,15536.4999920322,156718.183323605,29967.8668857752,112664.327319769,3679.47846300678,58252.7499703913,58942.5538584665,163592.626042177,14763.8716569593,42135.1938362256,36697.6808088545,79619.957842057,39082.9639666908,87170.6484181772,60082.6363960138,154607.828391956,26103.9244850376,84569.6244793921,148691.637175991
