9821.28391923807,184242.665847957,3406680.30983992,31358.4231622961,6226.95115531243,26103.465099219,2863.06394184119,2690.37250374049,600969.634172094,16229.017358167,52424.281187884,62282.6237996643,6421.2839816516,17643.782947261,433.994152043641,925.408005674479,5829.81155803103,3766.85957758155,57464.03428138,411051.858750858,6783.34425546557,24029.5400982152,43106.8447287775,166375.178115482,11211.8351438194,20862.7949364918,751152.962828811,15919.0918223097,12594.4026675703,12101.829004013
9821.28391923807,12824.3639802661,3406680.30983992,31358.4231622961,6226.95115531243,11911.8919206942,2863.06394184119,2690.37250374049,600969.634172094,16229.017358167,52424.281187884,62282.6237996643,6421.2839816516,17643.782947261,433.994152043641,925.408005674479,5829.81155803103,3766.85957758155,36303.841019865,411051.858750858,6783.34425546557,1542.23210449837,7357.95991466352,21418.0773956384,8627.74127149657,20862.7949364918,751152.962828811,7759.34540321066,12594.4026675703,12101.829004013
9821.28391923807,12824.3639802661,3406680.30983992,876.970397378707,6226.95115531243,11911.8919206942,2863.06394184119,2690.37250374049,600969.634172094,16229.017358167,52424.281187884,62282.6237996643,6421.2839816516,17643.782947261,433.994152043641,925.408005674479,1100.35270595351,3766.85957758155,2157.40477897886,411051.858750858,6783.34425546557,1542.23210449837,7357.95991466352,7595.44119332185,2512.08749535786,20862.7949364918,751152.962828811,7759.34540321066,12594.4026675703,5344.30553429377
9821.28391923807,1635.2954338072,3406680.30983992,876.970397378707,805.820995072833,11911.8919206942,2863.06394184119,2690.37250374049,600969.634172094,16229.017358167,52424.281187884,62282.6237996643,3809.7797721855,17643.782947261,433.994152043641,925.408005674479,1100.35270595351,3766.85957758155,508.541683232464,411051.858750858,6783.34425546557,1542.23210449837,7357.95991466352,1844.02005992901,1092.46789489442,20862.7949364918,751152.962828811,2789.53709718903,12594.4026675703,5344.30553429377
9821.28391923807,1635.2954338072,3406680.30983992,876.970397378707,805.820995072833,11911.8919206942,2863.06394184119,2690.37250374049,600969.634172094,16229.017358167,52424.281187884,62282.6237996643,174.108413007387,17643.782947261,433.994152043641,925.408005674479,1100.35270595351,3766.85957758155,508.541683232464,411051.858750858,6783.34425546557,1542.23210449837,7357.95991466352,1844.02005992901,841.332762429001,20862.7949364918,751152.962828811,2789.53709718903,12594.4026675703,5344.30553429377
9821.28391923807,1635.2954338072,3406680.30983992,876.970397378707,805.820995072833,11911.8919206942,2863.06394184119,2690.37250374049,600969.634172094,16229.017358167,52424.281187884,62282.6237996643,174.108413007387,17643.782947261,433.994152043641,925.408005674479,1100.35270595351,3766.85957758155,508.541683232464,411051.858750858,6783.34425546557,1542.23210449837,7357.95991466352,1844.02005992901,350.491292004733,20862.7949364918,751152.962828811,2789.53709718903,12594.4026675703,5344.30553429377
9821.28391923807,1635.2954338072,3406680.30983992,876.970397378707,805.820995072833,11911.8919206942,2863.06394184119,2690.37250374049,600969.634172094,16229.017358167,52424.281187884,62282.6237996643,174.108413007387,17643.782947261,433.994152043641,925.408005674479,1100.35270595351,3766.85957758155,508.541683232464,411051.858750858,6783.34425546557,1542.23210449837,7357.95991466352,1844.02005992901,350.491292004733,20862.7949364918,751152.962828811,2789.53709718903,12594.4026675703,5344.30553429377
9821.28391923807,1635.2954338072,3406680.30983992,876.970397378707,805.820995072833,11911.8919206942,2863.06394184119,2690.37250374049,600969.634172094,16229.017358167,52424.281187884,62282.6237996643,174.108413007387,17643.782947261,433.994152043641,925.408005674479,1100.35270595351,3766.85957758155,508.541683232464,411051.858750858,6783.34425546557,1542.23210449837,7357.95991466352,1844.02005992901,350.491292004733,20862.7949364918,751152.962828811,2789.53709718903,12594.4026675703,5344.30553429377
9821.28391923807,1635.2954338072,3406680.30983992,876.970397378707,805.820995072833,11911.8919206942,2863.06394184119,2690.37250374049,600969.634172094,16229.017358167,52424.281187884,62282.6237996643,174.108413007387,17643.782947261,433.994152043641,925.408005674479,1100.35270595351,3766.85957758155,508.541683232464,411051.858750858,6783.34425546557,1542.23210449837,7357.95991466352,1844.02005992901,350.491292004733,20862.7949364918,751152.962828811,2789.53709718903,12594.4026675703,5344.30553429377
9821.28391923807,1635.2954338072,3406680.30983992,876.970397378707,805.820995072833,11911.8919206942,2863.06394184119,2690.37250374049,600969.634172094,16229.017358167,52424.281187884,62282.6237996643,174.108413007387,17643.782947261,433.994152043641,925.408005674479,1100.35270595351,3766.85957758155,508.541683232464,411051.858750858,6783.34425546557,1542.23210449837,7357.95991466352,1844.02005992901,350.491292004733,20862.7949364918,751152.962828811,2789.53709718903,12594.4026675703,5344.30553429377
9821.28391923807,1635.2954338072,3406680.30983992,876.970397378707,805.820995072833,11911.8919206942,2863.06394184119,2690.37250374049,600969.634172094,16229.017358167,52424.281187884,62282.6237996643,174.108413007387,17643.782947261,433.994152043641,925.408005674479,1100.35270595351,3766.85957758155,508.541683232464,411051.858750858,6783.34425546557,1542.23210449837,7357.95991466352,1844.02005992901,350.491292004733,20862.7949364918,751152.962828811,2789.53709718903,12594.4026675703,5344.30553429377
9821.28391923807,1635.2954338072,3406680.30983992,876.970397378707,805.820995072833,11911.8919206942,2863.06394184119,2690.37250374049,600969.634172094,16229.017358167,52424.281187884,62282.6237996643,174.108413007387,17643.782947261,433.994152043641,925.408005674479,1100.35270595351,3766.85957758155,508.541683232464,411051.858750858,6783.34425546557,1542.23210449837,7357.95991466352,1844.02005992901,350.491292004733,20862.7949364918,751152.962828811,2789.53709718903,12594.4026675703,5344.30553429377
9821.28391923807,1635.2954338072,3406680.30983992,876.970397378707,805.820995072833,11911.8919206942,2863.06394184119,2690.37250374049,600969.634172094,16229.017358167,52424.281187884,62282.6237996643,174.108413007387,17643.782947261,433.994152043641,925.408005674479,1100.35270595351,3766.85957758155,508.541683232464,411051.858750858,6783.34425546557,1542.23210449837,7357.95991466352,1844.02005992901,350.491292004733,20862.7949364918,751152.962828811,2789.53709718903,12594.4026675703,5344.30553429377
9821.28391923807,1635.2954338072,3406680.30983992,876.970397378707,805.820995072833,11911.8919206942,2863.06394184119,2690.37250374049,600969.634172094,16229.017358167,52424.281187884,62282.6237996643,174.108413007387,17643.782947261,433.994152043641,925.408005674479,1100.35270595351,3766.85957758155,508.541683232464,411051.858750858,6783.34425546557,1542.23210449837,7357.95991466352,1844.02005992901,350.491292004733,20862.7949364918,751152.962828811,2789.53709718903,12594.4026675703,5344.30553429377
