132964.178757446,4480298.36613129,15726463.7444599,346265.401016841,15398659.9533543,462489.598114922,1812367.28892578,226058139.078715,258635559.639522,406406.487983858,149821685.657074,17491.7158647056,680204937.269058,157368684.735304,883124.944296364,5855082.49283841,453200.620991945,592361447.964453,2408362.73785691,105498389.816166,1155883.44244515,393379756.29206,1946956.11979755,2657340.05189947,469415.431647961,33388469.6522514,29352654.8890273,6842532553.49676,2715655.09787557,343391.716806313
132964.178757446,4480298.36613129,15726463.7444599,346265.401016841,11181325.2429502,40941.7650613243,1368199.59220297,4938950.00309764,98534.1792633142,406406.487983858,9957768.21198163,17491.7158647056,52883988.091468,3274208.42700903,883124.944296364,5855082.49283841,453200.620991945,1216157.47505627,2408362.73785691,685788.075376146,1155883.44244515,1367051.28854835,1946956.11979755,1884054.01587409,469415.431647961,72119.8422905535,1067832.4014224,5338847513.40564,2715655.09787557,343391.716806313
132964.178757446,4480298.36613129,15726463.7444599,126423.472345282,80567.287444526,40941.7650613243,1368199.59220297,4938950.00309764,98534.1792633142,406406.487983858,6053062.90717148,17491.7158647056,15430399.3814188,99279.5015847405,107960.809685937,749385.994175556,453200.620991945,1216157.47505627,2408362.73785691,685788.075376146,1155883.44244515,62638.2513239695,87367.8017691068,1884054.01587409,469415.431647961,72119.8422905535,1067832.4014224,3400229897.58696,2715655.09787557,343391.716806313
19316.5370898296,2116657.00740813,15726463.7444599,126423.472345282,80567.287444526,40941.7650613243,246989.111082328,4938950.00309764,98534.1792633142,406406.487983858,141292.486722304,17491.7158647056,2420334.61846097,99279.5015847405,107960.809685937,749385.994175556,453200.620991945,1216157.47505627,122921.704541106,685788.075376146,1155883.44244515,34560.9770214565,87367.8017691068,1884054.01587409,469415.431647961,72119.8422905535,1067832.4014224,3400229897.58696,625944.202478582,343391.716806313
19316.5370898296,164519.363899949,15726463.7444599,126423.472345282,80567.287444526,40941.7650613243,227808.99620089,4938950.00309764,98534.1792633142,406406.487983858,32247.6091241584,17491.7158647056,1146943.18127322,99279.5015847405,94112.6314035669,111637.390693354,453200.620991945,1216157.47505627,122921.704541106,685788.075376146,1155883.44244515,34560.9770214565,87367.8017691068,101978.910173548,112751.047941468,72119.8422905535,44937.7954636247,3400229897.58696,625944.202478582,343391.716806313
19316.5370898296,164519.363899949,15726463.7444599,80432.6766631955,80567.287444526,40941.7650613243,227808.99620089,4938950.00309764,98534.1792633142,406406.487983858,32247.6091241584,17491.7158647056,345837.658497842,51012.6827451207,94112.6314035669,111637.390693354,453200.620991945,5458.19694371114,122921.704541106,211281.45617081,1155883.44244515,34560.9770214565,87367.8017691068,101978.910173548,112751.047941468,72119.8422905535,44937.7954636247,3400229897.58696,625944.202478582,343391.716806313
2479.05963051365,98573.3994206653,15726463.7444599,27850.8985607731,56097.6424470217,5600.10993360231,227808.99620089,4938950.00309764,98534.1792633142,370496.132959776,29178.525988513,17491.7158647056,154517.950705122,51012.6827451207,27911.0178444959,111637.390693354,102767.265186498,5458.19694371114,83663.9868923785,31635.2850714418,1155883.44244515,34560.9770214565,87367.8017691068,28828.0587611713,51374.7021262496,72119.8422905535,44937.7954636247,3400229897.58696,625944.202478582,8894.94599847107
2479.05963051365,98573.3994206653,15726463.7444599,27850.8985607731,56097.6424470217,5600.10993360231,227808.99620089,4938950.00309764,98534.1792633142,183309.934771688,29178.525988513,17491.7158647056,46302.6178584295,51012.6827451207,27911.0178444959,20320.9880434977,102767.265186498,5458.19694371114,83663.9868923785,31635.2850714418,1155883.44244515,34560.9770214565,87367.8017691068,28828.0587611713,31410.7089062117,72119.8422905535,44937.7954636247,3400229897.58696,625944.202478582,8894.94599847107
2479.05963051365,19184.1754631018,15726463.7444599,27850.8985607731,56097.6424470217,5600.10993360231,227808.99620089,4938950.00309764,98534.1792633142,156779.216008088,29178.525988513,17491.7158647056,46302.6178584295,51012.6827451207,27911.0178444959,20320.9880434977,102767.265186498,5458.19694371114,83663.9868923785,31635.2850714418,1155883.44244515,34560.9770214565,87367.8017691068,28828.0587611713,31410.7089062117,72119.8422905535,44937.7954636247,3400229897.58696,625944.202478582,8894.94599847107
2479.05963051365,19184.1754631018,15726463.7444599,27850.8985607731,56097.6424470217,5600.10993360231,227808.99620089,4938950.00309764,98534.1792633142,31520.6215275507,29178.525988513,17491.7158647056,25830.4773234384,51012.6827451207,27911.0178444959,1829.42059554764,102767.265186498,5458.19694371114,83663.9868923785,31635.2850714418,1155883.44244515,34560.9770214565,87367.8017691068,28828.0587611713,31410.7089062117,72119.8422905535,44937.7954636247,3400229897.58696,625944.202478582,8894.94599847107
2479.05963051365,19184.1754631018,15726463.7444599,27850.8985607731,56097.6424470217,5600.10993360231,227808.99620089,4938950.00309764,98534.1792633142,15166.2308551049,29178.525988513,17491.7158647056,25830.4773234384,51012.6827451207,27911.0178444959,1829.42059554764,102767.265186498,5458.19694371114,83663.9868923785,31635.2850714418,1155883.44244515,34560.9770214565,87367.8017691068,28828.0587611713,31410.7089062117,72119.8422905535,44937.7954636247,3400229897.58696,625944.202478582,8894.94599847107
2479.05963051365,19184.1754631018,15726463.7444599,27850.8985607731,56097.6424470217,5600.10993360231,227808.99620089,4938950.00309764,98534.1792633142,15166.2308551049,29178.525988513,17491.7158647056,25830.4773234384,51012.6827451207,27911.0178444959,1829.42059554764,102767.265186498,5458.19694371114,83663.9868923785,31635.2850714418,1155883.44244515,34560.9770214565,87367.8017691068,28828.0587611713,31410.7089062117,72119.8422905535,44937.7954636247,3400229897.58696,625944.202478582,8894.94599847107
2479.05963051365,19184.1754631018,15726463.7444599,27850.8985607731,56097.6424470217,5600.10993360231,227808.99620089,4938950.00309764,98534.1792633142,15166.2308551049,29178.525988513,17491.7158647056,25830.4773234384,51012.6827451207,27911.0178444959,1829.42059554764,102767.265186498,5458.19694371114,83663.9868923785,31635.2850714418,1155883.44244515,34560.9770214565,87367.8017691068,28828.0587611713,31410.7089062117,72119.8422905535,44937.7954636247,3400229897.58696,625944.202478582,8894.94599847107
2479.05963051365,19184.1754631018,15726463.7444599,27850.8985607731,56097.6424470217,5600.10993360231,227808.99620089,4938950.00309764,98534.1792633142,15166.2308551049,29178.525988513,17491.7158647056,25830.4773234384,51012.6827451207,27911.0178444959,1829.42059554764,102767.265186498,5458.19694371114,83663.9868923785,31635.2850714418,1155883.44244515,34560.9770214565,87367.8017691068,28828.0587611713,31410.7089062117,72119.8422905535,44937.7954636247,3400229897.58696,625944.202478582,8894.94599847107
2479.05963051365,19184.1754631018,15726463.7444599,27850.8985607731,56097.6424470217,5600.10993360231,227808.99620089,4938950.00309764,98534.1792633142,15166.2308551049,29178.525988513,17491.7158647056,25830.4773234384,51012.6827451207,27911.0178444959,1829.42059554764,102767.265186498,5458.19694371114,83663.9868923785,31635.2850714418,1155883.44244515,34560.9770214565,87367.8017691068,28828.0587611713,31410.7089062117,72119.8422905535,44937.7954636247,3400229897.58696,625944.202478582,8894.94599847107
2479.05963051365,19184.1754631018,15726463.7444599,27850.8985607731,56097.6424470217,5600.10993360231,227808.99620089,4938950.00309764,98534.1792633142,15166.2308551049,29178.525988513,17491.7158647056,25830.4773234384,51012.6827451207,27911.0178444959,1829.42059554764,102767.265186498,5458.19694371114,83663.9868923785,31635.2850714418,1155883.44244515,34560.9770214565,87367.8017691068,28828.0587611713,31410.7089062117,72119.8422905535,44937.7954636247,3400229897.58696,625944.202478582,8894.94599847107
