19316.5370898296,164519.363899949,15726463.7444599,80432.6766631955,80567.287444526,40941.7650613243,227808.99620089,4938950.00309764,98534.1792633142,406406.487983858,32247.6091241584,17491.7158647056,345837.658497842,51012.6827451207,94112.6314035669,111637.390693354,453200.620991945,5458.19694371114,122921.704541106,211281.45617081,1155883.44244515,34560.9770214565,87367.8017691068,101978.910173548,112751.047941468,72119.8422905535,44937.7954636247,3400229897.58696,625944.202478582,343391.716806313
2479.05963051365,98573.3994206653,15726463.7444599,27850.8985607731,56097.6424470217,5600.10993360231,227808.99620089,4938950.00309764,98534.1792633142,370496.132959776,29178.525988513,17491.7158647056,46302.6178584295,51012.6827451207,27911.0178444959,111637.390693354,102767.265186498,5458.19694371114,83663.9868923785,31635.2850714418,1155883.44244515,34560.9770214565,87367.8017691068,28828.0587611713,51374.7021262496,72119.8422905535,44937.7954636247,3400229897.58696,625944.202478582,8894.94599847107
2479.05963051365,19184.1754631018,15726463.7444599,27850.8985607731,56097.6424470217,5600.10993360231,227808.99620089,4938950.00309764,98534.1792633142,183309.934771688,29178.525988513,17491.7158647056,46302.6178584295,51012.6827451207,27911.0178444959,20320.9880434977,102767.265186498,5458.19694371114,83663.9868923785,31635.2850714418,1155883.44244515,34560.9770214565,87367.8017691068,28828.0587611713,31410.7089062117,72119.8422905535,44937.7954636247,3400229897.58696,625944.202478582,8894.94599847107
2479.05963051365,19184.1754631018,15726463.7444599,27850.8985607731,56097.6424470217,5600.10993360231,227808.99620089,4938950.00309764,98534.1792633142,32858.5383164632,29178.525988513,17491.7158647056,25830.4773234384,51012.6827451207,27911.0178444959,20320.9880434977,102767.265186498,5458.19694371114,83663.9868923785,31635.2850714418,1155883.44244515,34560.9770214565,87367.8017691068,28828.0587611713,31410.7089062117,72119.8422905535,44937.7954636247,3400229897.58696,625944.202478582,8894.94599847107
2479.05963051365,19184.1754631018,15726463.7444599,27850.8985607731,56097.6424470217,5600.10993360231,227808.99620089,4938950.00309764,98534.1792633142,15166.2308551049,29178.525988513,17491.7158647056,25830.4773234384,51012.6827451207,27911.0178444959,1829.42059554764,102767.265186498,5458.19694371114,83663.9868923785,31635.2850714418,1155883.44244515,34560.9770214565,87367.8017691068,28828.0587611713,31410.7089062117,72119.8422905535,44937.7954636247,3400229897.58696,625944.202478582,8894.94599847107
2479.05963051365,19184.1754631018,15726463.7444599,27850.8985607731,56097.6424470217,5600.10993360231,227808.99620089,4938950.00309764,98534.1792633142,15166.2308551049,29178.525988513,17491.7158647056,25830.4773234384,51012.6827451207,27911.0178444959,1829.42059554764,102767.265186498,5458.19694371114,83663.9868923785,31635.2850714418,1155883.44244515,34560.9770214565,87367.8017691068,28828.0587611713,31410.7089062117,72119.8422905535,44937.7954636247,3400229897.58696,625944.202478582,8894.94599847107
2479.05963051365,19184.1754631018,15726463.7444599,27850.8985607731,56097.6424470217,5600.10993360231,227808.99620089,4938950.00309764,98534.1792633142,15166.2308551049,29178.525988513,17491.7158647056,25830.4773234384,51012.6827451207,27911.0178444959,1829.42059554764,102767.265186498,5458.19694371114,83663.9868923785,31635.2850714418,1155883.44244515,34560.9770214565,87367.8017691068,28828.0587611713,31410.7089062117,72119.8422905535,44937.7954636247,3400229897.58696,625944.202478582,8894.94599847107
2479.05963051365,19184.1754631018,15726463.7444599,27850.8985607731,56097.6424470217,5600.10993360231,227808.99620089,4938950.00309764,98534.1792633142,15166.2308551049,29178.525988513,17491.7158647056,25830.4773234384,51012.6827451207,27911.0178444959,1829.42059554764,102767.265186498,5458.19694371114,83663.9868923785,31635.2850714418,1155883.44244515,34560.9770214565,87367.8017691068,28828.0587611713,31410.7089062117,72119.8422905535,44937.7954636247,3400229897.58696,625944.202478582,8894.94599847107
2479.05963051365,19184.1754631018,15726463.7444599,27850.8985607731,56097.6424470217,5600.10993360231,227808.99620089,4938950.00309764,98534.1792633142,15166.2308551049,29178.525988513,17491.7158647056,25830.4773234384,51012.6827451207,27911.0178444959,1829.42059554764,102767.265186498,5458.19694371114,83663.9868923785,31635.2850714418,1155883.44244515,34560.9770214565,87367.8017691068,28828.0587611713,31410.7089062117,72119.8422905535,44937.7954636247,3400229897.58696,625944.202478582,8894.94599847107
2479.05963051365,19184.1754631018,15726463.7444599,27850.8985607731,56097.6424470217,5600.10993360231,227808.99620089,4938950.00309764,98534.1792633142,15166.2308551049,29178.525988513,17491.7158647056,25830.4773234384,51012.6827451207,27911.0178444959,1829.42059554764,102767.265186498,5458.19694371114,83663.9868923785,31635.2850714418,1155883.44244515,34560.9770214565,87367.8017691068,28828.0587611713,31410.7089062117,72119.8422905535,44937.7954636247,3400229897.58696,625944.202478582,8894.94599847107
2479.05963051365,19184.1754631018,15726463.7444599,27850.8985607731,56097.6424470217,5600.10993360231,227808.99620089,4938950.00309764,98534.1792633142,15166.2308551049,29178.525988513,17491.7158647056,25830.4773234384,51012.6827451207,27911.0178444959,1829.42059554764,102767.265186498,5458.19694371114,83663.9868923785,31635.2850714418,1155883.44244515,34560.9770214565,87367.8017691068,28828.0587611713,31410.7089062117,72119.8422905535,44937.7954636247,3400229897.58696,625944.202478582,8894.94599847107
2479.05963051365,19184.1754631018,15726463.7444599,27850.8985607731,56097.6424470217,5600.10993360231,227808.99620089,4938950.00309764,98534.1792633142,15166.2308551049,29178.525988513,17491.7158647056,25830.4773234384,51012.6827451207,27911.0178444959,1829.42059554764,102767.265186498,5458.19694371114,83663.9868923785,31635.2850714418,1155883.44244515,34560.9770214565,87367.8017691068,28828.0587611713,31410.7089062117,72119.8422905535,44937.7954636247,3400229897.58696,625944.202478582,8894.94599847107
2479.05963051365,19184.1754631018,15726463.7444599,27850.8985607731,56097.6424470217,5600.10993360231,227808.99620089,4938950.00309764,98534.1792633142,15166.2308551049,29178.525988513,17491.7158647056,25830.4773234384,51012.6827451207,27911.0178444959,1829.42059554764,102767.265186498,5458.19694371114,83663.9868923785,31635.2850714418,1155883.44244515,34560.9770214565,87367.8017691068,28828.0587611713,31410.7089062117,72119.8422905535,44937.7954636247,3400229897.58696,625944.202478582,8894.94599847107
2479.05963051365,19184.1754631018,15726463.7444599,27850.8985607731,56097.6424470217,5600.10993360231,227808.99620089,4938950.00309764,98534.1792633142,15166.2308551049,29178.525988513,17491.7158647056,25830.4773234384,51012.6827451207,27911.0178444959,1829.42059554764,102767.265186498,5458.19694371114,83663.9868923785,31635.2850714418,1155883.44244515,34560.9770214565,87367.8017691068,28828.0587611713,31410.7089062117,72119.8422905535,44937.7954636247,3400229897.58696,625944.202478582,8894.94599847107
