931.223752229138,605.095022711849,536.371173224768,540.429037282082,742.661358518767,568.686017214538,767.263155969003,668.055459059961,628.843875708586,500.287766502415,893.455131980293,685.776254102621,834.320878593471,752.61472642295,751.507527775767,352.134323952585,670.220914251995,628.228917749173,678.188822982433,883.344860456074,949.519262885373,732.315813392175,795.71370987235,914.664230451689,828.768619117856,693.106343407992,632.472346078948,377.719064094325,639.397291474719,587.688286562569
830.446130060638,605.095022711849,237.011918010844,540.429037282082,542.358672877645,568.686017214538,626.923705527266,504.102413164765,628.843875708586,500.287766502415,835.826184587879,663.286255546922,638.433233004227,629.437532440628,647.408582533184,352.134323952585,517.003474545175,628.228917749173,678.188822982433,626.229565358933,455.546213412516,519.95603646,795.71370987235,691.194844216764,828.768619117856,512.474488307255,632.472346078948,377.719064094325,383.004351724299,287.56269921772
807.172276223106,605.095022711849,237.011918010844,540.429037282082,542.358672877645,568.686017214538,411.922302345526,504.102413164765,628.843875708586,305.760576771032,583.134784413579,663.286255546922,495.58180350899,629.437532440628,647.408582533184,352.134323952585,517.003474545175,628.228917749173,678.188822982433,597.238987303273,455.546213412516,519.95603646,795.71370987235,691.194844216764,717.735784540787,512.474488307255,632.472346078948,377.719064094325,383.004351724299,287.56269921772
540.859380268416,605.095022711849,237.011918010844,540.429037282082,542.358672877645,525.314749685842,411.922302345526,459.792504228027,626.562443785721,305.760576771032,583.134784413579,594.486089284897,464.417131615492,629.437532440628,647.408582533184,352.134323952585,517.003474545175,584.31288558997,381.964638472686,597.238987303273,455.546213412516,519.95603646,591.239627725416,441.033950283018,110.326562150798,512.474488307255,632.472346078948,377.719064094325,383.004351724299,287.56269921772
407.240420860732,457.210153927214,237.011918010844,540.429037282082,542.358672877645,331.341323369843,411.922302345526,459.792504228027,626.562443785721,262.221498527053,583.134784413579,545.857492762548,464.417131615492,435.14514741504,587.812309412916,352.134323952585,517.003474545175,540.780112238266,381.964638472686,597.238987303273,455.546213412516,487.211235069943,531.58082612146,441.033950283018,110.326562150798,471.967214047165,553.345649483265,377.719064094325,383.004351724299,287.56269921772
215.328528571523,457.210153927214,237.011918010844,540.429037282082,542.358672877645,296.684528009,403.970622188097,459.792504228027,382.632979237024,262.221498527053,583.134784413579,301.084328891266,464.417131615492,324.585423771295,421.920853198958,352.134323952585,517.003474545175,457.475523553358,318.10401510886,524.470334862358,420.598154438289,244.401783093619,316.860409128972,415.537223378529,110.326562150798,471.967214047165,265.077991475461,377.719064094325,383.004351724299,287.56269921772
215.328528571523,457.210153927214,237.011918010844,336.754745903586,542.358672877645,269.084736218063,259.592876278589,459.792504228027,382.632979237024,262.221498527053,413.099512638047,301.084328891266,464.417131615492,324.585423771295,200.439883083121,277.84097405466,517.003474545175,457.475523553358,318.10401510886,524.470334862358,420.598154438289,244.401783093619,316.860409128972,415.537223378529,110.326562150798,471.967214047165,265.077991475461,377.719064094325,331.592251757539,287.56269921772
215.328528571523,285.362535998712,237.011918010844,336.754745903586,542.358672877645,269.084736218063,259.592876278589,415.183990907032,382.632979237024,262.221498527053,398.286914966563,301.084328891266,464.417131615492,324.585423771295,200.439883083121,277.84097405466,459.821466974997,337.36697311199,318.10401510886,524.470334862358,326.720962935435,244.401783093619,316.860409128972,304.675976762634,110.326562150798,264.911979008853,165.487600339655,377.719064094325,331.592251757539,244.131771788506
215.328528571523,285.362535998712,177.239547346802,336.754745903586,542.358672877645,269.084736218063,259.592876278589,415.183990907032,382.632979237024,262.221498527053,398.286914966563,301.084328891266,408.70162583863,324.585423771295,200.439883083121,277.84097405466,443.818108025951,337.36697311199,318.10401510886,277.559834772588,326.720962935435,244.401783093619,217.247275218213,238.940742563076,110.326562150798,240.14725249905,165.487600339655,377.719064094325,331.592251757539,244.131771788506
184.392997424614,285.362535998712,177.239547346802,211.865479318362,542.358672877645,269.084736218063,259.592876278589,415.183990907032,382.632979237024,256.188398172648,398.286914966563,301.084328891266,354.989590360166,324.585423771295,200.439883083121,277.84097405466,443.818108025951,337.36697311199,182.23512234445,277.559834772588,326.720962935435,244.401783093619,217.247275218213,216.957913306266,110.326562150798,240.14725249905,165.487600339655,366.724351215209,331.592251757539,244.131771788506
184.392997424614,285.362535998712,177.239547346802,211.865479318362,542.358672877645,269.084736218063,259.592876278589,415.183990907032,382.632979237024,256.188398172648,398.286914966563,296.452253320613,354.989590360166,324.585423771295,200.439883083121,277.84097405466,431.0253572511,337.36697311199,182.23512234445,277.559834772588,326.720962935435,244.401783093619,217.247275218213,216.957913306266,110.326562150798,240.14725249905,165.487600339655,366.724351215209,331.592251757539,244.131771788506
184.392997424614,285.362535998712,177.239547346802,211.865479318362,542.358672877645,256.168717452946,259.592876278589,415.183990907032,382.632979237024,256.188398172648,398.286914966563,84.8174633123087,300.189352925487,324.585423771295,200.439883083121,277.84097405466,426.379073313639,337.36697311199,182.23512234445,277.559834772588,208.801171738178,244.401783093619,217.247275218213,216.957913306266,110.326562150798,240.14725249905,165.487600339655,366.724351215209,331.592251757539,244.131771788506
184.392997424614,285.362535998712,177.239547346802,211.865479318362,542.358672877645,256.168717452946,259.592876278589,134.207523456551,382.632979237024,256.188398172648,398.286914966563,84.8174633123087,300.189352925487,324.585423771295,200.439883083121,277.84097405466,426.379073313639,337.36697311199,182.23512234445,277.559834772588,208.801171738178,244.401783093619,217.247275218213,216.957913306266,110.326562150798,240.14725249905,165.487600339655,366.724351215209,331.592251757539,244.131771788506
184.392997424614,285.362535998712,177.239547346802,211.865479318362,542.358672877645,256.168717452946,259.592876278589,134.207523456551,382.632979237024,256.188398172648,398.286914966563,84.8174633123087,300.189352925487,324.585423771295,200.439883083121,277.84097405466,416.892819754781,337.36697311199,182.23512234445,277.559834772588,208.801171738178,244.401783093619,217.247275218213,216.957913306266,110.326562150798,240.14725249905,165.487600339655,305.950025546419,331.592251757539,244.131771788506
