1204.84262557709,1521.79671350974,1429.52957753452,453.015003845597,247.56396128897,406.200796914124,556.923546525152,868.127341290106,959.574171143054,727.004116652948,1105.49921424983,627.286340365826,760.863265378318,701.425838363019,758.418199392626,626.969867300814,841.661666554804,573.252976383915,740.312979305542,317.455227748244,832.596385713844,244.767502645807,870.461018949277,1124.98122392215,166.179531504677,457.827790921933,1037.54000672371,736.406865036598,1432.16501816356,759.799120789322
687.750377844446,312.592672744206,1079.94731921756,453.015003845597,247.56396128897,406.200796914124,556.923546525152,868.127341290106,614.692199159006,727.004116652948,509.281548240618,314.631491854711,339.347626912756,384.867598664085,481.61965819735,384.230433465374,841.661666554804,573.252976383915,740.312979305542,317.455227748244,465.511649880335,244.767502645807,702.810612996379,568.073930651965,166.179531504677,184.953260872338,584.700318254443,704.545042810627,699.53749993866,671.952950158041
633.675821277455,256.791171544874,463.961609021381,245.669727563682,247.56396128897,406.200796914124,556.923546525152,682.624295228498,442.320351547559,623.569097198776,400.024251472615,314.631491854711,339.347626912756,384.867598664085,481.61965819735,384.230433465374,495.308636538698,545.93400802268,641.602239160766,317.455227748244,376.204602935505,244.767502645807,660.530793792874,434.736616140341,166.179531504677,184.953260872338,334.9120599688,704.545042810627,678.326658345028,279.486735750422
633.675821277455,256.791171544874,263.06501930932,245.669727563682,247.56396128897,406.200796914124,556.923546525152,481.129358557076,442.320351547559,425.041939396148,306.84949140117,314.631491854711,339.347626912756,309.12096277343,442.116837824218,384.230433465374,495.308636538698,545.93400802268,629.784642896422,317.455227748244,280.063799362433,244.767502645807,630.130094841724,434.736616140341,166.179531504677,184.953260872338,334.9120599688,544.974718071042,616.672909686251,279.486735750422
589.333835241203,256.791171544874,263.06501930932,245.669727563682,247.56396128897,406.200796914124,310.272515655521,382.304246124943,442.320351547559,425.041939396148,306.84949140117,314.631491854711,339.347626912756,176.455707095957,266.334820162234,384.230433465374,160.212520543708,482.437336274646,258.280277692193,317.455227748244,280.063799362433,244.767502645807,484.578222407763,302.479209853231,166.179531504677,184.953260872338,334.9120599688,452.99621497098,200.125600826808,225.185071517698
355.548096106564,256.791171544874,263.06501930932,245.669727563682,247.56396128897,406.200796914124,310.272515655521,229.431499622238,274.721647824384,425.041939396148,306.84949140117,314.631491854711,250.670734026543,176.455707095957,266.334820162234,358.268604043193,160.212520543708,482.437336274646,258.280277692193,317.455227748244,280.063799362433,244.767502645807,260.182052051105,302.479209853231,166.179531504677,184.953260872338,334.9120599688,358.741230986343,200.125600826808,225.185071517698
355.548096106564,170.432569376962,231.816648916169,245.669727563682,247.56396128897,406.200796914124,274.519143734017,229.431499622238,274.567817744464,425.041939396148,306.84949140117,158.331155608887,250.670734026543,176.455707095957,266.334820162234,358.268604043193,144.542174849112,265.698533561833,255.698663278808,317.455227748244,211.927306487938,244.767502645807,260.182052051105,302.479209853231,166.179531504677,184.953260872338,295.857563073162,308.462753333482,195.314788863475,214.922060154068
320.167115510492,170.432569376962,225.960725155312,245.669727563682,247.56396128897,397.846940431114,252.429100013174,189.263579858098,274.567817744464,425.041939396148,306.84949140117,158.331155608887,250.670734026543,176.455707095957,266.334820162234,306.242021416087,144.542174849112,143.653834990436,247.268504140456,317.455227748244,211.927306487938,244.767502645807,260.182052051105,276.885015660343,166.179531504677,184.953260872338,244.198840994501,305.652230774552,119.113846331233,214.922060154068
163.615648710013,120.99076598635,225.420311614313,245.669727563682,247.56396128897,174.841535884329,252.429100013174,189.263579858098,141.891446371754,425.041939396148,223.384158499807,158.331155608887,250.670734026543,176.455707095957,227.095057040491,306.242021416087,144.542174849112,143.653834990436,247.268504140456,317.455227748244,211.927306487938,244.767502645807,218.781911786337,276.885015660343,166.179531504677,184.953260872338,244.198840994501,239.727751869733,119.113846331233,214.922060154068
163.615648710013,120.99076598635,192.767474207392,165.866314850176,246.124188079779,174.841535884329,180.876280799772,161.74584813852,131.347312906345,425.041939396148,198.555936759907,158.331155608887,250.670734026543,176.455707095957,227.095057040491,190.676975173196,144.542174849112,143.653834990436,168.497185066055,317.455227748244,211.927306487938,244.767502645807,218.781911786337,177.942314238926,166.179531504677,174.114218686269,141.085621728505,239.727751869733,119.113846331233,207.069434299296
163.615648710013,120.99076598635,174.676689230916,165.866314850176,183.403876005108,174.841535884329,175.415248730175,161.74584813852,131.347312906345,425.041939396148,198.555936759907,158.331155608887,177.905728288738,176.455707095957,154.791936137361,190.676975173196,144.542174849112,143.653834990436,168.497185066055,317.455227748244,174.27001205655,244.767502645807,123.673786926432,157.686571100384,166.179531504677,174.114218686269,141.085621728505,239.727751869733,119.113846331233,200.984631429918
124.0209660308,120.99076598635,174.676689230916,160.282570831836,158.56562267341,174.841535884329,175.415248730175,161.74584813852,131.347312906345,425.041939396148,162.214868720046,158.331155608887,177.905728288738,162.286305403563,152.075842611586,187.184487514907,144.542174849112,143.653834990436,168.497185066055,317.455227748244,169.976998364412,244.767502645807,123.673786926432,157.686571100384,166.179531504677,126.048048013211,141.085621728505,180.59764397387,119.113846331233,194.531711341156
123.407876632027,120.99076598635,129.098603297709,160.282570831836,156.033317969217,113.524035725461,175.415248730175,161.74584813852,131.347312906345,425.041939396148,104.961520797474,158.331155608887,173.770768593037,119.321944768391,143.469970347013,156.69064420204,144.542174849112,143.653834990436,168.497185066055,317.455227748244,169.976998364412,244.767502645807,123.673786926432,122.790695067542,166.179531504677,111.380953943678,141.085621728505,180.59764397387,119.113846331233,164.186136352191
123.407876632027,82.8634031345214,129.098603297709,160.282570831836,156.033317969217,113.524035725461,175.415248730175,97.0856003862521,131.347312906345,425.041939396148,104.961520797474,158.331155608887,128.020316260223,119.321944768391,143.469970347013,156.69064420204,144.542174849112,69.048195419449,168.497185066055,317.455227748244,97.7710341937347,244.767502645807,123.673786926432,122.790695067542,166.179531504677,111.380953943678,141.085621728505,180.59764397387,68.5924710190752,120.285909078499
123.407876632027,82.8634031345214,129.098603297709,160.282570831836,155.52782102125,113.524035725461,124.114993332601,97.0856003862521,131.347312906345,425.041939396148,104.961520797474,158.331155608887,128.020316260223,119.321944768391,143.469970347013,123.299665755847,99.2238988237925,69.048195419449,168.497185066055,317.455227748244,97.7710341937347,244.767502645807,123.673786926432,98.0005693964488,140.117374805782,111.380953943678,141.085621728505,180.59764397387,68.5924710190752,120.285909078499
123.407876632027,82.8634031345214,112.072336881191,160.282570831836,83.1101211980595,113.524035725461,124.114993332601,97.0856003862521,131.347312906345,425.041939396148,102.53479207863,158.331155608887,119.630313205234,119.321944768391,143.469970347013,84.0547259180353,99.2238988237925,69.048195419449,168.497185066055,317.455227748244,97.7710341937347,244.767502645807,123.673786926432,98.0005693964488,140.117374805782,111.380953943678,141.085621728505,180.59764397387,68.5924710190752,120.285909078499
