16441036.3144911,34981455.5123004,23503359.2242429,22020769.8207519,14622156.9154087,7558685.52028434,14619153.9156271,1593507.06134122,105290917.437227,27279513.1935214,811704.93815707,22010082.4621412,4990718.91055352,6890321.29486381,9118818.01380496,1894337.45074624,17388197.2828736,52440287.720057,99369403.9444517,6136264.40259445,4206415.7090886,843934.810318344,5472424.85544237,1390216.78831057,2331306.86230566,437919748.572563,3801151.12692236,7138333.64257704,577728.067195173,4533981.39639733
1116807.10894795,3629219.220255,449390.828031267,22020769.8207519,2441250.58056087,7558685.52028434,14619153.9156271,1593507.06134122,812989.565827566,25918421.9140151,811704.93815707,585236.264346902,3110849.50168196,5476053.67789937,9118818.01380496,1894337.45074624,1341698.32839233,16346128.3186698,99369403.9444517,6136264.40259445,4206415.7090886,52458.4032752068,1853081.06598043,1390216.78831057,206950.172764655,437919748.572563,3801151.12692236,3163214.03101404,577728.067195173,4533981.39639733
1116807.10894795,2934755.38330957,449390.828031267,3434761.31873023,726813.942996716,7402392.25463012,14619153.9156271,790176.742587842,812989.565827566,25909615.9602837,541141.606299137,585236.264346902,53424.9322255147,5476053.67789937,727525.413209497,1894337.45074624,1341698.32839233,229647.674628842,99369403.9444517,6136264.40259445,639671.280187284,52458.4032752068,1853081.06598043,1390216.78831057,206950.172764655,437919748.572563,3345732.72985834,1927982.34298015,577728.067195173,2364564.87689785
1116807.10894795,2934755.38330957,83599.8742464384,659617.794296661,270168.036198934,44524.4276418062,14619153.9156271,659734.953628173,812989.565827566,25909529.9490767,541141.606299137,585236.264346902,53424.9322255147,2557943.6213796,400941.195237893,1894337.45074624,1341698.32839233,224244.501060812,99369403.9444517,6136264.40259445,215316.214951409,52458.4032752068,435230.356694121,190493.900132796,206950.172764655,437919748.572563,467049.285959059,815805.531508448,577728.067195173,2364564.87689785
1116807.10894795,2934755.38330957,83599.8742464384,659617.794296661,71696.030342998,44524.4276418062,14619153.9156271,659734.953628173,323772.451691743,25909529.9475826,541141.606299137,585236.264346902,53424.9322255147,52487.5951564376,11607.277824564,1894337.45074624,1341698.32839233,224244.501060812,99369403.9444517,6136264.40259445,215316.214951409,52458.4032752068,321980.274680626,190493.900132796,153997.509863751,437919748.572563,98137.1341570135,282102.715129168,570273.880286922,2364564.87689785
1116807.10894795,2934755.38330957,83599.8742464384,659617.794296661,71696.030342998,44524.4276418062,14619153.9156271,108641.838310229,323772.451691743,25909529.9475826,541141.606299137,585236.264346902,53424.9322255147,52487.5951564376,11607.277824564,1894337.45074624,1341698.32839233,50249.3476436638,99369403.9444517,6136264.40259445,3918.79178783899,52458.4032752068,321980.274680626,190493.900132796,106560.474286645,437919748.572563,98137.1341570135,84694.7690159049,570273.880286922,2364564.87689785
1116807.10894795,2934755.38330957,83599.8742464384,659617.794296661,71696.030342998,44524.4276418062,14619153.9156271,108641.838310229,323772.451691743,25909529.9475826,541141.606299137,585236.264346902,53424.9322255147,52487.5951564376,11607.277824564,1894337.45074624,1341698.32839233,50249.3476436638,99369403.9444517,6136264.40259445,3918.79178783899,52458.4032752068,52064.9026403124,190493.900132796,106560.474286645,437919748.572563,98137.1341570135,10914.2918417945,570273.880286922,2364564.87689785
1116807.10894795,2934755.38330957,83599.8742464384,659617.794296661,71696.030342998,44524.4276418062,14619153.9156271,108641.838310229,323772.451691743,25909529.9475823,541141.606299137,585236.264346902,53424.9322255147,52487.5951564376,11607.277824564,1894337.45074624,1341698.32839233,50249.3476436638,99369403.9444517,6136264.40259445,3918.79178783899,52458.4032752068,33384.7412896279,190493.900132796,106560.474286645,437919748.572563,98137.1341570135,10914.2918417945,570273.880286922,2364564.87689785
1116807.10894795,2934755.38330957,83599.8742464384,659617.794296661,71696.030342998,44524.4276418062,14619153.9156271,108641.838310229,323772.451691743,25909529.9475823,541141.606299137,585236.264346902,53424.9322255147,52487.5951564376,11607.277824564,1894337.45074624,1341698.32839233,50249.3476436638,99369403.9444517,6136264.40259445,3918.79178783899,52458.4032752068,33384.7412896279,190493.900132796,106560.474286645,437919748.572563,98137.1341570135,10914.2918417945,570273.880286922,2364564.87689785
1116807.10894795,2934755.38330957,83599.8742464384,659617.794296661,71696.030342998,44524.4276418062,14619153.9156271,108641.838310229,323772.451691743,25909529.9475823,541141.606299137,585236.264346902,53424.9322255147,52487.5951564376,11607.277824564,1894337.45074624,1341698.32839233,50249.3476436638,99369403.9444517,6136264.40259445,3918.79178783899,52458.4032752068,22693.8976839358,190493.900132796,106560.474286645,437919748.572563,98137.1341570135,10914.2918417945,570273.880286922,2364564.87689785
1116807.10894795,2934755.38330957,83599.8742464384,659617.794296661,71696.030342998,44524.4276418062,14619153.9156271,108641.838310229,323772.451691743,25909529.9475823,541141.606299137,585236.264346902,53424.9322255147,52487.5951564376,11607.277824564,1894337.45074624,1341698.32839233,50249.3476436638,99369403.9444517,6136264.40259445,3918.79178783899,52458.4032752068,22693.8976839358,190493.900132796,106560.474286645,437919748.572563,98137.1341570135,10914.2918417945,570273.880286922,2364564.87689785
1116807.10894795,2934755.38330957,83599.8742464384,659617.794296661,71696.030342998,44524.4276418062,14619153.9156271,108641.838310229,323772.451691743,25909529.9475823,541141.606299137,585236.264346902,53424.9322255147,52487.5951564376,11607.277824564,1894337.45074624,1341698.32839233,50249.3476436638,99369403.9444517,6136264.40259445,3918.79178783899,52458.4032752068,22693.8976839358,190493.900132796,106560.474286645,437919748.572563,98137.1341570135,10914.2918417945,570273.880286922,2364564.87689785
1116807.10894795,2934755.38330957,83599.8742464384,659617.794296661,71696.030342998,44524.4276418062,14619153.9156271,108641.838310229,323772.451691743,25909529.9475823,541141.606299137,585236.264346902,53424.9322255147,52487.5951564376,11607.277824564,1894337.45074624,1341698.32839233,50249.3476436638,99369403.9444517,6136264.40259445,3918.79178783899,52458.4032752068,22693.8976839358,190493.900132796,106560.474286645,437919748.572563,98137.1341570135,10914.2918417945,570273.880286922,2364564.87689785
1116807.10894795,2934755.38330957,83599.8742464384,659617.794296661,71696.030342998,44524.4276418062,14619153.9156271,108641.838310229,323772.451691743,25909529.9475823,541141.606299137,585236.264346902,53424.9322255147,52487.5951564376,11607.277824564,1894337.45074624,1341698.32839233,50249.3476436638,99369403.9444517,6136264.40259445,3918.79178783899,52458.4032752068,22693.8976839358,190493.900132796,106560.474286645,437919748.572563,98137.1341570135,10914.2918417945,570273.880286922,2364564.87689785
