247324288.288713,10305655366.5679,7654531482.87837,303274363.021922,14124320258.4215,335034415.006494,4910957057.95649,613887296.568108,1054639558.51602,7045266283.00657,8967807396.38237,410412556.500429,2301917552.7373,13207068991.524,3045720367.90086,1407661522.1262,1133294431.96082,688571968.202936,183460783.944113,6902407.27523881,3292579743.79126,2099949729.00452,6998092576.20259,273384804.130534,35043275.4201496,55027630.6814698,1276955162.27464,2893351073.87044,21252887.0850266,20839210.5452306
247324288.288713,93942617.9206396,1380712550.82359,303274363.021922,10646118956.3583,335034415.006494,610200575.771355,54502011.5643821,117161235.217654,3110681424.44882,618989650.637645,49030604.041326,737404297.339529,127051419.125803,3045720367.90086,557779192.228613,840969356.704691,688571968.202936,183460783.944113,6768876.72695946,3280506329.04604,758268729.938404,1724495398.38889,273384804.130534,13209594.2326152,55027630.6814698,1276955162.27464,2393021378.01673,21252887.0850266,15132454.3455825
45082261.7257678,79610545.760833,1380712550.82359,303274363.021922,1429344016.74344,105706076.021996,28689936.6684262,54502011.5643821,50546675.4579531,513074344.836215,38432271.215059,49030604.041326,545119280.178095,127051419.125803,109147707.354864,557779192.228613,50974135.9912286,524619960.442617,183460783.944113,4318208.229997,75540005.6838048,156277712.834891,117729013.479088,273384804.130534,13209594.2326152,55027630.6814698,866329066.991642,2393021378.01673,21252887.0850266,15132454.3455825
45082261.7257678,79610545.760833,34385175.9386799,61796191.0448389,114415895.098067,90644009.1572541,28689936.6684262,470685.559291394,27241882.1497204,41794683.3629733,21977192.5007299,49030604.041326,63382472.1863407,27987782.541617,109147707.354864,158862045.314634,50974135.9912286,121242852.110468,106506359.525703,4318208.229997,18185831.8356818,156277712.834891,89796782.5030576,273384804.130534,13209594.2326152,8702593.0496526,866329066.991642,1506358442.58877,21252887.0850266,12337386.1461058
12550430.5522924,31227727.1637099,16239116.1812106,29736316.407891,2603521.24458429,11980059.3285098,28689936.6684262,470685.559291394,27241882.1497204,41794683.3629733,21977192.5007299,49030604.041326,63382472.1863407,9990550.58766078,84655203.9242696,1198249.47425808,50974135.9912286,33442226.7425299,1417505.07911795,4318208.229997,18185831.8356818,156277712.834891,89796782.5030576,6150292.85180058,1705457.31656323,8702593.0496526,530523796.60765,54133180.9200962,21252887.0850266,91840.5452296282
12550430.5522924,31227727.1637099,16208631.9616391,29736316.407891,2603521.24458429,11980059.3285098,28689936.6684262,470685.559291394,27241882.1497204,41794683.3629733,21977192.5007299,22675459.2074564,2353969.51624415,9990550.58766078,9165989.38825475,1198249.47425808,790782.057613886,25247738.9372803,278111.974417676,4318208.229997,18185831.8356818,2433578.39321209,1611415.2610217,6150292.85180058,1060695.45513476,8702593.0496526,19290511.8615568,18081386.2541047,21252887.0850266,91840.5452296282
12550430.5522924,31227727.1637099,16208044.6708692,1367681.75731173,2603521.24458429,11980059.3285098,3853398.71863558,470685.559291394,8142021.79840593,41794683.3629733,1437037.46061021,9133257.42555152,2353969.51624415,9990550.58766078,9165989.38825475,1198249.47425808,790782.057613886,25247738.9372803,278111.974417676,1031507.77423028,2114715.88460275,2433578.39321209,1611415.2610217,1545700.61195376,1060695.45513476,8702593.0496526,9915534.39660408,18081386.2541047,21252887.0850266,91840.5452296282
12550430.5522924,31227727.1637099,16208038.5595788,35693.5718191569,2603521.24458429,11980059.3285098,3853398.71863558,470685.559291394,2055747.39824153,41794683.3629733,1437037.46061021,2749031.33606897,2353969.51624415,9990550.58766078,257015.700869135,1198249.47425808,179191.466934629,25247738.9372803,278111.974417676,1031507.77423028,50458.1197356035,2433578.39321209,1611415.2610217,1545700.61195376,1060695.45513476,8702593.0496526,7867060.06408806,520669.758601975,21252887.0850266,91840.5452296282
12550430.5522924,31227727.1637099,16208038.5569468,35693.5718191569,2603521.24458429,11980059.3285098,2962681.48501725,470685.559291394,524040.747654908,41794683.3629733,1437037.46061021,2749031.33606897,2353969.51624415,600240.723817992,257015.700869135,1198249.47425808,179191.466934629,25247738.9372803,278111.974417676,1031507.77423028,50458.1197356035,2433578.39321209,1543606.86173789,1545700.61195376,1060695.45513476,3286553.92229757,7867060.06408806,520669.758601975,21252887.0850266,91840.5452296282
12550430.5522924,31227727.1637099,16208038.5569464,35693.5718191569,2603521.24458429,11980059.3285098,130896.882895414,470685.559291394,524040.747654908,41794683.3629733,1437037.46061021,2749031.33606897,1742164.96432662,600240.723817992,257015.700869135,435240.194377621,143097.351508894,25247738.9372803,203643.171733938,1031507.77423028,50458.1197356035,2433578.39321209,1543606.86173789,403689.480002635,1060695.45513476,1492848.43560428,7867060.06408806,31597.9659992816,21252887.0850266,91840.5452296282
12550430.5522924,31227727.1637099,16208038.5569464,35693.5718191569,2603521.24458429,11980059.3285098,130896.882895414,470685.559291394,524040.747654908,41794683.3629733,1437037.46061021,2749031.33606897,1742164.96432662,600240.723817992,257015.700869135,347935.214928339,143097.351508894,25247738.9372803,203643.171733938,1031507.77423028,50458.1197356035,2433578.39321209,804499.882686276,65823.0126315727,1060695.45513476,1492848.43560428,442185.591495443,31597.9659992816,21252887.0850266,91840.5452296282
12550430.5522924,31227727.1637099,16208038.5569464,35693.5718191569,2603521.24458429,11980059.3285098,130896.882895414,470685.559291394,524040.747654908,41794683.3629733,1437037.46061021,2749031.33606897,1742164.96432662,600240.723817992,257015.700869135,347935.214928339,143097.351508894,25247738.9372803,203643.171733938,1031507.77423028,50458.1197356035,2433578.39321209,83224.5899057872,47515.6905935001,170452.162142184,1492848.43560428,442185.591495443,7619.6340460335,21252887.0850266,91840.5452296282
12550430.5522924,31227727.1637099,16208038.5569464,35693.5718191569,2603521.24458429,11980059.3285098,130896.882895414,470685.559291394,524040.747654908,41794683.3629733,1437037.46061021,2749031.33606897,1742164.96432662,600240.723817992,257015.700869135,347935.214928339,143097.351508894,25247738.9372803,203643.171733938,1031507.77423028,50458.1197356035,2433578.39321209,83224.5899057872,47515.6905935001,170452.162142184,1492848.43560428,442185.591495443,7619.6340460335,21252887.0850266,91840.5452296282
12550430.5522924,31227727.1637099,16208038.5569464,35693.5718191569,2603521.24458429,11980059.3285098,130896.882895414,470685.559291394,524040.747654908,41794683.3629733,1437037.46061021,2749031.33606897,1742164.96432662,600240.723817992,257015.700869135,347935.214928339,143097.351508894,25247738.9372803,203643.171733938,1031507.77423028,50458.1197356035,2433578.39321209,83224.5899057872,47515.6905935001,170452.162142184,1492848.43560428,442185.591495443,7619.6340460335,21252887.0850266,91840.5452296282
12550430.5522924,31227727.1637099,16208038.5569464,35693.5718191569,2603521.24458429,11980059.3285098,130896.882895414,470685.559291394,524040.747654908,41794683.3629733,1437037.46061021,2749031.33606897,1742164.96432662,600240.723817992,257015.700869135,347935.214928339,143097.351508894,25247738.9372803,203643.171733938,1031507.77423028,50458.1197356035,2433578.39321209,83224.5899057872,47515.6905935001,170452.162142184,1492848.43560428,442185.591495443,7619.6340460335,21252887.0850266,91840.5452296282
12550430.5522924,31227727.1637099,16208038.5569464,35693.5718191569,2603521.24458429,11980059.3285098,130896.882895414,470685.559291394,524040.747654908,41794683.3629733,1437037.46061021,2749031.33606897,1742164.96432662,600240.723817992,257015.700869135,347935.214928339,143097.351508894,25247738.9372803,203643.171733938,1031507.77423028,50458.1197356035,2433578.39321209,83224.5899057872,47515.6905935001,170452.162142184,1492848.43560428,442185.591495443,7619.6340460335,21252887.0850266,91840.5452296282
