110850.620527593,220198.948215983,285059.652916284,96435.1179980297,32234.7023872316,548580.297484987,189977.379120724,676657.873464877,110155.013266539,12778.0500287078,31440.0870997622,10811890.5662703,358830.819715745,626089.477670733,504815.415265733,5310.18903066238,60277.3272530639,28492.1680771961,1136272.63012587,373725.50975847,766123.945033892,155338.090454628,763699.15510088,783596.539455538,15331.9638918457,649507.476233275,211142.552940633,1956348.22520718,33968049.5880949,6536400.27709597
110850.620527593,24543.4089979429,285059.652916284,96435.1179980297,32234.7023872316,15287.1566509016,189977.379120724,676657.873464877,78689.5994769594,12778.0500287078,9443.90777534305,10811890.5662703,105155.707353613,46012.7933798602,504815.415265733,5310.18903066238,60277.3272530639,24616.6188189741,1136272.63012587,373725.50975847,766123.945033892,155338.090454628,763699.15510088,783596.539455538,15331.9638918457,24315.3178267795,211142.552940633,50392.081652034,33968049.5880949,6536400.27709597
110850.620527593,24543.4089979429,285059.652916284,96435.1179980297,32234.7023872316,15287.1566509016,189977.379120724,676657.873464877,78689.5994769594,12778.0500287078,9443.90777534305,10811890.5662703,93716.8662047563,46012.7933798602,504815.415265733,5310.18903066238,3414.43550072215,24616.6188189741,1136272.63012587,373725.50975847,766123.945033892,155338.090454628,763699.15510088,783596.539455538,15331.9638918457,24315.3178267795,18345.1875479173,49732.4086860535,33968049.5880949,6536400.27709597
110850.620527593,24543.4089979429,285059.652916284,96435.1179980297,32234.7023872316,15287.1566509016,189977.379120724,676657.873464877,48416.4368891633,12778.0500287078,5506.19586323516,10811890.5662703,78812.7796163205,46012.7933798602,504815.415265733,5310.18903066238,3414.43550072215,24616.6188189741,1136272.63012587,373725.50975847,766123.945033892,155338.090454628,763699.15510088,783596.539455538,15331.9638918457,24315.3178267795,18345.1875479173,37554.47760244,33968049.5880949,6536400.27709597
110850.620527593,24543.4089979429,285059.652916284,96435.1179980297,32234.7023872316,15287.1566509016,189977.379120724,676657.873464877,48416.4368891633,12778.0500287078,5506.19586323516,10811890.5662703,78812.7796163205,2778.4158941513,504815.415265733,5310.18903066238,3414.43550072215,24616.6188189741,1136272.63012587,373725.50975847,766123.945033892,155338.090454628,763699.15510088,783596.539455538,15331.9638918457,24315.3178267795,18345.1875479173,37554.47760244,33968049.5880949,6536400.27709597
110850.620527593,24543.4089979429,285059.652916284,96435.1179980297,32234.7023872316,15287.1566509016,189977.379120724,676657.873464877,48416.4368891633,12778.0500287078,5506.19586323516,10811890.5662703,78812.7796163205,2778.4158941513,504815.415265733,5310.18903066238,3414.43550072215,24616.6188189741,1136272.63012587,373725.50975847,766123.945033892,155338.090454628,763699.15510088,783596.539455538,15331.9638918457,24315.3178267795,18345.1875479173,37554.47760244,33968049.5880949,6536400.27709597
110850.620527593,24543.4089979429,285059.652916284,96435.1179980297,32234.7023872316,15287.1566509016,189977.379120724,676657.873464877,48416.4368891633,12778.0500287078,5506.19586323516,10811890.5662703,78812.7796163205,2778.4158941513,504815.415265733,5310.18903066238,3414.43550072215,24616.6188189741,1136272.63012587,373725.50975847,766123.945033892,155338.090454628,763699.15510088,783596.539455538,15331.9638918457,24315.3178267795,18345.1875479173,37554.47760244,33968049.5880949,6536400.27709597
110850.620527593,24543.4089979429,285059.652916284,96435.1179980297,32234.7023872316,15287.1566509016,189977.379120724,676657.873464877,48416.4368891633,12778.0500287078,5506.19586323516,10811890.5662703,78812.7796163205,2778.4158941513,504815.415265733,5310.18903066238,3414.43550072215,24616.6188189741,1136272.63012587,373725.50975847,766123.945033892,155338.090454628,763699.15510088,783596.539455538,15331.9638918457,24315.3178267795,18345.1875479173,37554.47760244,33968049.5880949,6536400.27709597
110850.620527593,24543.4089979429,285059.652916284,96435.1179980297,32234.7023872316,15287.1566509016,189977.379120724,676657.873464877,48416.4368891633,12778.0500287078,5506.19586323516,10811890.5662703,78812.7796163205,2778.4158941513,504815.415265733,5310.18903066238,3414.43550072215,24616.6188189741,1136272.63012587,373725.50975847,766123.945033892,155338.090454628,763699.15510088,783596.539455538,15331.9638918457,24315.3178267795,18345.1875479173,37554.47760244,33968049.5880949,6536400.27709597
110850.620527593,24543.4089979429,285059.652916284,96435.1179980297,32234.7023872316,15287.1566509016,189977.379120724,676657.873464877,48416.4368891633,12778.0500287078,5506.19586323516,10811890.5662703,78812.7796163205,2778.4158941513,504815.415265733,5310.18903066238,3414.43550072215,24616.6188189741,1136272.63012587,373725.50975847,766123.945033892,155338.090454628,763699.15510088,783596.539455538,15331.9638918457,24315.3178267795,18345.1875479173,37554.47760244,33968049.5880949,6536400.27709597
110850.620527593,24543.4089979429,285059.652916284,96435.1179980297,32234.7023872316,15287.1566509016,189977.379120724,676657.873464877,48416.4368891633,12778.0500287078,5506.19586323516,10811890.5662703,78812.7796163205,2778.4158941513,504815.415265733,5310.18903066238,3414.43550072215,24616.6188189741,1136272.63012587,373725.50975847,766123.945033892,155338.090454628,763699.15510088,783596.539455538,15331.9638918457,24315.3178267795,18345.1875479173,37554.47760244,33968049.5880949,6536400.27709597
110850.620527593,24543.4089979429,285059.652916284,96435.1179980297,32234.7023872316,15287.1566509016,189977.379120724,676657.873464877,48416.4368891633,12778.0500287078,5506.19586323516,10811890.5662703,78812.7796163205,2778.4158941513,504815.415265733,5310.18903066238,3414.43550072215,24616.6188189741,1136272.63012587,373725.50975847,766123.945033892,155338.090454628,763699.15510088,783596.539455538,15331.9638918457,24315.3178267795,18345.1875479173,37554.47760244,33968049.5880949,6536400.27709597
110850.620527593,24543.4089979429,285059.652916284,96435.1179980297,32234.7023872316,15287.1566509016,189977.379120724,676657.873464877,48416.4368891633,12778.0500287078,5506.19586323516,10811890.5662703,78812.7796163205,2778.4158941513,504815.415265733,5310.18903066238,3414.43550072215,24616.6188189741,1136272.63012587,373725.50975847,766123.945033892,155338.090454628,763699.15510088,783596.539455538,15331.9638918457,24315.3178267795,18345.1875479173,37554.47760244,33968049.5880949,6536400.27709597
110850.620527593,24543.4089979429,285059.652916284,96435.1179980297,32234.7023872316,15287.1566509016,189977.379120724,676657.873464877,48416.4368891633,12778.0500287078,5506.19586323516,10811890.5662703,78812.7796163205,2778.4158941513,504815.415265733,5310.18903066238,3414.43550072215,24616.6188189741,1136272.63012587,373725.50975847,766123.945033892,155338.090454628,763699.15510088,783596.539455538,15331.9638918457,24315.3178267795,18345.1875479173,37554.47760244,33968049.5880949,6536400.27709597
