3764018143,20350391177,55264619973617.3,175591573,14769007992,21553512067.7032,680151992,303864611,3605333,1171447402,483752371,349055131931,801659,14899291,99884466,1223149982,28217579761,2884206,7627730807213,1700370,83175344,24762497078,15348642044,15512523.935362,593709550032319872,3207197942,1479435,19835722472,1842592811,9322966222403062
3304071477,861056,55235294325783.6,175591573,380955631,21386113769.1047,26593978,98578437,3605333,291932048,483752371,349055131931,801659,1181621,99884466,18282840,2591099,2884206,7627730807213,1700370,83175344,156130289,56019940,15512523.935362,591918400364113152,289337999,120129,19835722472,594816192,9257528204211268
151669363,861056,55235140344322.4,175591573,5907142,21385072370.9046,26593978,3982845,3605333,70764721,483752371,349055131931,102654,1181621,99884466,249219,1254341,2884206,7627730807213,1700370,83175344,156130289,56019940,1469914,591915813630948480,1221525,48721,19835722472,594816192,9256280461743258
151669363,861056,55235133780425.7,175591573,1153930,21385068644.7087,26593978,3982845,3605333,70764721,483752371,349055131931,102654,1181621,1913972,249219,702135,2884206,7627730807213,1700370,83175344,83119376,56019940,1469914,591915736471988096,701014,48721,19835722472,594816192,9256277267292788
151669363,704550,55235133780189.5,175591573,1153930,21385068644.5799,7966,3982845,3605333,40305,483752371,349055131931,39517,1181621,37517.00846477,249219,278,2884206,7627730807213,1700370,83175344,8007,56019940,1469914,591915736471647104,701014,48721,19835722472,594816192,9256277267283518
151669363,704550,55235133780189.5,175591573,1153930,21385068644.5799,7966,3982845,3605333,40305,483752371,349055131931,39517,395362,37517.00846477,249219,155,2884206,7627730807213,1700370,83175344,5383,56019940,1469914,591915736471647104,701014,48721,19835722472,594816192,9256277267283518
151669363,704550,55235133780189.5,175591573,1153930,21385068644.5799,7966,3982845,3605333,40305,483752371,349055131931,39517,395362,37517.00846477,249219,155,2884206,7627730807213,1700370,83175344,5383,56019940,1469914,591915736471647104,701014,48721,19835722472,594816192,9256277267283518
151669363,704550,55235133780189.5,175591573,1153930,21385068644.5799,7966,3982845,3605333,40305,483752371,349055131931,39517,395362,37517.00846477,249219,155,2884206,7627730807213,1700370,83175344,5383,56019940,1469914,591915736471647104,701014,48721,19835722472,594816192,9256277267283518
151669363,704550,55235133780189.5,175591573,1153930,21385068644.5799,7966,3982845,3605333,40305,483752371,349055131931,39517,395362,37517.00846477,249219,155,2884206,7627730807213,1700370,83175344,5383,56019940,1469914,591915736471647104,701014,48721,19835722472,594816192,9256277267283518
151669363,704550,55235133780189.5,175591573,1153930,21385068644.5799,7966,3982845,3605333,40305,483752371,349055131931,39517,395362,37517.00846477,249219,155,2884206,7627730807213,1700370,83175344,5383,56019940,1469914,591915736471647104,701014,48721,19835722472,594816192,9256277267283518
151669363,704550,55235133780189.5,175591573,1153930,21385068644.5799,7966,3982845,3605333,40305,483752371,349055131931,39517,395362,37517.00846477,249219,155,2884206,7627730807213,1700370,83175344,5383,56019940,1469914,591915736471647104,701014,48721,19835722472,594816192,9256277267283518
151669363,704550,55235133780189.5,175591573,1153930,21385068644.5799,7966,3982845,3605333,40305,483752371,349055131931,39517,395362,37517.00846477,249219,155,2884206,7627730807213,1700370,83175344,5383,56019940,1469914,591915736471647104,701014,48721,19835722472,594816192,9256277267283512
151669363,704550,55235133780189.5,175591573,1153930,21385068644.5799,7966,3982845,3605333,40305,483752371,349055131931,39517,395362,37517.00846477,249219,155,2884206,7627730807213,1700370,83175344,5383,56019940,1469914,591915736471647104,701014,48721,19835722472,594816192,9256277267283512
151669363,704550,55235133780189.5,175591573,1153930,21385068644.5799,7966,3982845,3605333,40305,483752371,349055131931,39517,395362,37517.00846477,249219,155,2884206,7627730807213,1700370,83175344,5383,56019940,1469914,591915736471647104,701014,48721,19835722472,594816192,9256277267283512
