667.635616180016,464.468993980754,1272.00673455879,669.273468505593,468.546526834427,296.891183984721,594.354707419008,465.980654443303,426.891406556256,400.233983557436,445.69849452716,602.54833878596,502.832525710946,672.031042660953,465.584296467807,785.305289464591,523.00403380987,660.051071818225,333.800815304346,881.91323966023,563.540028320622,726.08918719514,824.44868820551,481.979117747418,461.263916484369,985.406732643723,328.417557393436,512.440802132234,336.67901008849,785.316753069716
667.635616180016,402.385527752901,650.29595677105,669.273468505593,458.33789501186,296.891183984721,594.354707419008,421.083817782991,426.891406556256,400.233983557436,445.69849452716,602.54833878596,502.832525710946,672.031042660953,465.584296467807,785.305289464591,521.365796269429,660.051071818225,333.800815304346,876.104963690472,563.540028320622,726.08918719514,728.724854485042,481.979117747418,461.263916484369,691.30742421686,328.417557393436,512.440802132234,336.67901008849,502.768366964007
667.635616180016,402.385527752901,326.377730768038,669.273468505593,458.33789501186,296.891183984721,563.722525879967,421.083817782991,426.891406556256,388.714434917956,445.69849452716,602.54833878596,502.592021991776,518.242496967442,417.932537864364,404.681041695144,521.365796269429,577.402404746148,333.800815304346,685.034073455327,539.774917283737,688.301620595988,701.558660299654,481.979117747418,461.263916484369,691.30742421686,328.417557393436,512.440802132234,336.67901008849,502.768366964007
667.635616180016,402.385527752901,326.377730768038,379.937410799514,458.33789501186,296.891183984721,563.722525879967,343.036949208256,426.891406556256,388.714434917956,350.016711606972,600.70271713728,502.592021991776,518.242496967442,417.932537864364,404.681041695144,521.365796269429,577.402404746148,333.800815304346,628.76918992116,539.774917283737,512.883854998748,568.946792701048,252.302783072697,461.263916484369,501.988509211647,328.417557393436,512.440802132234,336.67901008849,502.768366964007
332.196820183588,253.95417987466,326.377730768038,315.411825475425,458.33789501186,296.891183984721,491.11238004315,343.036949208256,426.891406556256,388.714434917956,350.016711606972,565.195418078226,492.004050566688,518.242496967442,417.932537864364,404.681041695144,470.087122044626,577.402404746148,333.800815304346,590.051082181386,447.520169065004,512.883854998748,568.946792701048,252.302783072697,461.263916484369,501.988509211647,328.417557393436,512.440802132234,336.67901008849,491.659827760148
332.196820183588,253.95417987466,326.377730768038,315.411825475425,348.243126890865,296.891183984721,491.11238004315,343.036949208256,426.891406556256,354.145148858306,322.162386019885,288.297231030608,492.004050566688,518.242496967442,417.932537864364,404.681041695144,470.087122044626,460.276595438324,333.800815304346,574.881224644014,447.520169065004,436.262143484889,545.806509657282,252.302783072697,461.263916484369,501.988509211647,290.128012988871,512.440802132234,336.67901008849,491.659827760148
332.196820183588,253.95417987466,326.377730768038,315.411825475425,348.243126890865,296.891183984721,491.11238004315,343.036949208256,426.891406556256,354.145148858306,322.162386019885,288.297231030608,272.197674254803,518.242496967442,348.166307624176,379.288459033443,431.72199011655,303.121658262922,333.800815304346,387.771944385547,255.660710753917,436.262143484889,231.724864118001,252.302783072697,314.806348683657,398.648333850443,290.128012988871,484.751702940793,336.67901008849,423.067580432017
332.196820183588,253.95417987466,230.763359113803,315.411825475425,301.321212487251,296.891183984721,323.128066885874,343.036949208256,390.919033992309,295.638995458863,273.326164782703,120.134568779715,272.197674254803,339.241311133238,323.852464833895,379.288459033443,431.72199011655,303.121658262922,333.800815304346,201.798348938371,255.660710753917,436.262143484889,231.724864118001,252.302783072697,291.747194554086,391.872024795306,290.128012988871,411.197001155742,328.869845476854,423.067580432017
306.62121558172,253.95417987466,230.763359113803,255.536720651447,299.87424494539,296.891183984721,323.128066885874,343.036949208256,291.577356728162,295.638995458863,273.326164782703,120.134568779715,272.197674254803,339.241311133238,311.552373546885,261.911309801174,330.940327389667,303.121658262922,333.800815304346,201.798348938371,255.660710753917,434.922002364816,231.724864118001,252.302783072697,291.747194554086,279.074018718732,290.128012988871,259.072469662894,321.172287320486,423.067580432017
306.62121558172,253.95417987466,230.763359113803,255.536720651447,299.87424494539,199.50892420738,323.128066885874,315.22570144679,289.16629746491,143.481414698896,273.326164782703,120.134568779715,272.197674254803,215.147903396065,311.552373546885,261.911309801174,261.693823059235,303.121658262922,333.800815304346,201.798348938371,225.94193539867,369.076234109762,231.724864118001,200.035853561297,237.351025703766,279.074018718732,290.128012988871,215.262239622587,313.053801030743,373.299568170715
227.03634919988,234.446442898965,230.763359113803,255.536720651447,234.742945105893,199.50892420738,323.128066885874,224.538278529083,143.068264623339,143.481414698896,273.326164782703,120.134568779715,272.197674254803,215.147903396065,228.258526112927,261.911309801174,261.693823059235,303.121658262922,233.739917843183,201.798348938371,225.94193539867,249.746457073142,231.724864118001,200.035853561297,237.351025703766,257.807919953124,252.602092494544,181.48730822297,313.053801030743,328.627826639386
175.725289238635,234.446442898965,199.41704456378,249.864713071794,234.742945105893,199.50892420738,281.086415130008,224.538278529083,143.068264623339,143.481414698896,273.326164782703,120.134568779715,74.8035696677644,215.147903396065,228.258526112927,261.911309801174,251.404222058255,208.429718958501,233.739917843183,201.798348938371,225.94193539867,249.746457073142,231.724864118001,151.941762214301,237.351025703766,257.807919953124,252.602092494544,181.48730822297,136.979862855173,247.372302648463
175.725289238635,234.446442898965,199.41704456378,211.445473510822,234.742945105893,199.50892420738,281.086415130008,224.538278529083,143.068264623339,143.481414698896,256.53331414952,120.134568779715,74.8035696677644,215.147903396065,208.796975434682,237.60278402839,251.404222058255,208.429718958501,233.739917843183,190.551294169766,223.273301137708,249.746457073142,231.724864118001,151.941762214301,178.138932239818,257.807919953124,252.602092494544,181.48730822297,136.979862855173,222.746932354999
175.725289238635,234.446442898965,199.41704456378,194.302081541289,234.742945105893,178.87403969528,258.80219803484,100.37584747802,143.068264623339,143.481414698896,256.53331414952,120.134568779715,74.8035696677644,209.395107784471,208.796975434682,165.050682074011,251.404222058255,208.429718958501,233.739917843183,190.551294169766,199.099947534217,191.03633702441,231.724864118001,121.628812546628,178.138932239818,187.991491958518,252.602092494544,181.48730822297,136.979862855173,180.186895807472
175.725289238635,234.446442898965,199.41704456378,194.302081541289,220.754504965928,178.87403969528,164.637474236312,100.37584747802,143.068264623339,143.225914370886,194.415992905654,120.134568779715,74.8035696677644,186.552691999409,208.796975434682,165.050682074011,170.645412432843,172.947859409962,192.132429276742,190.551294169766,199.099947534217,191.03633702441,231.724864118001,121.628812546628,178.138932239818,181.534268624158,252.602092494544,181.48730822297,136.979862855173,180.186895807472
175.725289238635,234.446442898965,90.8783468247493,194.302081541289,192.516073105508,159.311775666912,80.1198741160911,100.37584747802,143.068264623339,143.225914370886,194.415992905654,120.134568779715,74.8035696677644,186.552691999409,207.406785407909,141.300874387695,170.645412432843,162.912184231268,182.08216934828,96.3288406311572,199.099947534217,96.0876027539207,173.391648870353,121.628812546628,156.895702697958,166.254779982837,145.743538392506,173.03381276857,136.979862855173,176.592632321994
