352.51256532225,377.50391328181,352.772505489173,437.255199985546,608.776252895159,384.274887819913,446.189732191374,318.925576695587,390.209172015204,301.322802081912,325.240347975354,450.375701469181,398.978785459711,359.961129216318,348.293873072988,422.815439018876,395.128544152026,358.493289099076,287.817616331422,402.722069456005,367.237550658404,463.81770464934,358.681687001259,551.179789048276,482.00517704657,336.807379697676,419.102257841857,369.671310750025,487.363573602827,364.524803465349
278.585607937786,377.50391328181,329.874063705157,300.117830781916,357.792873634536,384.274887819913,381.891685772811,318.925576695587,390.209172015204,301.322802081912,325.240347975354,419.171991862733,322.071880893976,359.961129216318,314.3587487829,403.949317472244,395.128544152026,358.493289099076,199.761100847884,234.058738009958,367.237550658404,413.530506299555,358.681687001259,470.319940933447,391.357228874033,336.807379697676,403.554350894558,354.137685628073,473.102374686198,364.524803465349
278.585607937786,321.106184674411,329.874063705157,300.117830781916,357.792873634536,352.346689829255,373.387351333778,318.925576695587,390.209172015204,301.322802081912,325.240347975354,330.38197106406,322.071880893976,358.978496468932,314.3587487829,134.158738588967,395.128544152026,358.493289099076,199.761100847884,234.058738009958,300.976087914935,352.419956034781,327.304308716484,470.319940933447,391.357228874033,335.180595790778,372.413913038442,354.137685628073,370.461400023411,364.524803465349
278.585607937786,319.008375551979,329.874063705157,300.117830781916,357.792873634536,320.505627598425,358.528770966134,299.652236278554,376.929424434968,295.282631994465,325.240347975354,330.38197106406,322.071880893976,358.978496468932,314.3587487829,134.158738588967,332.961622737324,358.493289099076,199.761100847884,234.058738009958,300.976087914935,352.419956034781,327.304308716484,357.306546017613,338.611397982519,335.180595790778,347.157075626654,319.99091128027,370.461400023411,359.068738817371
278.585607937786,298.137584274775,329.874063705157,300.117830781916,283.252364499882,320.505627598425,352.797689209363,299.652236278554,372.750820829443,295.282631994465,287.367687530137,330.38197106406,265.721420464517,342.450937943277,305.25052973214,134.158738588967,332.961622737324,294.244827865002,199.761100847884,234.058738009958,300.976087914935,352.419956034781,325.297672630422,340.459467510173,338.611397982519,335.180595790778,291.810794960193,312.577953322176,298.173036778787,332.809027686519
265.918431670587,298.137584274775,324.776049145209,300.117830781916,283.252364499882,320.505627598425,190.910242024404,299.652236278554,300.912309449685,275.565000300725,287.367687530137,291.324258100176,265.721420464517,306.586700083828,305.25052973214,134.158738588967,332.961622737324,294.244827865002,199.761100847884,234.058738009958,281.820678621094,352.419956034781,325.297672630422,321.626472064795,329.249112106501,317.841677910593,291.810794960193,312.577953322176,298.173036778787,305.546739973854
265.918431670587,298.137584274775,310.775501819033,300.117830781916,283.252364499882,320.505627598425,190.910242024404,299.652236278554,300.912309449685,275.565000300725,287.367687530137,291.324258100176,265.721420464517,305.157463068852,305.25052973214,134.158738588967,300.227451775359,294.244827865002,199.761100847884,234.058738009958,281.820678621094,318.715298547048,324.86895509069,287.183633770131,329.249112106501,317.841677910593,289.799679480888,308.766466214367,298.073722102433,235.09169414141
265.918431670587,298.137584274775,237.29441250564,300.117830781916,277.237011653626,286.30966932645,190.910242024404,298.100790998848,278.174057166666,275.565000300725,211.765879420298,291.324258100176,265.721420464517,290.580081677976,152.467074596502,134.158738588967,300.227451775359,294.244827865002,199.761100847884,234.058738009958,281.820678621094,221.423174360107,286.735200607783,287.183633770131,291.294673529538,216.484667540172,289.799679480888,215.968808522025,291.477842072175,235.09169414141
265.918431670587,298.137584274775,237.29441250564,170.570324394373,272.669604978132,285.406522571751,190.910242024404,285.543896054902,278.174057166666,275.565000300725,211.765879420298,291.324258100176,265.721420464517,286.625388369392,152.467074596502,134.158738588967,300.227451775359,294.244827865002,199.761100847884,199.95831178185,281.820678621094,221.423174360107,180.843723844057,265.254310998143,291.294673529538,216.484667540172,289.799679480888,215.968808522025,291.477842072175,235.09169414141
265.918431670587,277.815518005407,237.29441250564,170.570324394373,252.440399858288,285.406522571751,190.910242024404,280.520280003953,275.312295957847,275.565000300725,211.765879420298,289.529342400461,207.714651257828,286.625388369392,152.467074596502,134.158738588967,295.579363948952,294.244827865002,199.761100847884,199.95831178185,281.820678621094,221.423174360107,180.843723844057,265.254310998143,291.294673529538,216.484667540172,282.507292959668,215.968808522025,272.585333822801,235.09169414141
265.918431670587,273.382382495101,237.29441250564,170.570324394373,252.440399858288,166.598335589023,190.910242024404,266.132274184964,275.312295957847,275.565000300725,211.765879420298,243.988309068392,207.714651257828,265.892674743652,152.467074596502,134.158738588967,271.697426920772,281.191548634132,199.761100847884,199.95831178185,281.820678621094,221.423174360107,180.843723844057,265.254310998143,245.289931304421,182.509414864332,265.139034204017,215.968808522025,272.585333822801,200.049689815671
265.918431670587,166.717724711265,237.29441250564,170.570324394373,143.719894154592,166.598335589023,190.910242024404,211.542403282541,275.312295957847,237.545246716748,114.248623232315,243.988309068392,197.858295265019,230.593158282751,152.467074596502,134.158738588967,245.813846979932,279.934292835331,199.761100847884,199.95831178185,261.328088051518,221.423174360107,180.843723844057,265.254310998143,245.289931304421,182.509414864332,265.139034204017,210.421023877971,149.586992608334,200.049689815671
265.918431670587,166.717724711265,237.29441250564,170.570324394373,143.719894154592,166.598335589023,167.637667792911,211.542403282541,275.312295957847,211.814725480142,109.42023656201,243.988309068392,197.858295265019,207.880462521257,152.467074596502,134.158738588967,245.813846979932,278.263481401474,199.761100847884,176.852684028986,258.511586548937,221.423174360107,180.843723844057,228.037796315465,242.990322388304,182.509414864332,235.340465139179,210.421023877971,149.586992608334,200.049689815671
246.3306407205,160.072855829631,237.29441250564,170.570324394373,143.719894154592,166.598335589023,167.637667792911,211.542403282541,218.713203054994,211.814725480142,109.42023656201,242.992141701434,191.798604128876,207.880462521257,152.467074596502,134.158738588967,225.55739213731,236.271272399862,161.851134511007,176.852684028986,166.238827464324,221.423174360107,180.843723844057,164.228305694185,180.304265025153,182.509414864332,223.250923895674,210.421023877971,149.586992608334,200.049689815671
242.219801675998,160.072855829631,237.29441250564,170.570324394373,143.719894154592,166.598335589023,167.637667792911,211.542403282541,218.713203054994,211.814725480142,109.42023656201,216.368517984773,191.798604128876,165.634183414275,152.467074596502,134.158738588967,195.662918838151,236.271272399862,156.170220092496,127.535171622615,166.238827464324,198.922586941558,180.843723844057,155.615071321739,180.304265025153,182.509414864332,202.942196898799,210.421023877971,149.586992608334,200.049689815671
242.219801675998,160.072855829631,227.399651219836,170.570324394373,143.719894154592,166.598335589023,167.637667792911,211.542403282541,194.048493941482,207.649882574381,109.42023656201,144.85520860673,191.798604128876,165.634183414275,152.467074596502,134.158738588967,195.662918838151,236.271272399862,156.170220092496,127.535171622615,162.240463409962,198.922586941558,170.524537467859,155.615071321739,180.304265025153,133.59255263866,201.18434194362,210.421023877971,149.586992608334,182.967283372711
