2649.24361920844,3156.49097606526,730.66761727898,2611.85803948424,2120.73352851301,1241.59299009453,3498.58799286825,1189.79310056351,2918.70191579779,2912.52518000633,1684.9106434697,1128.5564372462,2601.44228062382,3182.28921151281,3264.65665022066,1046.42412680378,3180.84172584199,2274.58916559506,479.192484916766,3001.76617850475,2934.58422514996,2493.60927058643,1454.01333658355,2207.10572022696,1955.98359764357,2277.01721911939,3572.4601281705,1886.01524262916,2851.59497740158,2748.33675340518
2649.24361920844,3058.08045225341,694.83402203485,2611.85803948424,1742.71179265674,1241.59299009453,3339.04991510665,556.943552236899,2918.70191579779,2490.95159303594,1684.9106434697,1128.5564372462,1813.05564813026,2355.06101834518,3026.09065164302,331.438115842482,2524.42886899029,2274.58916559506,475.661328395527,3001.76617850475,2709.82492511233,2450.32625416189,800.833368571846,2207.10572022696,1955.98359764357,2120.52684505469,3111.26363127881,1886.01524262916,1488.74994334652,2748.33675340518
2000.54315943866,2873.12020804794,620.116596727146,2611.85803948424,746.395637853264,1241.59299009453,2469.82669899859,539.548242815506,1638.39920195731,2490.95159303594,1262.34645723961,1128.5564372462,1399.25856534948,1362.27397944161,2912.69310556089,189.206261442591,1882.14736081553,2274.58916559506,227.703739613564,1093.04141824437,2043.23594993037,2450.32625416189,434.406423757805,2207.10572022696,1925.99028783628,1993.49411075265,1849.54284376775,1886.01524262916,632.153540965935,2748.33675340518
2000.54315943866,2873.12020804794,551.13215480918,2611.85803948424,260.148021653497,287.632340545881,2469.82669899859,213.327674985017,1578.84889620405,2490.95159303594,1262.34645723961,1035.71033379848,1399.25856534948,1362.27397944161,2003.1025242711,125.543246670592,659.975196368236,1979.93869924103,135.40093121811,1093.04141824437,2043.23594993037,2450.32625416189,148.788838754759,556.182130674609,1019.51828211486,1608.66337921298,1579.88575277722,1886.01524262916,632.153540965935,1600.15899836153
1580.31305256374,1657.664157558,551.13215480918,2611.85803948424,131.319111831761,131.730741910869,1432.71376638066,175.350695720485,831.72211277421,1062.03912839846,1262.34645723961,987.174533996069,1399.25856534948,1362.27397944161,251.16392774583,112.136399697717,183.894395023379,1609.07931383548,117.736854001431,753.094875683712,1986.4995353491,2231.10410925796,116.086950330714,248.364967254523,927.084254918869,1484.73551105051,717.857366048383,1262.28827933519,632.153540965935,1600.15899836153
1229.05788192825,228.848995767396,551.13215480918,1291.68532077308,109.804354912,113.09886273855,696.442773951832,113.771326480512,831.72211277421,155.638593666305,1222.97450007652,929.943340045661,1399.25856534948,740.769613560995,127.938765648268,109.041429159018,179.436617533363,797.755038353403,110.642460097524,157.164629551734,1986.4995353491,1115.76081657092,109.986478004797,117.835451904255,927.084254918869,1437.73128973655,114.233055571289,972.735024134273,632.153540965935,1056.14480067953
694.526323802309,112.395369126972,252.510820308096,131.50794769521,109.545646414218,109.818107140047,122.975540843102,109.980064999459,807.370131767192,110.09437931972,506.196905976621,929.943340045661,1037.14255041221,114.915792364621,111.068647043069,108.951186963016,114.02555822742,153.58858705999,108.144550025642,111.481872573723,579.714954008422,1115.76081657092,108.53969076298,109.961624789136,766.857833255385,1437.73128973655,109.101546400609,297.440628491433,132.96436903274,1056.14480067953
312.123539485888,107.357102752943,178.87319464252,109.331190054831,107.407156751653,108.864152574669,106.467572690611,109.435365643189,807.370131767192,108.922583556127,108.78216004632,601.930383538485,128.049381117707,109.289905520339,109.052235050484,108.675674705591,107.96583829855,113.128277369632,107.986367985674,101.182100514886,108.14259417109,442.569490036545,108.53969076298,108.744482611937,110.426684246476,1437.73128973655,108.580256876461,297.440628491433,109.974596787152,127.518383065481
110.074350233924,107.357102752943,109.985163449043,109.000527812073,106.320375291199,108.864152574669,106.467572690611,108.606745178939,807.370131767192,108.826476182967,108.764739790927,113.465138431287,107.201560415307,107.845581056537,108.324143208438,108.675674705591,107.192862841838,109.381414529369,107.838088518714,100.000394263852,108.14259417109,119.300482645348,107.049985861073,108.406847667695,106.174998574236,1437.59372330347,106.101602058494,114.082529502385,107.420674988995,109.009816341304
107.343142427888,107.357102752943,108.353375918164,108.17514496423,106.320375291199,105.729866481319,106.422315589581,105.67521533074,109.371358593188,105.849219210098,107.153086000914,108.779805690867,106.85694859603,105.999963535329,106.035793573199,108.44375974854,107.192862841838,107.482393612596,105.182765790532,100.000000004075,107.57346511216,107.078320720517,107.049985861073,104.005227281408,105.328529259302,1435.44834863646,106.101602058494,107.684043799491,107.420674988995,108.844180934244
105.983279746937,107.357102752943,106.259400265844,107.345050026821,106.320375291199,105.729866481319,106.422315589581,105.67521533074,108.037066616131,105.849219210098,107.153086000914,108.387459233758,106.85694859603,105.999963535329,106.035793573199,107.536942193053,107.192862841838,107.482393612596,105.182765790532,100,106.790044160213,100.00000030087,107.049985861073,104.005227281408,105.328529259302,1435.44834863646,106.101602058494,107.684043799491,107.420674988995,107.439956183638
100,105.720828652562,106.259400265844,107.345050026821,106.320375291199,105.729866481319,105.709524868215,105.548445663932,107.986404250717,105.849219210098,106.688863554946,106.682594951222,106.728264859575,105.999963535329,106.035793573199,105.155996020005,101.757155112866,107.482393612596,105.182765790532,100,106.308160863497,100,106.45602978218,100.165077494937,105.328529259302,1434.97407150683,106.101602058494,106.30124693344,100.000000000958,107.439956183638
100,105.720828652562,106.259400265844,106.137048247976,105.19027011536,105.729866481319,105.709524868215,105.548445663932,106.194415790116,105.849219210098,106.688863554946,105.661619882147,105.533497726024,105.999963535329,106.035793573199,100.000000000001,101.757155112866,105.916972968378,105.182765790532,100,106.308160863497,100,106.45602978218,100,105.328529259302,1434.97407150683,106.101602058494,105.276777051931,100,107.201418117685
100,105.720828652562,105.120392203932,105.996639494474,105.19027011536,105.729866481319,105.709524868215,105.548445663932,106.194415790116,105.849219210098,105.510690064209,105.661619882147,103.424537608062,105.999963535329,100,100,101.757155112866,105.916972968378,105.182765790532,100,106.235635502798,100,106.45602978218,100,105.328529259302,1434.85199908889,105.679654734447,100.621788028753,100,106.649622849422
100,105.720828652562,105.120392203932,105.996639494474,100,105.729866481319,105.709524868215,105.548445663932,104.87976309166,105.849219210098,105.510690064209,105.661619882147,103.424537608062,100.290164841816,100,100,100.069882528642,104.46146274969,105.182765790532,100,104.796634480355,100,106.245874974528,100,105.328529259302,1434.85199908889,105.679654734447,100.621788028753,100,105.863089459637
100,100.000000000442,105.120392203932,105.582152584255,100,104.092645379988,105.307987566937,105.44634561603,104.87976309166,100,104.704074962312,100.286376883042,103.424537608062,100.290164841816,100,100,100,104.46146274969,105.182765790532,100,104.796634480355,100,100.344439317795,100,104.37810484996,1434.85199908889,104.790218279978,100.621788028753,100,101.376630347354
