1229.05788192825,228.848995767396,551.13215480918,1291.68532077308,109.804354912,113.09886273855,696.442773951832,113.771326480512,831.72211277421,155.638593666305,1222.97450007652,929.943340045661,1399.25856534948,740.769613560995,127.938765648268,109.041429159018,179.436617533363,797.755038353403,110.642460097524,157.164629551734,1986.4995353491,1115.76081657092,109.986478004797,117.835451904255,927.084254918869,1437.73128973655,114.233055571289,972.735024134273,632.153540965935,1056.14480067953
312.123539485888,107.357102752943,252.510820308096,111.199841735475,109.03905374029,108.864152574669,109.582619493314,109.980064999459,807.370131767192,108.922583556127,118.800741004663,601.930383538485,1037.14255041221,110.726258226733,109.294095618894,108.951186963016,110.565741466687,147.877554517594,108.144550025642,107.646859192549,118.375899063403,442.569490036545,108.53969076298,109.864832584195,164.355537049943,1437.73128973655,108.580256876461,297.440628491433,109.974596787152,282.010688780143
167.382631380406,107.357102752943,114.039393135615,109.000527812073,107.407156751653,108.864152574669,106.467572690611,109.435365643189,807.370131767192,108.922583556127,108.764739790927,601.930383538485,107.201560415307,109.273456961046,108.324143208438,108.675674705591,107.96583829855,109.381414529369,107.986367985674,100.181540254869,108.14259417109,442.569490036545,107.049985861073,108.744482611937,106.174998574236,1437.73128973655,106.101602058494,297.440628491433,108.686464366991,109.579185968316
109.998988676244,107.357102752943,108.503893771697,108.17514496423,106.320375291199,108.647865256918,106.467572690611,108.606745178939,111.385149917482,105.849219210098,107.153086000914,109.940038023535,106.85694859603,107.735405846164,106.035793573199,108.44375974854,107.192862841838,107.482393612596,107.838088518714,100.000011370586,107.57346511216,107.078320720517,107.049985861073,104.005227281408,106.174998574236,1436.03641585258,106.101602058494,109.625154355774,107.420674988995,108.844180934244
105.983279746937,107.357102752943,106.259400265844,107.345050026821,106.320375291199,105.729866481319,106.422315589581,105.67521533074,108.037066616131,105.849219210098,107.153086000914,108.387459233758,106.85694859603,105.999963535329,106.035793573199,107.536942193053,107.192862841838,107.482393612596,105.182765790532,100,106.790044160213,100.00000030087,107.049985861073,104.005227281408,105.328529259302,1435.44834863646,106.101602058494,107.684043799491,107.420674988995,107.439956183638
100,105.720828652562,106.259400265844,107.345050026821,106.320375291199,105.729866481319,105.709524868215,105.548445663932,106.194415790116,105.849219210098,106.688863554946,105.661619882147,105.533497726024,105.999963535329,106.035793573199,105.155996020005,101.757155112866,107.331004992514,105.182765790532,100,106.308160863497,100,106.45602978218,100.000000000307,105.328529259302,1434.97407150683,106.101602058494,106.30124693344,100,107.439956183638
100,105.720828652562,106.259400265844,106.137048247976,105.19027011536,105.729866481319,105.709524868215,105.548445663932,106.194415790116,105.849219210098,106.688863554946,105.661619882147,105.533497726024,105.999963535329,100.00000000002,100,101.757155112866,105.916972968378,105.182765790532,100,106.235635502798,100,106.45602978218,100,105.328529259302,1434.97407150683,106.101602058494,105.276777051931,100,107.201418117685
100,105.720828652562,105.120392203932,105.996639494474,105.19027011536,105.729866481319,105.709524868215,105.548445663932,106.194415790116,105.849219210098,105.510690064209,105.661619882147,103.424537608062,105.999963535329,100,100,101.757155112866,105.916972968378,105.182765790532,100,106.235635502798,100,106.45602978218,100,105.328529259302,1434.85199908889,105.679654734447,100.621788028753,100,106.649622849422
100,105.720828652562,105.120392203932,105.996639494474,100,105.729866481319,105.709524868215,105.548445663932,104.87976309166,105.849219210098,105.510690064209,105.661619882147,103.424537608062,105.517790599569,100,100,101.757155112866,105.916972968378,105.182765790532,100,106.133189744817,100,106.45602978218,100,105.328529259302,1434.85199908889,105.679654734447,100.621788028753,100,106.482040809107
100,105.720828652562,105.120392203932,105.996639494474,100,105.729866481319,105.709524868215,105.548445663932,104.87976309166,105.849219210098,105.510690064209,105.661619882147,103.424537608062,100.290164841818,100,100,101.757155112866,105.916972968378,105.182765790532,100,106.133189744817,100,106.245874974528,100,105.328529259302,1434.85199908889,105.679654734447,100.621788028753,100,106.482040809107
100,105.720828652562,105.120392203932,105.996639494474,100,105.729866481319,105.709524868215,105.548445663932,104.87976309166,105.849219210098,105.510690064209,105.661619882147,103.424537608062,100.290164841816,100,100,100,104.46146274969,105.182765790532,100,104.796634480355,100,106.245874974528,100,104.79457000615,1434.85199908889,105.679654734447,100.621788028753,100,105.863089459637
100,104.21256655559,105.120392203932,105.996639494474,100,105.366956732343,105.709524868215,105.44634561603,104.87976309166,105.849219210098,105.510690064209,100.286376883042,103.424537608062,100.290164841816,100,100,100,104.46146274969,105.182765790532,100,104.796634480355,100,106.22626917548,100,104.79457000615,1434.85199908889,105.502565566804,100.621788028753,100,105.863089459637
100,104.21256655559,105.120392203932,105.582152584255,100,105.366956732343,105.709524868215,105.44634561603,104.87976309166,105.849219210098,104.704074962312,100.286376883042,103.424537608062,100.290164841816,100,100,100,104.46146274969,105.182765790532,100,104.796634480355,100,103.42041358723,100,104.79457000615,1434.85199908889,104.790218279978,100.621788028753,100,101.376630347354
100,100.000000000442,105.120392203932,105.582152584255,100,104.092645379988,105.307987566937,105.44634561603,104.87976309166,100,104.704074962312,100.286376883042,103.424537608062,100.290164841816,100,100,100,104.46146274969,105.182765790532,100,104.796634480355,100,100.344439317795,100,104.37810484996,1434.85199908889,104.790218279978,100.621788028753,100,101.376630347354
