597.301656470347,537.150445117136,522.599961399227,475.086067860824,427.092751078427,500.773846710841,524.378480984606,493.545467190926,452.631375549817,465.17353893598,474.691464317334,522.460901116948,541.767268319877,451.479877777777,515.955532917886,480.208836002075,476.978415923834,477.896426759358,508.042456487345,545.186726011433,398.623192645328,477.897083434612,481.802746521353,516.646350538401,576.97662335834,538.855345507569,482.268438771294,512.464337003141,551.121281140114,495.307255762791
452.772572510622,451.434353279054,457.836529982077,475.086067860824,427.092751078427,430.604957628233,524.378480984606,487.078935877845,452.631375549817,463.89601462582,474.691464317334,496.387329018853,531.578192415094,451.479877777777,443.553329453129,480.208836002075,476.978415923834,477.896426759358,508.042456487345,497.9503907235,398.623192645328,477.897083434612,455.247777504936,411.436021624548,487.500776874366,487.160906455604,482.268438771294,502.200397857321,468.025177698032,495.307255762791
452.772572510622,451.434353279054,445.463602815608,475.086067860824,427.092751078427,430.604957628233,417.75518705779,433.08965335933,438.593237615868,410.232769538387,451.766950098126,496.387329018853,490.658066442528,451.479877777777,443.553329453129,480.208836002075,476.978415923834,435.814598781225,508.042456487345,431.73117741983,398.623192645328,477.897083434612,455.247777504936,411.436021624548,487.500776874366,474.462649085104,482.268438771294,474.07362290995,447.053396914853,495.307255762791
452.772572510622,415.852452657617,445.463602815608,475.086067860824,427.092751078427,430.604957628233,417.75518705779,433.08965335933,438.593237615868,410.232769538387,451.766950098126,449.659496580027,490.658066442528,438.311579816614,435.464934439451,462.049087731077,387.127853316985,435.814598781225,500.609992671164,430.663643340266,398.623192645328,477.897083434612,455.247777504936,411.436021624548,438.41857005039,453.562225243554,445.617700721648,414.052405354951,447.053396914853,423.379525502844
452.772572510622,415.852452657617,445.463602815608,444.019472284717,427.092751078427,427.688253797993,417.75518705779,433.08965335933,410.79126431839,410.232769538387,448.0603232434,423.35133875216,449.650345190115,438.311579816614,435.464934439451,462.049087731077,387.127853316985,435.814598781225,443.192019381405,430.663643340266,398.623192645328,399.621648893081,424.142143179089,399.501734758323,432.645853024696,445.982745068745,445.617700721648,384.723591978431,447.053396914853,402.914811461307
433.628882418704,415.852452657617,408.325400981661,382.347022635905,422.117730281781,427.688253797993,417.75518705779,433.08965335933,407.714583336087,410.232769538387,421.351448044034,402.560379731456,425.802762250371,438.052903348211,435.464934439451,451.91661573625,387.127853316985,426.155524068231,437.043904759321,430.663643340266,398.623192645328,399.621648893081,399.566670190978,399.501734758323,432.645853024696,426.946839508316,432.572322463599,384.723591978431,422.210669955524,402.914811461307
418.905611330009,415.852452657617,406.326993830232,382.347022635905,411.870119951674,415.040285679552,417.75518705779,433.08965335933,405.367384440146,410.232769538387,413.08490684927,394.67546177386,425.802762250371,419.356436151391,435.464934439451,437.736504993047,387.127853316985,408.969349379162,436.447923111718,390.49509014052,398.623192645328,399.621648893081,399.566670190978,399.501734758323,418.023617811947,420.434515959519,432.572322463599,384.723591978431,422.210669955524,402.914811461307
418.905611330009,415.852452657617,406.326993830232,382.347022635905,411.870119951674,415.040285679552,408.597704454211,399.046985967262,405.367384440146,384.561279336758,413.08490684927,394.67546177386,416.872982143879,405.769632458318,433.768416425364,437.736504993047,387.127853316985,408.969349379162,436.447923111718,390.49509014052,398.623192645328,399.621648893081,399.566670190978,399.501734758323,418.023617811947,420.434515959519,409.434616348854,384.723591978431,383.088690712686,402.914811461307
418.905611330009,415.852452657617,406.326993830232,382.347022635905,399.836815153147,415.040285679552,408.597704454211,399.046985967262,405.367384440146,384.561279336758,413.08490684927,394.67546177386,367.707979606556,405.769632458318,399.674571509473,428.923582860841,375.995686586186,408.969349379162,415.583976334395,390.49509014052,398.257357748674,398.990269919295,399.566670190978,399.501734758323,418.023617811947,420.434515959519,409.434616348854,384.723591978431,383.088690712686,402.914811461307
418.905611330009,415.852452657617,406.326993830232,372.111586504821,399.836815153147,415.040285679552,408.597704454211,399.046985967262,405.367384440146,384.561279336758,406.960539689837,394.67546177386,367.707979606556,405.769632458318,399.674571509473,401.227268052717,375.995686586186,408.969349379162,415.583976334395,390.49509014052,398.257357748674,387.476938863546,399.566670190978,399.501734758323,418.023617811947,420.434515959519,409.434616348854,384.723591978431,383.088690712686,402.914811461307
418.905611330009,415.852452657617,399.893604565804,372.111586504821,399.836815153147,415.040285679552,408.597704454211,399.046985967262,405.367384440146,384.561279336758,406.960539689837,394.67546177386,367.707979606556,405.769632458318,399.674571509473,401.227268052717,375.995686586186,408.969349379162,369.123684497352,390.49509014052,398.257357748674,387.476938863546,399.566670190978,399.501734758323,405.12697142253,401.270253763877,405.097624446396,384.723591978431,383.088690712686,402.914811461307
418.905611330009,415.852452657617,399.893604565804,372.111586504821,399.836815153147,415.040285679552,408.597704454211,399.046985967262,405.367384440146,384.561279336758,406.960539689837,394.67546177386,367.707979606556,405.769632458318,383.009356885934,391.845600883681,375.995686586186,408.969349379162,369.123684497352,390.49509014052,398.257357748674,387.476938863546,399.566670190978,399.501734758323,405.12697142253,401.270253763877,390.793937378677,384.723591978431,383.088690712686,402.914811461307
418.905611330009,415.852452657617,399.893604565804,372.111586504821,399.836815153147,415.040285679552,407.662364058959,399.046985967262,384.586756068161,384.561279336758,406.960539689837,394.67546177386,367.707979606556,405.769632458318,383.009356885934,391.845600883681,375.995686586186,408.969349379162,369.123684497352,390.49509014052,398.257357748674,387.476938863546,399.566670190978,399.501734758323,405.12697142253,401.270253763877,390.793937378677,384.723591978431,383.088690712686,402.914811461307
374.140580442643,415.852452657617,399.893604565804,372.111586504821,399.836815153147,415.040285679552,407.662364058959,399.046985967262,384.586756068161,384.561279336758,406.960539689837,394.67546177386,367.707979606556,405.769632458318,383.009356885934,391.845600883681,375.995686586186,408.969349379162,369.123684497352,390.49509014052,398.257357748674,387.476938863546,399.566670190978,399.501734758323,405.12697142253,401.270253763877,329.90022016765,384.723591978431,383.088690712686,402.914811461307
