847.147364552589,907.658764150999,706.244081191799,606.971291208245,772.352335385605,681.305234707137,2029.38068455035,670.55866113781,705.400690200655,710.948844955608,1172.99237441826,464.27427760433,721.73894358856,794.596913606199,500.979518672597,1607.01750077077,940.399273192533,859.281449408788,744.519675641762,710.267098239533,531.564047183441,687.834494225284,1412.72694601343,742.256823707967,936.99127706907,589.295411719905,649.338079753412,560.065777066618,552.933001823884,577.789225470538
739.077577334303,709.063762857419,574.154156765568,566.898229148901,772.352335385605,522.134981483175,1081.76360703851,495.424835763789,469.347551867817,710.948844955608,916.553379055472,464.27427760433,605.59443558279,794.596913606199,500.979518672597,1437.07364843644,456.304234319503,697.903548642539,744.519675641762,710.267098239533,495.934428352494,587.371578633781,644.903925929661,718.833359167912,653.888966420318,589.295411719905,649.338079753412,539.289663627731,552.933001823884,577.789225470538
724.122155101088,607.358774431863,574.154156765568,566.898229148901,668.982478141627,522.134981483175,892.567986941937,495.424835763789,469.347551867817,710.948844955608,915.874939197448,464.27427760433,605.59443558279,541.450401866278,500.979518672597,827.221437826092,456.304234319503,629.625284823348,682.138818414407,598.973354557026,438.442043286171,587.371578633781,643.952771316167,718.833359167912,538.314681154899,589.295411719905,649.338079753412,467.515279481387,552.933001823884,568.196218162011
623.118817061965,607.358774431863,556.261494754026,543.729497228588,515.413750105619,514.27854223773,625.904062006112,495.424835763789,469.347551867817,623.835614081308,500.796442544266,464.27427760433,605.59443558279,541.450401866278,500.979518672597,567.764740355357,456.304234319503,513.722870112109,530.405549822421,574.541276506151,409.397361529895,543.040410508017,590.280255776656,718.833359167912,538.314681154899,589.295411719905,649.338079753412,467.515279481387,552.933001823884,568.196218162011
523.125930935444,538.007917660395,556.261494754026,543.729497228588,471.723647165652,514.27854223773,625.904062006112,495.424835763789,469.347551867817,623.835614081308,500.796442544266,464.27427760433,605.59443558279,497.922489739964,500.979518672597,509.039351666903,456.304234319503,445.570189330826,530.405549822421,436.593112596071,409.397361529895,543.040410508017,530.536088839435,641.442037351355,538.314681154899,570.36262008665,439.349077996306,467.515279481387,552.933001823884,434.257757942372
451.746711199161,538.007917660395,488.191622509677,543.729497228588,471.723647165652,514.27854223773,520.720637113724,423.539143855121,469.347551867817,623.835614081308,449.356866315501,464.27427760433,564.867398639569,463.336291375044,500.979518672597,425.221747509049,456.304234319503,445.570189330826,454.507515983658,436.593112596071,409.397361529895,443.646946594424,530.536088839435,586.446197364533,538.314681154899,570.36262008665,439.349077996306,467.515279481387,496.549999112586,434.257757942372
451.746711199161,462.619058861144,488.191622509677,456.459780298989,469.124033824928,494.434113538522,474.257813641371,423.539143855121,469.347551867817,454.326434364328,449.356866315501,464.27427760433,542.315354393749,425.431861975841,464.704834799322,425.221747509049,456.304234319503,445.570189330826,454.507515983658,436.593112596071,409.397361529895,443.646946594424,530.536088839435,523.271335395878,525.85174624254,491.478621493241,439.349077996306,467.515279481387,461.198878936757,417.817701226166
451.746711199161,462.619058861144,488.191622509677,456.459780298989,469.124033824928,401.653126351881,474.257813641371,423.539143855121,469.347551867817,454.326434364328,449.356866315501,464.27427760433,473.488881756773,425.431861975841,415.280347297853,425.221747509049,456.304234319503,445.570189330826,454.507515983658,436.593112596071,409.397361529895,443.646946594424,530.536088839435,523.271335395878,442.225796332799,491.478621493241,439.349077996306,467.515279481387,461.198878936757,417.817701226166
451.746711199161,462.619058861144,453.701230241937,436.163169120013,464.829800574695,401.653126351881,437.53557624112,423.539143855121,445.486551190119,454.326434364328,449.356866315501,464.27427760433,473.488881756773,425.431861975841,415.280347297853,425.221747509049,456.304234319503,441.103301956457,454.507515983658,436.593112596071,409.397361529895,437.736943544498,448.957971919049,475.032264560587,442.225796332799,491.478621493241,439.349077996306,448.879060809708,461.198878936757,417.817701226166
444.689320715372,462.619058861144,453.701230241937,436.163169120013,433.96763077873,401.653126351881,437.53557624112,423.539143855121,445.486551190119,442.423248896578,449.356866315501,464.27427760433,454.26840104644,425.431861975841,415.280347297853,425.221747509049,392.132339462889,441.103301956457,454.507515983658,436.593112596071,409.397361529895,437.736943544498,448.409674327428,455.241826470601,442.225796332799,403.471781469763,439.349077996306,448.879060809708,461.198878936757,417.817701226166
440.329625849829,424.418265753901,407.725174285351,436.163169120013,433.96763077873,401.653126351881,437.53557624112,369.570719658223,445.486551190119,433.196153178153,449.356866315501,448.431202782435,418.776963875075,425.431861975841,415.280347297853,425.221747509049,392.132339462889,441.103301956457,454.507515983658,436.593112596071,409.397361529895,433.206159765561,383.069569287824,455.009408040411,442.225796332799,403.471781469763,439.349077996306,448.879060809708,461.198878936757,406.514262205078
404.481598372768,424.418265753901,407.725174285351,436.163169120013,418.525748882371,401.653126351881,396.964507167673,369.570719658223,443.032088699912,377.110673955877,449.356866315501,426.914164501537,418.776963875075,425.431861975841,415.280347297853,425.221747509049,385.342809032493,437.47861500862,454.507515983658,436.593112596071,409.397361529895,433.206159765561,383.069569287824,417.714681596836,442.225796332799,403.086738973968,424.232372772099,433.153364425128,448.434364935192,406.514262205078
404.481598372768,424.418265753901,407.725174285351,436.163169120013,406.517805184418,401.653126351881,395.911394086225,369.570719658223,432.634202914633,377.110673955877,428.27802424375,426.914164501537,418.776963875075,416.169188945923,415.280347297853,423.385767600841,385.342809032493,425.883214524462,405.702836235474,436.593112596071,409.397361529895,433.206159765561,383.069569287824,417.714681596836,404.823394437062,403.086738973968,424.232372772099,419.121000114649,428.851888916019,406.514262205078
396.951669409409,424.418265753901,407.725174285351,417.738704150051,406.517805184418,401.653126351881,395.911394086225,369.570719658223,432.634202914633,377.110673955877,428.27802424375,417.6820722017,401.894961645061,416.169188945923,415.280347297853,422.604348409842,385.342809032493,425.883214524462,405.702836235474,399.844164931229,391.03607770337,421.645894633956,383.069569287824,417.714681596836,393.317735056889,403.086738973968,423.484285247391,419.121000114649,428.851888916019,406.514262205078
396.951669409409,420.956332670036,406.896386002126,403.47311394692,402.115026484076,401.653126351881,395.911394086225,369.570719658223,418.251775330892,377.110673955877,411.455293692159,398.709308656761,401.894961645061,382.324886230183,415.280347297853,380.870691581529,385.342809032493,415.327639085993,405.702836235474,399.844164931229,391.03607770337,421.645894633956,382.884658950589,408.551840460645,393.317735056889,403.086738973968,414.235225602195,416.408932531731,403.233292103145,392.519679585669
396.951669409409,410.687352705244,402.025486218306,403.47311394692,402.115026484076,401.653126351881,395.911394086225,369.570719658223,389.21356723875,377.110673955877,411.455293692159,398.709308656761,401.894961645061,382.324886230183,415.280347297853,380.870691581529,385.342809032493,410.700286846143,374.402231778041,399.844164931229,347.673978731017,404.430705147212,382.884658950589,398.306983464063,393.317735056889,401.841861531699,414.235225602195,398.372539814662,401.042344437631,392.519679585669
