669.601304900085,582.419325643551,1078.24299416212,512.875558660689,685.367027849049,751.76542345178,501.145593876516,1035.13640316365,642.056488109848,590.668651071499,650.795254733543,915.706008556889,494.37132391448,502.104383644075,662.707248314871,993.984449121023,1111.59351717938,922.340968394693,586.248415518143,572.899651999646,680.66743762044,1218.29184535817,593.249056368008,495.813755383471,791.689250962378,608.519837361287,1406.62981540286,740.606477221165,694.921748555926,674.36172405715
669.601304900085,582.419325643551,1070.62009750691,512.875558660689,652.802080144969,696.879106253774,471.485269972275,1034.73748165316,642.056488109848,579.932959494347,650.795254733543,700.197018227525,494.37132391448,502.104383644075,537.26958230079,593.110280324363,1111.59351717938,921.944522117546,586.248415518143,572.899651999646,578.425949278193,861.497435446822,593.249056368008,495.813755383471,495.720195023693,608.519837361287,818.624005560945,740.606477221165,551.20705135538,674.36172405715
669.601304900085,582.419325643551,630.844627287701,512.875558660689,547.260577257077,511.828461830492,471.485269972275,522.922197189775,642.056488109848,579.932959494347,502.675824432084,609.517767981186,494.37132391448,502.104383644075,501.796292327198,503.576724617822,919.436104594245,665.425576259755,586.248415518143,572.899651999646,424.83351069039,541.736345846421,593.249056368008,495.813755383471,372.112247392206,604.891888011089,693.87748799015,656.812109113822,551.20705135538,674.36172405715
530.209519169115,582.419325643551,527.184598862194,468.240104171625,547.260577257077,511.005641102993,471.485269972275,522.922197189775,524.31945703627,556.515909009466,465.866122623092,477.995083720649,494.37132391448,502.104383644075,501.796292327198,503.576724617822,502.926070177758,662.956381584656,586.248415518143,572.899651999646,424.83351069039,541.736345846421,593.249056368008,495.813755383471,372.112247392206,576.92979830324,473.78748476621,529.226772574457,522.344048141731,674.36172405715
530.209519169115,582.419325643551,527.184598862194,468.240104171625,383.521575690096,511.005641102993,471.485269972275,522.922197189775,524.31945703627,556.515909009466,465.866122623092,477.995083720649,494.37132391448,502.104383644075,484.956241879859,503.576724617822,502.926070177758,662.956381584656,586.248415518143,572.899651999646,424.83351069039,541.736345846421,567.106896774566,495.813755383471,372.112247392206,576.92979830324,473.78748476621,529.226772574457,522.344048141731,597.342729921473
530.209519169115,556.962020719944,527.184598862194,468.240104171625,383.521575690096,460.650839437145,471.485269972275,522.922197189775,477.148682188334,501.70112132233,465.866122623092,477.995083720649,494.37132391448,502.104383644075,484.956241879859,503.576724617822,502.926070177758,516.284635917274,537.353922967544,572.899651999646,424.83351069039,339.563487423005,567.106896774566,495.813755383471,372.112247392206,576.92979830324,473.78748476621,529.226772574457,519.080534473368,597.342729921473
530.209519169115,491.784585276409,527.184598862194,344.211425560296,383.521575690096,460.650839437145,284.989356569163,491.002183357899,477.148682188334,501.70112132233,465.866122623092,477.995083720649,494.37132391448,458.351767201705,484.956241879859,442.462506144507,502.926070177758,516.284635917274,537.353922967544,552.095695304309,424.83351069039,339.563487423005,567.106896774566,495.813755383471,372.112247392206,576.92979830324,463.302862442013,529.226772574457,484.755648097424,496.988636064526
363.513342146456,461.116272004411,478.714439012391,344.211425560296,383.521575690096,460.650839437145,284.989356569163,491.002183357899,477.148682188334,501.70112132233,465.866122623092,477.995083720649,459.337184150707,458.351767201705,484.956241879859,442.462506144507,502.926070177758,469.954263840356,466.024777457605,428.197857698191,414.83506809353,339.563487423005,522.05493222014,383.4467849961,372.112247392206,323.120576937184,463.302862442013,529.226772574457,423.88299691752,496.988636064526
363.513342146456,461.116272004411,420.623555441683,344.211425560296,383.521575690096,460.650839437145,284.989356569163,222.133415256672,473.376777507298,494.465265576663,441.684480894398,477.995083720649,459.337184150707,458.351767201705,449.179107259989,442.462506144507,443.621804273615,342.256177581605,210.055360417233,428.197857698191,414.83506809353,339.563487423005,501.389994496541,383.4467849961,372.112247392206,323.120576937184,453.600670166523,529.226772574457,423.88299691752,496.988636064526
363.513342146456,461.116272004411,333.058713331356,344.211425560296,383.521575690096,425.197909089532,284.989356569163,206.687097118543,473.376777507298,441.017690159805,441.684480894398,345.70259140115,459.337184150707,404.383220439232,134.635443840967,442.462506144507,443.621804273615,342.256177581605,206.769474606523,121.842359520702,414.83506809353,339.563487423005,383.059204747197,383.4467849961,372.112247392206,323.120576937184,453.600670166523,451.862245730799,218.883618053104,435.809942653057
209.014156009939,422.298129991473,333.058713331356,167.765955689273,383.521575690096,408.884625983269,284.989356569163,206.687097118543,473.376777507298,381.439720754891,441.684480894398,345.70259140115,208.259407460564,372.428690532119,100.000000331519,442.462506144507,109.477993119567,342.256177581605,205.528447123366,121.842359520702,379.198145481113,339.563487423005,369.695179356308,383.4467849961,171.445553367766,323.120576937184,453.600670166523,334.602794971002,207.874647190224,380.190747003157
208.86910417359,135.600013946849,333.058713331356,167.765955689273,376.910797651749,394.914534791838,207.173306488145,205.907853719762,473.376777507298,205.562750023696,441.684480894398,345.70259140115,200.407408011569,372.428690532119,100,326.030855208688,100.000000000004,216.469955394921,205.528447123366,121.842359520702,379.198145481113,286.58181602494,369.695179356308,383.4467849961,171.445553367766,323.120576937184,424.894214796459,334.602794971002,205.882005293419,380.190747003157
206.425002348044,135.600013946849,134.64090962789,100.000457358954,100.009367245528,208.500906716906,206.772777492182,205.484927402469,449.552843838614,205.562750023696,271.548206574931,321.924802103451,200.407401752444,207.357116512253,100,207.26919674185,100,216.469955394921,205.528447123366,121.842359520702,267.327951449407,100,369.695179356308,383.4467849961,171.445553367766,323.120576937184,208.496921536456,207.23669966511,205.882005293419,209.215215633905
200.000000007899,135.600013946849,134.64090962789,100,100,205.953597440784,200,205.484927402469,200,205.562750023696,182.22124365421,269.728494580488,200.407401752444,206.712002245748,100,204.955490796068,100,122.165338968846,203.936737697456,121.842359520702,252.662774651634,100,268.048852084884,200,171.445553367766,232.813467289375,200,205.715996447319,202.22040908975,206.450505915209
200,135.600013946849,134.64090962789,100,100,205.953597440784,200,205.484927402469,200,205.562750023696,182.22124365421,206.780929205268,200.407401752444,204.659032993553,100,204.955490796068,100,122.165338968846,203.936737697456,121.842359520702,252.662774651634,100,146.367380094096,200,171.445553367766,232.813467289375,200,204.329826719846,202.22040908975,205.303852447472
200,135.600013946849,134.64090962789,100,100,203.033072875467,200,200,200,205.562750023696,182.22124365421,200,200.407401752444,204.659032993553,100,200,100,122.165338968846,200,121.842359520702,252.662774651634,100,146.367380094096,200,171.445553367766,207.073965081931,200,200,202.22040908975,205.303852447472
