530.209519169115,556.962020719944,527.184598862194,468.240104171625,383.521575690096,460.650839437145,471.485269972275,522.922197189775,477.148682188334,501.70112132233,465.866122623092,477.995083720649,494.37132391448,502.104383644075,484.956241879859,503.576724617822,502.926070177758,516.284635917274,537.353922967544,572.899651999646,424.83351069039,339.563487423005,567.106896774566,495.813755383471,372.112247392206,576.92979830324,473.78748476621,529.226772574457,519.080534473368,597.342729921473
363.513342146456,491.784585276409,478.714439012391,344.211425560296,383.521575690096,460.650839437145,284.989356569163,491.002183357899,477.148682188334,501.70112132233,465.866122623092,477.995083720649,494.37132391448,458.351767201705,484.956241879859,442.462506144507,502.926070177758,516.284635917274,474.367414366935,428.197857698191,424.83351069039,339.563487423005,522.05493222014,490.460023541586,372.112247392206,576.92979830324,463.302862442013,529.226772574457,484.755648097424,496.988636064526
363.513342146456,461.116272004411,478.714439012391,344.211425560296,383.521575690096,460.650839437145,284.989356569163,440.928203104286,473.376777507298,494.465265576663,465.866122623092,477.995083720649,459.337184150707,458.351767201705,484.956241879859,442.462506144507,502.926070177758,342.256177581605,466.024777457605,428.197857698191,414.83506809353,339.563487423005,522.05493222014,383.4467849961,372.112247392206,323.120576937184,463.302862442013,529.226772574457,423.88299691752,496.988636064526
363.513342146456,461.116272004411,420.623555441683,344.211425560296,383.521575690096,460.650839437145,284.989356569163,210.586696580802,473.376777507298,441.017690159805,441.684480894398,405.959069643473,459.337184150707,458.351767201705,252.099246018873,442.462506144507,443.621804273615,342.256177581605,206.769474606523,428.197857698191,414.83506809353,339.563487423005,446.616727925007,383.4467849961,372.112247392206,323.120576937184,453.600670166523,498.953580654585,423.88299691752,496.988636064526
209.014156009939,422.298129991473,333.058713331356,167.765955689273,383.521575690096,408.884625983269,284.989356569163,206.687097118543,473.376777507298,381.439720754891,441.684480894398,345.70259140115,208.259407460564,372.428690532119,100.000000331519,442.462506144507,109.477993119567,342.256177581605,205.528447123366,121.842359520702,379.198145481113,339.563487423005,369.695179356308,383.4467849961,171.445553367766,323.120576937184,453.600670166523,334.602794971002,207.874647190224,380.190747003157
207.091320159387,135.600013946849,333.058713331356,167.765955689273,376.910797651749,208.500906716906,206.772777492182,205.907853719762,449.552843838614,205.562750023696,271.548206574931,345.70259140115,200.407401752444,207.597295749966,100,208.003848282779,100,216.469955394921,205.528447123366,121.842359520702,379.198145481113,100.000944850335,369.695179356308,383.4467849961,171.445553367766,323.120576937184,283.493310964434,207.23669966511,205.882005293419,380.190747003157
206.425002348044,135.600013946849,134.64090962789,100,100.000000000002,207.095222206896,206.772777492182,205.484927402469,416.657152159376,205.562750023696,271.548206574931,321.924802103451,200.407401752444,206.712002245748,100,205.156034811246,100,216.469955394921,205.075751182279,121.842359520702,267.327951449407,100,268.048852084884,207.948900377438,171.445553367766,232.813467289375,200.000000000005,205.715996447319,203.257643740743,206.450505915209
200.0000000031,135.600013946849,134.64090962789,100,100,205.953597440784,200,205.484927402469,200,205.562750023696,182.22124365421,269.728494580488,200.407401752444,206.712002245748,100,204.955490796068,100,122.165338968846,203.936737697456,121.842359520702,252.662774651634,100,268.048852084884,200,171.445553367766,232.813467289375,200,205.715996447319,202.22040908975,206.450505915209
200,135.600013946849,134.64090962789,100,100,205.953597440784,200,205.484927402469,200,205.562750023696,182.22124365421,207.284473151914,200.407401752444,205.625973900974,100,204.955490796068,100,122.165338968846,203.936737697456,121.842359520702,252.662774651634,100,268.048852084884,200,171.445553367766,232.813467289375,200,204.329826719846,202.22040908975,206.450505915209
200,135.600013946849,134.64090962789,100,100,205.953597440784,200,205.484927402469,200,205.562750023696,182.22124365421,207.284473151914,200.407401752444,204.659032993553,100,204.955490796068,100,122.165338968846,203.936737697456,121.842359520702,252.662774651634,100,146.367380094096,200,171.445553367766,232.813467289375,200,204.329826719846,202.22040908975,205.303852447472
200,135.600013946849,134.64090962789,100,100,203.033072875467,200,205.484927402469,200,205.562750023696,182.22124365421,206.780929205268,200.407401752444,204.659032993553,100,204.955490796068,100,122.165338968846,200.000001062852,121.842359520702,252.662774651634,100,146.367380094096,200,171.445553367766,232.813467289375,200,204.329826719846,202.22040908975,205.303852447472
200,135.600013946849,134.64090962789,100,100,203.033072875467,200,205.484927402469,200,205.562750023696,182.22124365421,200.000000001643,200.407401752444,204.659032993553,100,204.955490796068,100,122.165338968846,200,121.842359520702,252.662774651634,100,146.367380094096,200,171.445553367766,232.813467289375,200,204.329826719846,202.22040908975,205.303852447472
200,135.600013946849,134.64090962789,100,100,203.033072875467,200,200,200,205.562750023696,182.22124365421,200,200.407401752444,204.659032993553,100,200,100,122.165338968846,200,121.842359520702,252.662774651634,100,146.367380094096,200,171.445553367766,232.813467289375,200,204.329826719846,202.22040908975,205.303852447472
200,135.600013946849,134.64090962789,100,100,203.033072875467,200,200,200,205.562750023696,182.22124365421,200,200.407401752444,204.659032993553,100,200,100,122.165338968846,200,121.842359520702,252.662774651634,100,146.367380094096,200,171.445553367766,207.073965081931,200,200,202.22040908975,205.303852447472
