4509.53720344906,2979.02128381405,2917.30292806692,1458.19038890461,4111.39091125869,6866.37039425955,952.404750532875,2793.58641228285,832.441819864713,1495.57940412872,2333.54865397286,1812.81034447001,1541.65021463468,2203.24390214816,1732.76746576854,2286.38221731074,6908.16858406729,1307.66316790088,1473.51881868155,3424.76619712516,1365.27372607244,1043.5225665007,993.594739046646,3930.90921347344,1663.04404990017,1262.11690267635,1560.85466840884,3343.60777719432,1703.34435265975,658.270020825065
2310.76059288733,2369.62131488353,823.079580800137,700.877961375011,2824.10700571282,3101.21678209973,952.404750532875,1353.19108256099,671.46367379403,1495.57940412872,1631.73646161762,1096.02153004561,1541.65021463468,1978.62131521145,911.304775529915,1180.24615369776,1188.69653241343,1085.08884103027,1195.40998109888,3424.76619712516,814.955586067084,1012.56741853904,937.261079000447,2208.85550799479,1663.04404990017,1025.16163419029,1394.7382606804,1545.19313318197,1703.34435265975,658.270020825065
1271.3737498835,657.589914907808,731.030288190321,700.877961375011,1237.97275098502,660.100431297249,881.298723865954,811.341649608751,671.46367379403,605.182169862856,1284.80513961123,613.424598546871,1017.70602882888,825.968172095947,702.215701012723,521.226515414785,618.386273665587,1052.00021875424,500.769067543443,1626.70084378237,814.955586067084,804.10823251408,491.991667848694,876.21050228507,1272.34546053633,757.584173981184,622.489868064753,1092.3321215625,1064.92596474346,658.270020825065
555.573995177893,512.144804435427,731.030288190321,700.877961375011,1064.43390386332,660.100431297249,757.796429451904,811.341649608751,663.38354548282,605.182169862856,863.522625681849,613.424598546871,745.363539102934,613.787670464541,688.080888590615,521.226515414785,517.126534051316,1052.00021875424,500.769067543443,1262.64868049958,814.955586067084,495.238436127956,455.680820221398,549.501422443869,728.164598419346,757.584173981184,518.72561578501,643.19557393466,652.895306651937,658.270020825065
488.193917745647,512.144804435427,731.030288190321,562.272758920635,652.675611830005,573.819527828528,757.796429451904,496.346566227583,524.815700834575,605.182169862856,488.26919134707,613.424598546871,700.439403005951,613.787670464541,688.080888590615,469.920716283669,467.126174281903,599.088466683127,490.111482368918,633.046020394213,814.955586067084,468.125480569907,450.008651733982,549.501422443869,662.921367503584,558.471489486262,478.980726736206,506.905655183988,652.895306651937,658.270020825065
458.446765506038,512.144804435427,486.763253816729,465.915139996407,592.43886093519,561.894714215155,757.796429451904,458.957931271443,524.815700834575,532.551559050009,455.893707439283,613.424598546871,700.439403005951,501.664272666474,661.36855730338,454.881934168016,450.332219315907,599.088466683127,457.640509415187,489.936633191664,480.498818134973,453.381035732974,448.745762257261,456.330482222922,551.055313613978,468.923216952817,465.956370652595,506.905655183988,652.895306651937,606.140105418262
450.889053436609,463.095122768608,449.310539528091,465.915139996407,466.212307215973,477.562197399078,757.796429451904,445.147681998465,462.526275052149,410.521358146919,451.001371420792,479.85820333171,700.439403005951,453.760517909929,661.36855730338,454.612587601891,445.417777487854,599.088466683127,443.597179104923,448.832286958959,470.886645587808,410.669250791748,446.2635928108,450.510957446307,451.093414234126,444.253322536746,451.501591207945,460.773967212003,476.714985628619,473.965115921953
450.889053436609,449.989845780434,447.071522152753,448.071117817546,466.212307215973,445.063349297891,525.880996109883,444.255545481002,398.04100495593,397.812186183701,446.906207028351,427.084021655619,549.503467749147,449.841454639096,449.85751456757,448.936019738233,444.411765670476,475.276488316164,443.597179104923,445.604059910573,463.618690847388,399.699891398868,444.448868250629,447.684842787223,444.86809662902,444.253322536746,448.8981725373,399.863770308054,448.164678724947,448.874157299327
428.596645938023,444.391643337001,444.586311200586,444.601572206105,466.212307215973,444.187633429262,100.607322532857,443.883959310104,397.789791421137,397.745714110577,446.198390166884,398.908471043123,414.148302305685,446.884222339528,444.22570532216,446.364407836415,444.128396926537,450.03489007222,443.597179104923,444.236772493275,447.676703167662,399.585022270888,444.125073141134,446.400919370581,444.108609506457,444.074379939857,446.514926349361,397.876804074083,444.305754745222,444.463598221561
397.751506910454,444.178187150691,444.059903148657,443.919053649239,401.547816306564,444.187633429262,100.104247439806,443.883959310104,397.789776477194,397.745670875791,446.198390166884,398.576453442711,414.148302305685,444.067205681808,444.199079979059,446.335724876645,444.128396926537,446.277604223575,443.597179104923,444.173806744566,444.150290223498,399.584967871679,444.125073141134,446.121708272025,443.8857673409,444.074379939857,446.123432646527,397.779128409207,444.16609680805,444.012456344886
397.742869469987,444.092445331718,444.059903148657,443.919053649239,399.584967872329,444.053388420538,100.065899712696,443.883959310104,397.789776477192,397.745670875791,445.953268924308,398.576453442711,414.148302305685,444.067205681808,444.009181877091,446.283795217274,444.128396926537,446.25483115992,443.597179104923,444.082386130848,444.150290223498,399.584967871679,444.036605991509,446.121708272025,443.8857673409,444.074379939857,446.123432646527,397.779127930599,444.078867300674,444.012456344886
397.742869469987,444.092445331718,443.679748883262,443.919053649239,399.584967871679,444.053388420538,100.065899712696,443.883959310104,397.789776477192,397.745670875791,445.953268924308,398.576453442711,414.148302305685,444.048209354889,444.009181877091,446.215233419749,444.018103342662,446.08042293576,443.597179104923,443.897998957125,443.935132797208,399.584967871679,444.003856544406,446.108978958122,443.863561494567,444.055203347065,446.078028895541,397.779127930599,444.007421886247,444.012456344886
397.742869469987,443.97159586005,443.679748883262,443.815047524689,399.584967871679,443.935298086537,100.065899712696,443.883959310104,397.789776477192,397.745670875791,445.953268924308,398.576453442711,414.148302305685,444.021113160967,443.972171685495,446.133704538813,443.951883273712,445.805466920212,443.597179104923,443.897998957125,443.882849140934,399.584967871679,444.003856544406,446.108978958122,443.863561494567,444.055203347065,446.078028895541,397.779127930599,443.96133477125,444.012456344886
397.742869469987,443.97159586005,443.679748883262,443.815047524689,399.584967871679,443.891821726902,100.063497835029,443.883959310104,397.789776477192,397.745670875791,445.953268924308,398.031960451111,414.148302305685,443.925259953237,443.972171685495,444.396563157487,443.876460154184,445.805466903118,443.597179104923,443.884943066503,443.882849140934,399.584967871679,444.003856544406,446.108978958122,443.8016633251,443.955398217333,445.824286422858,397.779127930599,443.857709444586,444.012456344886
397.742869469987,443.874702655034,443.679748883262,443.815047524689,399.584967871679,443.891821726902,100.063497835029,443.806578119728,397.789776477192,397.745670875791,445.953268924308,398.031960451111,414.148302305685,443.925259953237,443.972171685495,443.882446397064,443.876460154184,445.805466903118,443.597179104923,443.884943066503,443.882849140934,399.584967871679,397.745670875791,445.855295263523,443.8016633251,443.528890462099,445.824286422858,397.779127930599,443.629962981478,444.012456344886
397.742869469987,443.749681983577,443.664541125563,443.815047524689,399.584967871679,443.891821726902,100.063497835029,443.806578119728,397.789776477192,397.745670875791,445.953268924308,398.031960451111,398.65986158098,443.685716643206,443.882415603786,443.81388540573,443.876460154184,445.805466903118,443.597179104923,443.884943066503,443.831041913806,399.584967871679,397.745670875791,445.855295263523,443.8016633251,443.528890430724,445.824286422858,397.779127930599,443.629962981478,444.012456344886
