1004.7509344391,809.859348732739,1888.31587615854,1742.82175991808,1014.25813192446,1238.82962486927,1644.66395608801,1527.9105836999,969.769387415748,956.961500844635,1229.13017601253,2162.20781262869,238.789346211242,630.33592238127,1472.11256218954,1481.27236707323,805.478237737865,1680.33453057409,911.564852717368,1500.35820736538,1465.63801323578,1149.38111383842,1779.11076244295,1800.54925609111,1501.31799710528,1691.42890689454,938.127604084888,2149.66125584831,1440.18895568398,1369.0167636801
348.375034208669,809.859348732739,1710.70497640507,946.197104158647,797.112028999669,1238.82962486927,1562.20520307396,530.926202840572,969.769387415748,956.961500844635,565.507087520181,368.43602083146,200.322456903272,394.470754263856,1472.11256218954,1032.69062000468,737.003595340244,777.520230241606,911.564852717368,416.063016751909,1465.63801323578,1149.38111383842,355.688131712622,706.840458889483,1085.54829942019,1691.42890689454,758.17256857826,1684.96662661168,1434.08775334095,731.424772693379
300.299434137493,809.859348732739,834.232284437408,434.869341760243,225.004515331981,357.01077579778,1319.46292303985,306.285912796543,969.769387415748,314.621298941602,565.507087520181,202.710761746524,200.000475725984,302.596171113678,1472.11256218954,1032.69062000468,737.003595340244,662.021839303431,604.888907339111,300.358979566742,301.297080632427,1149.38111383842,300.607484553915,706.840458889483,1085.54829942019,324.12639880815,758.17256857826,654.348579839742,1258.54851566869,556.923461147281
300.000006191758,809.859348732739,834.232284437408,433.432252778346,200.009899113505,200.010531806134,666.095906365873,300.000600339661,969.769387415748,200.00369661559,565.507087520181,200.000732762166,200.000000010604,300.000063306619,1211.36095094804,1032.69062000468,230.839517160407,662.021839303431,571.16734173925,300.000011245982,200.002712438906,902.587230766069,300.000485639394,706.840458889483,364.831838571566,300.000726462089,758.17256857826,464.488955715506,908.230275289514,516.417027480559
300,682.187265807287,200.007736284242,433.432250137252,200,200.000000000001,558.115421926632,300,200.016626670023,200,565.507087520181,200,200,300,1211.36095094804,773.413701884045,200.000000003876,347.149355001261,300.066061878831,300,200.000000000001,872.776589715587,300,706.840458889483,353.517553543677,300,693.384895553553,464.488955715506,859.233262259977,516.417027480559
300,300,200,433.432250137252,200,200,476.704784074719,300,200,200,200.00000000004,200,200,300,223.272293273681,773.413701884045,200,347.149354998313,300,300,200,800.381231042726,300,678.808898026564,200,300,300.051323561992,372.888196480247,300,516.417027480559
300,300,200,433.432250137252,200,200,200,300,200,200,200,200,200,300,200,302.716329519388,200,347.149354998313,300,300,200,200,300,200.000190062732,200,300,300,300,300,200
300,300,200,433.432250137252,200,200,200,300,200,200,200,200,200,300,200,300,200,347.149354998313,300,300,200,200,300,200,200,300,300,300,300,200
300,300,200,433.432250137252,200,200,200,300,200,200,200,200,200,300,200,300,200,347.149354998313,300,300,200,200,300,200,200,300,300,300,300,200
300,300,200,433.432250137252,200,200,200,300,200,200,200,200,200,300,200,300,200,347.149354998313,300,300,200,200,300,200,200,300,300,300,300,200
300,300,200,433.432250137252,200,200,200,300,200,200,200,200,200,300,200,300,200,347.149354998313,300,300,200,200,300,200,200,300,300,300,300,200
300,300,200,433.432250137252,200,200,200,300,200,200,200,200,200,300,200,300,200,347.149354998313,300,300,200,200,300,200,200,300,300,300,300,200
300,300,200,433.432250137252,200,200,200,300,200,200,200,200,200,300,200,300,200,347.149354998313,300,300,200,200,300,200,200,300,300,300,300,200
300,300,200,433.432250137252,200,200,200,300,200,200,200,200,200,300,200,300,200,347.149354998313,300,300,200,200,300,200,200,300,300,300,300,200
