864.866867740749,858.400994112987,560.616839055974,1524.76057994086,721.383152523199,820.569054933952,1018.7505429682,995.544989258259,962.569036606818,545.317719521285,697.643602268702,807.773058128145,549.349239428282,1706.50075419567,1025.61409996452,683.693732420935,1458.95869319263,1246.0465580686,1554.86555158847,1066.61972094195,880.013134636888,887.53110255527,1340.09967276712,1037.69070479833,1301.34809199772,732.329242985473,850.745381759969,864.960543581405,772.089849838348,800.786245555691
801.464927940802,858.400994112987,560.616839055974,1368.5782703837,701.761319456915,569.326953811845,675.032771234774,881.919328732194,598.809900971088,545.317719521285,697.643602268702,776.910529659987,549.349239428282,1000.71317340512,798.009061802918,615.015566707757,1458.95869319263,730.553905520646,896.980857111205,845.621798159125,717.43138761181,605.226738710402,575.969562427616,990.752127667607,852.022225833431,732.329242985473,631.22987374441,864.960543581405,772.089849838348,800.786245555691
801.464927940802,734.206871471727,560.616839055974,616.034471027834,701.761319456915,569.326953811845,675.032771234774,737.387851350498,598.809900971088,545.317719521285,697.643602268702,696.384690569778,549.349239428282,700.55194075877,675.435460273101,615.015566707757,948.422636751261,730.553905520646,895.335236248851,803.500390159416,542.671428071971,605.226738710402,575.969562427616,990.752127667607,678.071261856796,732.329242985473,631.22987374441,689.843520872413,772.089849838348,800.786245555691
801.464927940802,734.206871471727,560.616839055974,562.454038948285,701.761319456915,569.326953811845,675.032771234774,701.78804617181,598.809900971088,545.317719521285,697.643602268702,684.246127155077,549.349239428282,700.55194075877,675.435460273101,615.015566707757,740.005601296306,729.827021892685,895.335236248851,681.249095333926,542.671428071971,605.226738710402,575.969562427616,778.29468018944,678.071261856796,660.237038363675,586.638562294933,689.843520872413,673.581689985168,714.719644946211
695.991123238802,719.375598208496,560.616839055974,562.454038948285,502.704771989379,569.326953811845,596.747371959947,535.693061231638,598.809900971088,545.317719521285,692.383648266913,684.246127155077,531.447175056418,700.55194075877,629.580375838027,615.015566707757,740.005601296306,675.835266889219,819.06569663875,665.911739413108,542.671428071971,605.226738710402,575.969562427616,778.29468018944,678.071261856796,459.761378525813,586.638562294933,565.453361836537,597.006792473352,684.502504118297
695.991123238802,719.375598208496,560.616839055974,562.454038948285,502.704771989379,525.247010294521,596.747371959947,535.693061231638,572.168221830842,545.317719521285,692.383648266913,635.320036696769,531.447175056418,690.568948068567,620.039315360274,615.015566707757,740.005601296306,645.034960553337,543.440404617937,610.037696088528,542.671428071971,590.573302538532,503.423220048428,778.29468018944,653.963255989074,442.362653645102,586.638562294933,565.453361836537,597.006792473352,600.913436444343
576.90141097053,672.413314297865,560.616839055974,562.454038948285,502.704771989379,525.247010294521,596.747371959947,535.693061231638,572.168221830842,545.317719521285,669.571951099132,613.782626088434,531.447175056418,528.876016585954,471.159787936824,583.199910355302,520.146152128533,550.576557008148,543.440404617937,573.828246571549,538.666378267169,539.85324009038,503.423220048428,556.634208740049,567.277162811379,442.362653645102,506.872309794957,565.453361836537,597.006792473352,600.913436444343
527.211908856728,479.39688335348,560.616839055974,562.454038948285,502.704771989379,525.247010294521,510.989022074131,535.693061231638,572.168221830842,545.317719521285,582.809423075784,558.319750689784,531.447175056418,528.876016585954,471.159787936824,547.479844685666,520.146152128533,498.554373708144,543.440404617937,555.567847249453,538.666378267169,531.60742769628,503.423220048428,556.634208740049,473.687915182418,442.362653645102,506.872309794957,565.453361836537,534.921501711721,506.024550821812
527.211908856728,479.39688335348,560.616839055974,562.454038948285,502.704771989379,525.247010294521,510.989022074131,535.693061231638,572.168221830842,468.579026559819,582.809423075784,558.319750689784,531.447175056418,528.876016585954,471.159787936824,547.479844685666,520.146152128533,498.554373708144,488.987003273445,528.879115407265,538.666378267169,531.60742769628,503.423220048428,556.634208740049,473.687915182418,442.362653645102,506.872309794957,563.684921197189,534.921501711721,506.024550821812
500.613842877015,479.39688335348,540.046213690048,541.783830609493,502.704771989379,498.255264111886,510.989022074131,464.852570919231,572.168221830842,468.579026559819,582.809423075784,542.643797158129,531.447175056418,528.876016585954,471.159787936824,547.479844685666,520.146152128533,485.884097719708,473.494135692131,528.879115407265,538.666378267169,525.531972355453,503.423220048428,518.880515822643,473.687915182418,442.362653645102,497.036092572834,563.684921197189,534.921501711721,506.024550821812
500.613842877015,479.39688335348,503.995638983,477.924203897022,502.704771989379,498.255264111886,459.927860182519,464.852570919231,572.168221830842,468.579026559819,550.40989340835,510.010662637781,510.241937391121,478.578989564412,471.159787936824,547.479844685666,520.146152128533,485.884097719708,473.494135692131,528.879115407265,538.666378267169,500.080445754817,503.423220048428,499.554097926719,473.687915182418,442.362653645102,497.036092572834,563.684921197189,534.921501711721,506.024550821812
500.613842877015,472.795381014672,503.995638983,477.924203897022,502.704771989379,498.255264111886,459.927860182519,464.852570919231,529.567051311548,468.579026559819,507.786839418482,510.010662637781,502.638607718604,478.578989564412,471.159787936824,536.5826521779,504.486739329836,485.884097719708,454.642650875312,507.519264303188,496.440947698281,500.080445754817,503.423220048428,499.554097926719,473.687915182418,442.362653645102,497.036092572834,563.684921197189,498.15391412467,478.36680099766
464.712581351427,472.795381014672,503.995638983,477.924203897022,502.704771989379,498.255264111886,459.927860182519,432.884344818078,449.576591897114,465.227441872943,507.786839418482,510.010662637781,502.638607718604,478.578989564412,471.159787936824,483.627870407137,504.486739329836,485.884097719708,454.642650875312,477.802319199361,496.440947698281,500.080445754817,503.423220048428,499.554097926719,473.687915182418,442.362653645102,497.036092572834,557.265701862846,498.15391412467,478.36680099766
464.712581351427,436.091091617805,484.628202042366,477.924203897022,456.147524964876,498.255264111886,459.927860182519,432.884344818078,449.576591897114,465.227441872943,435.631744231642,459.228659928978,486.605389440025,478.578989564412,471.159787936824,480.356647008287,475.413755631535,478.524626956726,454.642650875312,477.802319199361,476.170502587324,458.474874104832,503.423220048428,492.30461045715,473.687915182418,442.362653645102,455.747545584879,470.190141690425,494.286089248436,469.699141772883
464.712581351427,436.091091617805,483.07238177732,477.924203897022,456.147524964876,495.939818584045,459.927860182519,432.884344818078,449.576591897114,465.227441872943,435.631744231642,459.228659928978,459.628660741005,478.578989564412,471.159787936824,449.822760379349,455.434037206897,478.524626956726,454.642650875312,471.675106269476,476.170502587324,429.939684817501,501.053502254602,454.087788993279,473.687915182418,442.362653645102,455.747545584879,470.190141690425,460.859874985907,469.699141772883
464.712581351427,436.091091617805,466.709416002095,477.924203897022,453.809024743723,459.457215473067,459.927860182519,432.884344818078,449.576591897114,424.991494160831,435.631744231642,459.228659928978,459.628660741005,458.741151507194,440.304728853691,449.822760379349,455.434037206897,428.712915143198,454.642650875312,443.383179592748,474.037876603651,429.939684817501,463.801056042105,454.087788993279,463.862999452654,442.362653645102,455.747545584879,450.672521094423,455.010091137311,429.351000752161
