695.991123238802,719.375598208496,560.616839055974,562.454038948285,502.704771989379,525.247010294521,596.747371959947,535.693061231638,572.168221830842,545.317719521285,692.383648266913,635.320036696769,531.447175056418,690.568948068567,620.039315360274,615.015566707757,740.005601296306,645.034960553337,543.440404617937,610.037696088528,542.671428071971,590.573302538532,503.423220048428,778.29468018944,653.963255989074,442.362653645102,586.638562294933,565.453361836537,597.006792473352,600.913436444343
552.097325219723,479.39688335348,560.616839055974,562.454038948285,502.704771989379,525.247010294521,579.830229276607,535.693061231638,572.168221830842,545.317719521285,669.571951099132,558.319750689784,531.447175056418,528.876016585954,471.159787936824,583.199910355302,520.146152128533,550.576557008148,543.440404617937,573.828246571549,538.666378267169,539.85324009038,503.423220048428,556.634208740049,541.091706590669,442.362653645102,506.872309794957,565.453361836537,564.416896607864,506.024550821812
527.211908856728,479.39688335348,560.616839055974,562.454038948285,502.704771989379,525.247010294521,510.989022074131,535.693061231638,572.168221830842,534.192241988963,582.809423075784,558.319750689784,531.447175056418,528.876016585954,471.159787936824,547.479844685666,520.146152128533,498.554373708144,543.440404617937,528.879115407265,538.666378267169,531.60742769628,503.423220048428,556.634208740049,473.687915182418,442.362653645102,506.872309794957,565.453361836537,534.921501711721,506.024550821812
527.211908856728,479.39688335348,560.616839055974,562.454038948285,502.704771989379,498.255264111886,510.989022074131,535.693061231638,572.168221830842,468.579026559819,582.809423075784,558.319750689784,531.447175056418,528.876016585954,471.159787936824,547.479844685666,520.146152128533,498.554373708144,488.987003273445,528.879115407265,538.666378267169,531.60742769628,503.423220048428,556.634208740049,473.687915182418,442.362653645102,506.872309794957,563.684921197189,534.921501711721,506.024550821812
500.613842877015,479.39688335348,503.995638983,477.924203897022,502.704771989379,498.255264111886,459.927860182519,464.852570919231,572.168221830842,468.579026559819,550.40989340835,510.010662637781,510.241937391121,478.578989564412,471.159787936824,547.479844685666,520.146152128533,485.884097719708,473.494135692131,528.879115407265,538.666378267169,500.080445754817,503.423220048428,499.554097926719,473.687915182418,442.362653645102,497.036092572834,563.684921197189,534.921501711721,506.024550821812
500.613842877015,472.795381014672,503.995638983,477.924203897022,502.704771989379,498.255264111886,459.927860182519,464.852570919231,529.567051311548,465.227441872943,507.786839418482,510.010662637781,502.638607718604,478.578989564412,471.159787936824,483.627870407137,504.486739329836,485.884097719708,454.642650875312,477.802319199361,496.440947698281,500.080445754817,503.423220048428,499.554097926719,473.687915182418,442.362653645102,497.036092572834,563.684921197189,498.15391412467,478.36680099766
464.712581351427,436.091091617805,502.783070997266,477.924203897022,456.147524964876,498.255264111886,459.927860182519,432.884344818078,449.576591897114,465.227441872943,507.786839418482,497.548282976296,502.638607718604,478.578989564412,471.159787936824,483.627870407137,475.413755631535,485.884097719708,454.642650875312,477.802319199361,480.764332581259,500.080445754817,503.423220048428,492.30461045715,473.687915182418,442.362653645102,497.036092572834,497.836968378176,498.15391412467,469.699141772883
464.712581351427,436.091091617805,484.628202042366,477.924203897022,456.147524964876,498.255264111886,459.927860182519,432.884344818078,449.576591897114,465.227441872943,435.631744231642,459.228659928978,486.605389440025,478.578989564412,471.159787936824,480.356647008287,475.413755631535,478.524626956726,454.642650875312,477.802319199361,476.170502587324,458.474874104832,503.423220048428,492.30461045715,473.687915182418,442.362653645102,455.747545584879,470.190141690425,494.286089248436,469.699141772883
464.712581351427,436.091091617805,484.628202042366,477.924203897022,456.147524964876,495.939818584045,459.927860182519,432.884344818078,449.576591897114,465.227441872943,435.631744231642,459.228659928978,486.605389440025,478.578989564412,471.159787936824,453.60815572852,467.089668295657,478.524626956726,454.642650875312,471.675106269476,476.170502587324,458.474874104832,503.423220048428,454.087788993279,473.687915182418,442.362653645102,455.747545584879,470.190141690425,494.286089248436,469.699141772883
464.712581351427,436.091091617805,483.07238177732,477.924203897022,456.147524964876,495.939818584045,459.927860182519,432.884344818078,449.576591897114,465.227441872943,435.631744231642,459.228659928978,459.628660741005,478.578989564412,471.159787936824,449.822760379349,455.434037206897,478.524626956726,454.642650875312,471.675106269476,476.170502587324,429.939684817501,503.423220048428,454.087788993279,473.687915182418,442.362653645102,455.747545584879,470.190141690425,460.859874985907,469.699141772883
464.712581351427,436.091091617805,483.07238177732,477.924203897022,456.147524964876,495.939818584045,459.927860182519,432.884344818078,449.576591897114,465.227441872943,435.631744231642,459.228659928978,459.628660741005,458.741151507194,440.304728853691,449.822760379349,455.434037206897,478.524626956726,454.642650875312,471.675106269476,476.170502587324,429.939684817501,463.801056042105,454.087788993279,473.687915182418,442.362653645102,455.747545584879,470.190141690425,460.859874985907,469.699141772883
464.712581351427,436.091091617805,483.07238177732,477.924203897022,453.809024743723,459.457215473067,459.927860182519,432.884344818078,449.576591897114,424.991494160831,435.631744231642,459.228659928978,459.628660741005,458.741151507194,440.304728853691,449.822760379349,455.434037206897,451.4300253441,454.642650875312,443.383179592748,474.485385126374,429.939684817501,463.801056042105,454.087788993279,473.687915182418,442.362653645102,455.747545584879,470.190141690425,460.859874985907,429.351000752161
464.712581351427,436.091091617805,483.07238177732,477.924203897022,453.809024743723,459.457215473067,459.927860182519,432.884344818078,449.576591897114,424.991494160831,435.631744231642,459.228659928978,459.628660741005,458.741151507194,440.304728853691,449.822760379349,455.434037206897,451.4300253441,454.642650875312,443.383179592748,474.037876603651,429.939684817501,463.801056042105,454.087788993279,473.687915182418,442.362653645102,455.747545584879,470.190141690425,455.744914908209,429.351000752161
464.712581351427,436.091091617805,466.709416002095,477.924203897022,453.809024743723,459.457215473067,459.927860182519,432.884344818078,449.576591897114,424.991494160831,435.631744231642,459.228659928978,459.628660741005,458.741151507194,440.304728853691,449.822760379349,455.434037206897,428.712915143198,454.642650875312,443.383179592748,474.037876603651,429.939684817501,463.801056042105,454.087788993279,463.862999452654,442.362653645102,455.747545584879,450.672521094423,455.010091137311,429.351000752161
