852.02936275544,1302.96238826487,1201.89406035886,1407.97170885785,2160.27854127487,1926.80421750081,1362.58322667525,2470.39371420969,1143.75354873375,1296.38081594132,1330.60883399926,2190.24275814161,1806.72098172751,2167.9164569427,1851.1238302359,2132.86288337023,1321.53598589743,1431.49729590065,2618.678123083,1198.82791180315,2804.48834378978,1911.30928080157,1512.79337303483,3487.36681992858,2105.7745509766,1272.43976841802,1237.88240917972,977.841657435106,2187.68570341531,1040.11639736265
839.144243379121,1302.96238826487,1201.89406035886,1302.83151625385,1883.96067561647,1401.83092957023,1167.50801551379,1443.77496114401,1120.92840960516,1129.89274611075,1330.60883399926,1510.46851124312,1273.28383236712,1385.0668922454,1851.1238302359,1261.09329292667,1136.7267869208,1431.49729590065,937.385272913768,1198.82791180315,1644.12717544647,1349.30834912234,1512.79337303483,1178.2332271681,1365.50551441014,1272.43976841802,982.534663117551,977.841657435106,1101.84685592812,1040.11639736265
839.144243379121,972.886365092053,1163.48367173222,1044.87995302551,1510.70937779285,1401.83092957023,968.658817280075,1144.38412428994,1093.29639342725,929.506982632726,1282.88190906288,932.553010484259,1170.23180212509,1178.32236090477,1393.88774589316,1261.09329292667,1136.7267869208,1145.11299124962,937.385272913768,1198.82791180315,1454.54990105947,1099.79346713859,1269.02303098443,1178.2332271681,1122.34336572971,803.763345792984,833.19414440418,880.856437893687,1101.84685592812,960.37769649444
839.144243379121,972.886365092053,975.347696193854,1044.87995302551,1191.52654180044,1391.87985405348,892.324672448689,1023.63491709527,1053.64167321628,729.338401305942,1282.88190906288,844.133573282353,1170.23180212509,1178.32236090477,1190.9691867906,1236.16400541058,682.311842233272,1145.11299124962,937.385272913768,1198.82791180315,1215.81160582965,1099.79346713859,1085.11354513729,1010.55841157714,949.211586571522,803.763345792984,684.266338304524,867.050178437957,1101.84685592812,960.37769649444
839.144243379121,972.886365092053,883.677644727159,878.195757899283,824.442442974369,1018.81099848619,892.324672448689,396.955904970891,1053.64167321628,729.338401305942,1255.21003247602,682.771756048236,755.375268512778,938.652560727849,1060.49147615296,1108.35669282115,682.311842233272,972.519249538087,710.42425658196,1013.28888375244,1013.88370176861,1099.79346713859,921.099215955878,1010.55841157714,920.57221607877,803.763345792984,452.710449355427,816.832330595219,1101.84685592812,782.547037642973
839.144243379121,972.886365092053,883.677644727159,740.690738393335,824.442442974369,1018.81099848619,892.324672448689,351.22173846358,841.464586650053,729.338401305942,915.595201159558,682.771756048236,743.801983585832,672.259637349707,1006.75723569394,920.830733658047,682.311842233272,972.068851118644,527.877186507397,1013.28888375244,788.705282080188,1041.383726458,921.099215955878,792.8031045934,920.57221607877,803.763345792984,351.400982541854,816.832330595219,920.270347199295,782.547037642973
839.144243379121,592.320107557934,812.458456460819,740.690738393335,800.971793400245,674.893904413934,689.777032636935,307.705942640611,773.602174735815,729.338401305942,766.187186200359,682.771756048236,699.881078751066,660.073637476853,951.021808116619,730.781480628445,682.311842233272,934.60890585627,519.340100508552,894.191459391145,788.705282080188,802.967525954848,626.663546993588,792.8031045934,920.57221607877,633.9055285106,311.973198961185,733.23505148536,920.270347199295,782.547037642973
799.536070263225,352.085298556069,812.458456460819,689.18729648552,800.971793400245,545.661481280161,689.777032636935,300.051426795907,663.044568992663,647.766001250911,711.1831695393,682.771756048236,677.279798862754,660.073637476853,726.379680409043,730.781480628445,659.547509849685,934.60890585627,519.340100508552,791.347676871731,498.872129763999,802.967525954848,626.663546993588,792.8031045934,910.383233401986,633.9055285106,300.194205211143,695.804645903967,639.018994723601,657.762803938566
768.374850894708,300.359400229345,744.730219914302,689.18729648552,738.380389359046,545.661481280161,689.777032636935,300.000013440694,663.044568992663,468.336650397883,711.1831695393,682.771756048236,677.279798862754,660.073637476853,367.130105212601,730.781480628445,659.547509849685,485.337648145355,519.340100508552,791.347676871731,370.739345544376,766.699117723273,626.663546993588,705.844862978126,616.771404609119,633.9055285106,300.000023142907,695.804645903967,501.041683213641,425.422002354639
628.833133709464,300.000003563299,712.876036894818,689.18729648552,681.219960633405,545.661481280161,689.777032636935,300.000000000004,623.211896090415,468.336650397883,711.1831695393,674.041387459344,490.331531952214,660.073637476853,358.749492403366,730.781480628445,659.547509849685,485.337648145355,519.340100508552,594.832069375407,365.531434955669,752.438801625725,626.663546993588,705.844862978126,540.096931879514,633.9055285106,300.000000000387,311.793439208582,501.041683213641,425.422002354639
628.833133709464,300,704.233502470674,619.897324339594,399.220257295349,545.661481280161,628.39209756703,300,623.211896090415,468.336650397883,623.321753544187,673.762410284319,366.238599054047,660.073637476853,300.000000806269,701.787502284108,659.547509849685,485.337648145355,519.340100508552,594.832069375407,300.000053280252,680.13016011025,626.663546993588,705.844862978126,540.096931879514,633.9055285106,300,300.000000187616,501.041683213641,425.422002354639
628.833133709464,300,619.336385383456,329.188828634874,399.220257295349,300.504177844594,628.39209756703,300,510.174679599579,468.336650397883,426.457755929575,608.526505214134,300.000000011133,502.411199691041,300,365.788736979011,365.249648991356,485.337648145355,519.340100508552,594.832069375407,300,558.970825510672,626.663546993588,522.428483368244,540.096931879514,424.455925421622,300,300,300.00000030545,425.422002354639
488.808155810681,300,494.629889686189,300,399.220257295349,300,628.39209756703,300,500,468.336650397883,423.413770099839,608.526505214134,300,341.83366932458,300,300,300,485.337648145355,300.000000504916,594.832069375407,300,558.970825510672,300.000000939571,514.201771968327,540.096931879514,424.455925421622,300,300,300,425.422002354639
375.9144027779,300,300.000000000063,300,300,300,544.885526410043,300,500,468.336650397883,423.413770099839,532.586146689136,300,300,300,300,300,351.721447163799,300,569.026938952888,300,300.786253926962,300,514.201771968327,540.096931879514,353.705023140302,300,300,300,425.422002354639
300,300,300,300,300,300,300,300,500,300,300,300,300,300,300,300,300,351.721447163799,300,300,300,300,300,514.201771968327,540.096931879514,300,300,300,300,300.000000000485
300,300,300,300,300,300,300,300,500,300,300,300,300,300,300,300,300,351.721447163799,300,300,300,300,300,300,510.821619795177,300,300,300,300,300
