34154.4408700869,68454.9571598624,2563022289.27447,69395.9545296235,21765.7390062381,311300.485981498,47543.5371388157,59082.4364003221,44428.0712200273,35326.0692710852,27832.6486765695,19716.1950478432,42291.3341751136,45276.9317530158,37056.3729387934,6504449.57306756,14345.170828855,50770.616037401,2944130.88294358,97192.9388849061,54649464.412865,57829.8615187896,179719965.624434,86831.078769176,104198.532059768,18757874.4957708,660962.247831556,32148.5118454722,18515248.5392693,38691.0994893812
34154.4408700869,29452.7081648533,2559422141.11771,64923.2982350387,21765.7390062381,311300.485981498,47543.5371388157,59082.4364003221,44428.0712200273,14794.4742090808,27832.6486765695,19716.1950478432,42291.3341751136,45276.9317530158,37056.3729387934,6504449.57306756,14345.170828855,50770.616037401,2944130.88294358,97192.9388849061,54649464.412865,23129.9930038829,179719965.624434,86831.078769176,104198.532059768,18757874.4957708,660962.247831556,32148.5118454722,18515248.5392693,38691.0994893812
34154.4408700869,29452.7081648533,2559418013.9247,64923.2982350387,21765.7390062381,311300.485981498,47543.5371388157,59082.4364003221,44428.0712200273,14794.4742090808,27832.6486765695,19716.1950478432,42291.3341751136,45276.9317530158,37056.3729387934,6504449.57306756,14345.170828855,50770.616037401,2944130.88294358,97192.9388849061,54649464.412865,23129.9930038829,179719965.624434,86831.078769176,104198.532059768,18757874.4957708,660962.247831556,32148.5118454722,18515248.5392693,38691.0994893812
34154.4408700869,29452.7081648533,2559417991.61881,64923.2982350387,21765.7390062381,311300.485981498,47543.5371388157,59082.4364003221,44428.0712200273,14794.4742090808,27832.6486765695,19716.1950478432,42291.3341751136,45276.9317530158,37056.3729387934,6504449.57306756,14345.170828855,50770.616037401,2944130.88294358,97192.9388849061,54649464.412865,23129.9930038829,179719965.624434,86831.078769176,104198.532059768,18757874.4957708,660962.247831556,32148.5118454722,18515248.5392693,38691.0994893812
34154.4408700869,29452.7081648533,2559417991.61862,64923.2982350387,21765.7390062381,311300.485981498,47543.5371388157,59082.4364003221,44428.0712200273,14794.4742090808,27832.6486765695,19716.1950478432,42291.3341751136,45276.9317530158,37056.3729387934,6504449.57306756,14345.170828855,50770.616037401,2944130.88294358,97192.9388849061,54649464.412865,23129.9930038829,179719965.624434,86831.078769176,104198.532059768,18757874.4957708,660962.247831556,32148.5118454722,18515248.5392693,38691.0994893812
34154.4408700869,29452.7081648533,2559417991.61862,64923.2982350387,21765.7390062381,311300.485981498,47543.5371388157,59082.4364003221,44428.0712200273,14794.4742090808,27832.6486765695,19716.1950478432,42291.3341751136,45276.9317530158,37056.3729387934,6504449.57306756,14345.170828855,50770.616037401,2944130.88294358,97192.9388849061,54649464.412865,23129.9930038829,179719965.624434,86831.078769176,104198.532059768,18757874.4957708,660962.247831556,32148.5118454722,18515248.5392693,38691.0994893812
34154.4408700869,29452.7081648533,2559417991.61862,64923.2982350387,21765.7390062381,311300.485981498,47543.5371388157,59082.4364003221,44428.0712200273,14794.4742090808,27832.6486765695,19716.1950478432,42291.3341751136,45276.9317530158,37056.3729387934,6504449.57306756,14345.170828855,50770.616037401,2944130.88294358,97192.9388849061,54649464.412865,23129.9930038829,179719965.624434,86831.078769176,104198.532059768,18757874.4957708,660962.247831556,32148.5118454722,18515248.5392693,38691.0994893812
34154.4408700869,29452.7081648533,2559417991.61862,64923.2982350387,21765.7390062381,311300.485981498,47543.5371388157,59082.4364003221,44428.0712200273,14794.4742090808,27832.6486765695,19716.1950478432,42291.3341751136,45276.9317530158,37056.3729387934,6504449.57306756,14345.170828855,50770.616037401,2944130.88294358,97192.9388849061,54649464.412865,23129.9930038829,179719965.624434,86831.078769176,104198.532059768,18757874.4957708,660962.247831556,32148.5118454722,18515248.5392693,38691.0994893812
34154.4408700869,29452.7081648533,2559417991.61862,64923.2982350387,21765.7390062381,311300.485981498,47543.5371388157,59082.4364003221,44428.0712200273,14794.4742090808,27832.6486765695,19716.1950478432,42291.3341751136,45276.9317530158,37056.3729387934,6504449.57306756,14345.170828855,50770.616037401,2944130.88294358,97192.9388849061,54649464.412865,23129.9930038829,179719965.624434,86831.078769176,104198.532059768,18757874.4957708,660962.247831556,32148.5118454722,18515248.5392693,38691.0994893812
34154.4408700869,29452.7081648533,2559417991.61862,64923.2982350387,21765.7390062381,311300.485981498,47543.5371388157,59082.4364003221,44428.0712200273,14794.4742090808,27832.6486765695,19716.1950478432,42291.3341751136,45276.9317530158,37056.3729387934,6504449.57306756,14345.170828855,50770.616037401,2944130.88294358,97192.9388849061,54649464.412865,23129.9930038829,179719965.624434,86831.078769176,104198.532059768,18757874.4957708,660962.247831556,32148.5118454722,18515248.5392693,38691.0994893812
34154.4408700869,29452.7081648533,2559417991.61862,64923.2982350387,21765.7390062381,311300.485981498,47543.5371388157,59082.4364003221,44428.0712200273,14794.4742090808,27832.6486765695,19716.1950478432,42291.3341751136,45276.9317530158,37056.3729387934,6504449.57306756,14345.170828855,50770.616037401,2944130.88294358,97192.9388849061,54649464.412865,23129.9930038829,179719965.624434,86831.078769176,104198.532059768,18757874.4957708,660962.247831556,32148.5118454722,18515248.5392693,38691.0994893812
34154.4408700869,29452.7081648533,2559417991.61862,64923.2982350387,21765.7390062381,311300.485981498,47543.5371388157,59082.4364003221,44428.0712200273,14794.4742090808,27832.6486765695,19716.1950478432,42291.3341751136,45276.9317530158,37056.3729387934,6504449.57306756,14345.170828855,50770.616037401,2944130.88294358,97192.9388849061,54649464.412865,23129.9930038829,179719965.624434,86831.078769176,104198.532059768,18757874.4957708,660962.247831556,32148.5118454722,18515248.5392693,38691.0994893812
34154.4408700869,29452.7081648533,2559417991.61862,64923.2982350387,21765.7390062381,311300.485981498,47543.5371388157,59082.4364003221,44428.0712200273,14794.4742090808,27832.6486765695,19716.1950478432,42291.3341751136,45276.9317530158,37056.3729387934,6504449.57306756,14345.170828855,50770.616037401,2944130.88294358,97192.9388849061,54649464.412865,23129.9930038829,179719965.624434,86831.078769176,104198.532059768,18757874.4957708,660962.247831556,32148.5118454722,18515248.5392693,38691.0994893812
34154.4408700869,29452.7081648533,2559417991.61862,64923.2982350387,21765.7390062381,311300.485981498,47543.5371388157,59082.4364003221,44428.0712200273,14794.4742090808,27832.6486765695,19716.1950478432,42291.3341751136,45276.9317530158,37056.3729387934,6504449.57306756,14345.170828855,50770.616037401,2944130.88294358,97192.9388849061,54649464.412865,23129.9930038829,179719965.624434,86831.078769176,104198.532059768,18757874.4957708,660962.247831556,32148.5118454722,18515248.5392693,38691.0994893812
