828822057.437187,38669.50989462,16582886.2616869,48069003.7251402,14466445.1835245,82167.7584703587,70906.7271770345,2390199.38159712,70787.6885184228,411410.794570193,1563589187.49298,237093.625094646,633182.302184914,106763.072243576,433794.989449367,241262132.03573,134902671.04365,243253.129386902,38078.8897492596,309985.8547965,69629.4451698266,1223091570.16983,43769.067289448,119855.866789242,467314.743605679,46800.117099187,12534538.7670413,98581.710447663,87258.9699392182,68377.2619599255
144217.95889107,38669.50989462,16582886.2616869,48069003.7251402,14466445.1835245,82167.7584703587,70906.7271770345,103932.055536847,70787.6885184228,79795.8201993434,1309740896.51399,145689.448838295,633182.302184914,106763.072243576,209937.915364525,5229427.42445831,34713753.6774796,58190.5483030389,38078.8897492596,79567.4542114563,69629.4451698266,2390930.58233392,43769.067289448,119855.866789242,157647.640766155,46800.117099187,12534538.7670413,53611.7217592543,87258.9699392182,48577.8917338803
82943.392442949,38669.50989462,152265.029377743,27770390.5879758,14466445.1835245,27944.6984628711,70906.7271770345,103932.055536847,41679.4291799543,79795.8201993434,1309740896.51399,145689.448838295,633182.302184914,60058.6938927612,209937.915364525,56681.2570010855,2571161.84284811,45388.1774594191,38078.8897492596,79567.4542114563,69629.4451698266,2390930.58233392,43769.067289448,71914.8106884315,75659.4133560155,46800.117099187,12534538.7670413,53611.7217592543,87258.9699392182,35573.3029724194
45013.4351830855,38669.50989462,30010.7995326091,27770390.5879758,14466445.1835245,27944.6984628711,53655.5979419435,103932.055536847,41679.4291799543,79795.8201993434,1309740896.51399,145689.448838295,633182.302184914,60058.6938927612,36545.4148187165,56681.2570010855,48644.0933944892,45388.1774594191,38078.8897492596,79567.4542114563,69629.4451698266,2390930.58233392,32339.6914989632,71914.8106884315,69995.4298190524,46675.4451285953,12534538.7670413,53611.7217592543,87258.9699392182,35573.3029724194
45013.4351830855,29238.895020349,30010.7995326091,27770390.5879758,14466445.1835245,27944.6984628711,23243.0600257377,103932.055536847,41679.4291799543,79795.8201993434,1309740896.51399,61170.4536222709,633182.302184914,60058.6938927612,36545.4148187165,56681.2570010855,27253.8109246524,45388.1774594191,38078.8897492596,79567.4542114563,69629.4451698266,2390930.58233392,32339.6914989632,71914.8106884315,18509.9177029639,33366.9044372617,12534538.7670413,53611.7217592543,87258.9699392182,35573.3029724194
45013.4351830855,25964.6529231951,30010.7995326091,27770390.5879758,14466445.1835245,27944.6984628711,23243.0600257377,103932.055536847,41679.4291799543,35162.6660484524,1309740896.51399,56741.0719205676,633182.302184914,60058.6938927612,36545.4148187165,56681.2570010855,25229.3720896249,45388.1774594191,38078.8897492596,79567.4542114563,69629.4451698266,2390930.58233392,32339.6914989632,71914.8106884315,18195.4929513166,33366.9044372617,12534538.7670413,47000.8509152792,87258.9699392182,32731.5218364259
45013.4351830855,25964.6529231951,30010.7995326091,27770390.5879758,14466445.1835245,27944.6984628711,23243.0600257377,103932.055536847,41679.4291799543,35162.6660484524,1309740896.51399,48632.0575836647,633182.302184914,60058.6938927612,31744.2790709033,56681.2570010855,25229.3720896249,45388.1774594191,38078.8897492596,79567.4542114563,69629.4451698266,2390930.58233392,32339.6914989632,71914.8106884315,18195.4929513166,33366.9044372617,12534538.7670413,41128.7012564728,87258.9699392182,32731.5218364259
45013.4351830855,25964.6529231951,30010.7995326091,27770390.5879758,14466445.1835245,27944.6984628711,23243.0600257377,103932.055536847,41679.4291799543,35162.6660484524,1309740896.51399,48632.0575836647,633182.302184914,60058.6938927612,31744.2790709033,56681.2570010855,25229.3720896249,45388.1774594191,38078.8897492596,79567.4542114563,69629.4451698266,2390930.58233392,32339.6914989632,71914.8106884315,18195.4929513166,33366.9044372617,12534538.7670413,41128.7012564728,87258.9699392182,32731.5218364259
45013.4351830855,25964.6529231951,30010.7995326091,27770390.5879758,14466445.1835245,27944.6984628711,23243.0600257377,103932.055536847,41679.4291799543,35162.6660484524,1309740896.51399,48632.0575836647,633182.302184914,60058.6938927612,31744.2790709033,56681.2570010855,25229.3720896249,45388.1774594191,38078.8897492596,79567.4542114563,69629.4451698266,2390930.58233392,32339.6914989632,71914.8106884315,18195.4929513166,33366.9044372617,12534538.7670413,41128.7012564728,87258.9699392182,32731.5218364259
45013.4351830855,25964.6529231951,30010.7995326091,27770390.5879758,14466445.1835245,27944.6984628711,23243.0600257377,103932.055536847,41679.4291799543,35162.6660484524,1309740896.51399,48632.0575836647,633182.302184914,60058.6938927612,31744.2790709033,56681.2570010855,25229.3720896249,45388.1774594191,38078.8897492596,79567.4542114563,69629.4451698266,2390930.58233392,32339.6914989632,71914.8106884315,18195.4929513166,33366.9044372617,12534538.7670413,41128.7012564728,87258.9699392182,32731.5218364259
45013.4351830855,25964.6529231951,30010.7995326091,27770390.5879758,14466445.1835245,27944.6984628711,23243.0600257377,103932.055536847,41679.4291799543,35162.6660484524,1309740896.51399,48632.0575836647,633182.302184914,60058.6938927612,31744.2790709033,56681.2570010855,25229.3720896249,45388.1774594191,38078.8897492596,79567.4542114563,69629.4451698266,2390930.58233392,32339.6914989632,71914.8106884315,18195.4929513166,33366.9044372617,12534538.7670413,41128.7012564728,87258.9699392182,32731.5218364259
45013.4351830855,25964.6529231951,30010.7995326091,27770390.5879758,14466445.1835245,27944.6984628711,23243.0600257377,103932.055536847,41679.4291799543,35162.6660484524,1309740896.51399,48632.0575836647,633182.302184914,60058.6938927612,31744.2790709033,56681.2570010855,25229.3720896249,45388.1774594191,38078.8897492596,79567.4542114563,69629.4451698266,2390930.58233392,32339.6914989632,71914.8106884315,18195.4929513166,33366.9044372617,12534538.7670413,41128.7012564728,87258.9699392182,32731.5218364259
45013.4351830855,25964.6529231951,30010.7995326091,27770390.5879758,14466445.1835245,27944.6984628711,23243.0600257377,103932.055536847,41679.4291799543,35162.6660484524,1309740896.51399,48632.0575836647,633182.302184914,60058.6938927612,31744.2790709033,56681.2570010855,25229.3720896249,45388.1774594191,38078.8897492596,79567.4542114563,69629.4451698266,2390930.58233392,32339.6914989632,71914.8106884315,18195.4929513166,33366.9044372617,12534538.7670413,41128.7012564728,87258.9699392182,32731.5218364259
45013.4351830855,25964.6529231951,30010.7995326091,27770390.5879758,14466445.1835245,27944.6984628711,23243.0600257377,103932.055536847,41679.4291799543,35162.6660484524,1309740896.51399,48632.0575836647,633182.302184914,60058.6938927612,31744.2790709033,56681.2570010855,25229.3720896249,45388.1774594191,38078.8897492596,79567.4542114563,69629.4451698266,2390930.58233392,32339.6914989632,71914.8106884315,18195.4929513166,33366.9044372617,12534538.7670413,41128.7012564728,87258.9699392182,32731.5218364259
45013.4351830855,25964.6529231951,30010.7995326091,27770390.5879758,14466445.1835245,27944.6984628711,23243.0600257377,103932.055536847,41679.4291799543,35162.6660484524,1309740896.51399,48632.0575836647,633182.302184914,60058.6938927612,31744.2790709033,56681.2570010855,25229.3720896249,45388.1774594191,38078.8897492596,79567.4542114563,69629.4451698266,2390930.58233392,32339.6914989632,71914.8106884315,18195.4929513166,33366.9044372617,12534538.7670413,41128.7012564728,87258.9699392182,32731.5218364259
45013.4351830855,25964.6529231951,30010.7995326091,27770390.5879758,14466445.1835245,27944.6984628711,23243.0600257377,103932.055536847,41679.4291799543,35162.6660484524,1309740896.51399,48632.0575836647,633182.302184914,60058.6938927612,31744.2790709033,56681.2570010855,25229.3720896249,45388.1774594191,38078.8897492596,79567.4542114563,69629.4451698266,2390930.58233392,32339.6914989632,71914.8106884315,18195.4929513166,33366.9044372617,12534538.7670413,41128.7012564728,87258.9699392182,32731.5218364259
