187.179891066618,10.0995037803363,55.1058161666654,290.280162407023,120.863205359511,49.3870251217644,142.211365642761,10.6652690695756,117.94156530691,55.5774242051306,244.870888773715,5.51707421544711,106.642866343787,165.760683491745,125.25938591249,286.905512462533,17.7622464824242,73.7861299851269,45.9348925035336,48.4174599198966,17.5198755041142,33.0659253868721,7.50624390711721,15.6716898381908,23.5827340524453,250.624177350617,58.9815608088098,11.3642088139923,251.413864894007,8.05524784756182
39.0178384393608,5.76298797857396,25.7511750203428,16.5619603907113,7.07255951207696,5.9893341309421,55.5758333723984,7.08503087348612,32.7624765859563,6.69737283372177,244.870888773715,4.26956045306395,6.59888306611435,2.68925101004038,125.25938591249,12.6017203293923,7.34138063484022,5.80615650792532,6.63734853603756,5.91672940146981,6.53492858300234,5.14941155201313,5.33465183820357,6.51776261837864,7.43689520989665,4.55509116575143,5.84759255387809,6.10039462191759,3.84680270946853,6.34059548353605
7.63759451636514,4.77737371184969,6.62680585249103,6.77214470504919,5.89548449129404,5.17624420671638,9.52586131715339,6.07089613916207,7.07081961775793,5.65316232712598,35.9024320265546,3.61226208725861,5.65364900633216,1.95307747695779,9.78528443446748,5.96427289510228,6.32321724750892,4.50940035915926,5.30579377049145,5.02016655888644,5.71180410444038,4.38929218930974,4.54407504272996,6.02501879892867,6.67096745503613,3.43233335403357,4.08181790425226,6.01174746608422,3.14837271868362,5.27227475420216
6.20939181532583,3.26962433031809,4.91612566828627,4.85909809962482,4.31824040048548,3.52838365786226,4.48240948643814,4.37924846322136,5.42926166154319,4.12103417686149,5.71055540669215,2.39097152072725,3.77390195023054,1.12345399224438,6.01580308273111,4.14611043137779,4.59673528006658,3.65772245872591,4.06274221288555,4.04874319209256,4.03775712540266,3.10213513514668,3.39142016417964,4.16118219105954,4.7420848827137,1.74998514232931,2.50505719839219,4.07619500112639,1.81547135240908,3.73947258361142
2.81298688915649,0.741843935168731,2.39674522074932,1.58725890059537,1.44548374389802,0.907281360732725,1.31667036521299,1.19455685009211,2.0056271614601,1.51654242624272,2.42516003953529,0.618848991867026,1.13770411645208,0.230577168154014,2.45250288891009,1.45224853267507,1.29515673187632,1.09159684029021,0.993765114980761,1.06004057059005,1.24082451669904,0.647921513154927,0.661199004136279,1.47888689109868,1.12720903714421,0.412893741097378,0.436487061883781,1.13798857726863,0.620219701464578,0.858796719168424
0.181139974137636,0.110650765264609,0.216506868423608,0.114271834515023,0.137977917638409,0.102504533275237,0.144273398846508,0.149860331523598,0.175550551238757,0.119219867512356,0.127527259384806,0.0761399596784145,0.132355504174313,0.0388214696794194,0.156472270689449,0.157515208893642,0.112667989932334,0.103485857597661,0.114392274390866,0.127666230950979,0.130514127348135,0.0918811454071715,0.0855405403528948,0.135819371494847,0.113256894776953,0.0847114065704773,0.0566634664459116,0.105717519266705,0.0955699579591283,0.105130532556188
0.0418206209433833,0.0234459598980834,0.0499325769504253,0.0259575290672274,0.0314665589045262,0.0210006947413603,0.0328901469071639,0.0350221221739275,0.0396969653128849,0.0373398662719069,0.0328925669207933,0.0201775869728635,0.0279013869063078,0.0095632726198005,0.0381089681268918,0.0325114785499068,0.0244407381107976,0.0287553316964591,0.034461751581091,0.0308223663238323,0.0318878666598152,0.0241999760948488,0.0227654846952987,0.031769541547078,0.0266728980404878,0.0243358698277234,0.0148432184984131,0.02535355964784,0.0250037998218318,0.0268438517982759
0.0126379919869919,0.00732879620227322,0.0149858505117209,0.00762684023686688,0.00962566823938005,0.00715104612123696,0.0106757843820446,0.00969478587364847,0.0119361016913899,0.0115273764001813,0.00836337059968173,0.00613416570848813,0.00778410721267164,0.0030858779053915,0.00999640279997038,0.00918289704929975,0.00817472248058948,0.00906725220795579,0.0108939592723232,0.0098784397719669,0.0104202481574021,0.00710439168159382,0.00674297035112659,0.00869862720179526,0.0101797859887824,0.00766382229369356,0.0053732496372163,0.00680726289056111,0.00855016108255313,0.00750153918409069
0.00385575814937056,0.00214587515341691,0.0044694816062929,0.00255353591319363,0.00350952045988606,0.00203088621071856,0.00359246417957593,0.00286204042407689,0.00399244689884881,0.0040751118949629,0.00253510784153832,0.00228528795730654,0.00241882000688065,0.00116733041130601,0.00315037543646213,0.00283240698144027,0.00287410095938867,0.00288022485381134,0.00371129418226701,0.0028585589198542,0.00349191512418656,0.00268156316593604,0.00204942463204816,0.00306435685769202,0.00363813982710326,0.00221469462934465,0.00225096926777724,0.00231884900830437,0.00280750745793057,0.00257674992064949
0.00121663158563479,0.000649476176590724,0.00149386467239765,0.000876477473752857,0.00121715454775995,0.000787587737022477,0.00114272442283436,0.000923123100790235,0.00117642404529761,0.00120065543671899,0.000863547464120984,0.000826827298737953,0.000841157857678354,0.000485657410308704,0.00101782233531367,0.000999660915795175,0.00117732262503978,0.00106477731287669,0.00135572000561979,0.00110620486191237,0.00111955853537893,0.000885545487960826,0.000669718881852077,0.000878569687529307,0.00124969277652554,0.000755069700801414,0.000756900951103034,0.00086408992996212,0.0010347507275128,0.000874772760084852
0.000385832685424248,0.000244705734758099,0.000559945009683815,0.000299270099844762,0.000481474273442473,0.000289285835151532,0.000464554483357915,0.000313449101668084,0.000381775356288472,0.000453169644913487,0.000371021071373434,0.000374237365576846,0.000252143087720924,0.000180090414062306,0.000342734348407703,0.00042695813760929,0.0004215889643433,0.000384777946919712,0.000474726573258977,0.000391949901597854,0.000434261511202294,0.000262562531077037,0.000238662282299629,0.000334546276803849,0.000431660972651571,0.000272341306754242,0.000286773910886495,0.000267549649890952,0.000419409788719349,0.000305927626300218
0.000134253161547804,8.95566008694004e-05,0.00018289311094577,9.41705977766105e-05,0.000168733950999922,0.000107776645336344,0.000152852403459747,0.000117247621233219,0.000148911884252811,0.000179777953064786,0.000125292944460398,0.000132448207637026,9.48137619616318e-05,6.48587894147568e-05,0.000132698157813138,0.000155367062689038,0.000157373791068949,0.000139861500485949,0.00017516414743568,0.000117886853843174,0.000148310097642934,0.000102343994569765,8.90522111376413e-05,0.000115418944972134,0.00015438041765492,8.7858362633142e-05,0.00010010950859396,9.88139075843719e-05,0.000163121462378513,0.000113935846854929
4.91170622467507e-05,3.22241845651661e-05,6.10488586971769e-05,3.53516177256097e-05,6.52454976943773e-05,3.24854387372397e-05,5.48834303799595e-05,3.39026505571383e-05,6.0232867895138e-05,5.4605550587894e-05,3.93164842193983e-05,4.87967512299292e-05,3.78350074470291e-05,1.91157083122562e-05,4.94146311780241e-05,5.71133217590614e-05,5.28551918819176e-05,5.05969927644401e-05,6.01747444761713e-05,4.01341987412707e-05,5.20668083368037e-05,3.71015342466308e-05,3.31428313415927e-05,4.42718915110163e-05,5.49424486280259e-05,3.60947944955115e-05,3.77148135726202e-05,4.13234621987613e-05,5.17642835120569e-05,3.93143568544474e-05
1.67874820817815e-05,1.21874152796408e-05,2.08261693614986e-05,1.38737208317252e-05,2.44270207758746e-05,1.00273725820443e-05,1.74233301777349e-05,1.04913642644533e-05,2.1741733462477e-05,1.91584166486791e-05,1.55524507476912e-05,1.47220367807677e-05,1.40503683496718e-05,6.49248687523141e-06,1.89372609611382e-05,1.68206698276663e-05,2.06816672516652e-05,1.50561382952219e-05,2.02171553382868e-05,1.40315735279728e-05,1.80780840537409e-05,1.18218032980622e-05,1.24946973301121e-05,1.75393319636896e-05,2.00630522044776e-05,1.24010157946941e-05,1.4399427641365e-05,1.59240655648318e-05,1.72514934888568e-05,1.3794700237213e-05
