6204.70482008325,2125.93424554684,9767.46399845723,10136.5751439854,8484.34326376642,1119.12335411707,1147.73945856605,2586.51849479134,2724.95908167623,4385.76517051554,4293.54524542892,1017.28246397555,2778.36251512543,5482.38277772607,8222.76848653202,1477.40262561297,441.854445493897,893.964633938254,8344.24645016659,3493.8777630706,6057.43808966994,905.008945206303,2721.93917343734,3726.43045093252,5043.99918186644,4525.38385650289,3327.84876462913,724.867381825328,4769.51042678358,3544.09030888867
2097.5990938709,1133.78726545855,5329.73431356289,3170.21752786871,1577.98144579308,1119.12335411707,1147.73945856605,2586.51849479134,822.655461443373,3181.40946205925,1775.31424157033,963.554024405084,1774.26244853007,1585.88610683029,1147.86057386575,676.495410755419,364.944970100839,893.964633938254,8344.24645016659,1141.05956183654,1977.81323937168,905.008945206303,1419.12302797111,1125.54317838946,2498.53604647309,4525.38385650289,3327.84876462913,724.867381825328,3388.12943911402,3544.09030888867
673.542925041822,645.998810996333,2004.04005829211,1886.53069462777,372.382047150597,828.991070753754,1147.73945856605,1207.45106962149,653.926646480224,1359.22002128841,1284.48133678853,711.098245664356,389.801748557523,1585.88610683029,1147.86057386575,286.905512462533,133.93303385001,805.581928825334,1818.95008968368,613.6754616932,1089.50080981256,857.892646641662,616.65408148904,809.828413015284,2031.62274736927,1918.77046100625,443.440263987258,724.867381825328,753.964558945059,727.725015991939
483.538121031368,521.702008005394,148.774483101214,1615.20889700941,372.382047150597,828.991070753754,501.561473745255,349.52674539799,245.477923979327,392.745235448145,1109.685121906,283.229081342897,389.801748557523,988.974159041189,125.25938591249,286.905512462533,65.2527196688134,349.243484000651,477.667357618645,613.6754616932,725.666230857135,380.271382750763,51.3565028430924,414.820003366038,537.04153820448,805.983761598184,267.31340591781,682.377849838248,753.964558945059,134.688855377307
483.538121031368,116.926821065311,55.1058161666654,513.686570096861,247.323165671539,297.96473039222,221.276375257913,37.492550171466,130.513694213153,135.449986913118,535.630249880301,190.39991695559,389.801748557523,499.315187296342,125.25938591249,286.905512462533,65.2527196688134,106.7981930276,305.081852673719,132.511625577202,396.718833113296,81.7889348839916,10.9038487832502,27.8470813729153,86.4209600885691,657.829232948114,171.419004247457,39.5801128160836,700.067216380389,12.7959901587056
187.179891066618,10.0995037803363,55.1058161666654,290.280162407023,120.863205359511,49.3870251217644,142.211365642761,10.6652690695756,117.94156530691,55.5774242051306,244.870888773715,5.51707421544711,106.642866343787,165.760683491745,125.25938591249,286.905512462533,17.7622464824242,73.7861299851269,45.9348925035336,48.4174599198966,17.5198755041142,33.0659253868721,7.50624390711721,15.6716898381908,23.5827340524453,250.624177350617,58.9815608088098,11.3642088139923,251.413864894007,8.05524784756182
187.179891066618,6.01858423295158,46.4079998659229,66.0519606283729,7.37128463645456,7.02427683489213,55.5758333723984,7.46218796461733,101.16162276092,17.1804753815841,244.870888773715,4.61298621249284,20.7323236224532,19.8251722615248,125.25938591249,155.991853297814,17.7622464824242,7.95231365362247,7.05837868875176,7.06814355737959,7.12736816936939,5.14941155201313,5.97539406238735,7.19036846849758,8.80087512350144,8.06092935324477,9.59934101399909,6.48718003849569,5.1019987673825,7.85270359175991
8.48123657599427,5.39329022125514,8.08180995391615,7.07352667669267,6.35302934642925,5.75729324507932,54.2770965201491,6.51376980087878,7.75044290888997,6.17873858383359,244.870888773715,3.96383689797563,6.11763061037158,2.0987676337474,67.1100863721269,6.19444947903656,6.78306360941281,4.93015632061099,5.75946908039742,5.80132853435083,6.04484892790163,4.69098509131214,4.87109252144745,6.13906995206719,7.03048774087836,3.6794453917301,5.56043892569261,6.10039462191759,3.5278561426752,5.58470263624133
6.8995467043647,3.66755303712989,5.78733466035942,5.96884609511824,5.08573816782621,4.45347677051268,5.39734817812416,5.23262300051857,5.97536348380862,4.957201623564,6.45018335478608,3.02223095130358,4.70023560752247,1.3906723607314,6.79573548443432,4.97495293238347,5.48670393778218,3.80110819505057,4.29438274448751,4.6062398600962,4.79629933598562,3.69237406684681,4.06845547841561,4.92814666219925,5.45245482886986,2.80391239417679,3.24250040150247,5.03073989115165,2.26710345561617,4.63230945631335
5.4777133336479,2.37812679356097,4.68565632915829,3.65956042945493,3.61905551384507,2.43903136231211,3.41275592283421,3.73757923908761,4.30996952257544,3.34728833551276,4.67972380514703,1.64661391110127,3.15946627270785,0.794483859913271,5.16832120695256,3.49160475896218,3.84566458343653,2.744776844917,3.19138586803984,2.90240332684755,3.13113634147618,1.93141224780783,2.19068165563232,3.17820284521565,3.49665017636102,1.117197534561,1.32882348103828,3.33977666936437,1.33260893477745,2.97439416576077
2.81298688915649,0.741843935168731,2.39674522074932,1.58725890059537,1.44548374389802,0.907281360732725,1.31667036521299,1.19455685009211,2.0056271614601,1.51654242624272,2.42516003953529,0.618848991867026,1.13770411645208,0.230577168154014,2.45250288891009,1.45224853267507,1.29515673187632,1.09159684029021,0.993765114980761,1.06004057059005,1.24082451669904,0.647921513154927,0.661199004136279,1.47888689109868,1.12720903714421,0.412893741097378,0.436487061883781,1.13798857726863,0.620219701464578,0.858796719168424
0.401378945023964,0.217616044427075,0.494622548155746,0.260453762410407,0.318903641219663,0.199070527026606,0.291763291712698,0.28635446771915,0.408346872010725,0.240146527655384,0.309209467582207,0.151790456865342,0.284355772092226,0.0785545280913311,0.369463382760955,0.334408166602827,0.246723278167565,0.219622627104968,0.227031116868602,0.324675406864969,0.237083602767711,0.178325152997729,0.18226888301615,0.293685491666224,0.247321952854918,0.137171412709961,0.124782254190166,0.228003188268929,0.192854630368458,0.213092996008697
0.0820153749346559,0.0449176646552019,0.093510988388573,0.0507418424273283,0.0605470747319146,0.0445100374494132,0.0666807772807374,0.0667098527136432,0.080809851002698,0.065130661824071,0.0580325047117185,0.0405498424897246,0.0588525886541333,0.0191382047590878,0.0770346058740188,0.0720532649852998,0.0558299865865592,0.0568536261584427,0.0667281610986947,0.0540066309508234,0.0602909214882743,0.047440986550555,0.0385336537511307,0.0592346021384742,0.0522768249824708,0.0473269271373056,0.0265390773981267,0.0462177657974507,0.0453845081779036,0.0570683988217411
0.0130224431223951,0.00744468881589455,0.0152187948918936,0.00780504024243101,0.00974288782879285,0.0073894159838801,0.0109902193185007,0.0100114094078663,0.0122098498675882,0.0118841958240523,0.00854912631473326,0.00616864698139352,0.00781221697752699,0.00318689431884422,0.0100403017659687,0.00941878966636978,0.00817472248058948,0.00927029013121228,0.0112042457602115,0.0102321320222813,0.0105667288057703,0.00717253169608512,0.00691003387942146,0.00878226239888136,0.0103797032431885,0.00781624116768853,0.0053732496372163,0.00712657148284279,0.00855016108255313,0.00768142702446539
0.000854961038896818,0.000513794578296256,0.00113398140183563,0.000627867971388696,0.000906929414043134,0.000568825616710456,0.00083596205519143,0.0006296843500877,0.000885067063563838,0.000943780645343395,0.000684329886951218,0.000612572289753643,0.000563574579246051,0.000348978021293078,0.000745588698237043,0.000748707688842387,0.000854084158220303,0.000760019636686593,0.000997398461777266,0.000884809780359319,0.000775528252461299,0.000526643405692084,0.000474861877933108,0.000649897348466766,0.000846417451498382,0.000526158715899783,0.000601548916279171,0.000573440477410259,0.000793814410428695,0.000616732426124145
1.67874820817815e-05,1.21874152796408e-05,2.08261693614986e-05,1.38737208317252e-05,2.44270207758746e-05,1.00273725820443e-05,1.74233301777349e-05,1.04913642644533e-05,2.1741733462477e-05,1.91584166486791e-05,1.55524507476912e-05,1.47220367807677e-05,1.40503683496718e-05,6.49248687523141e-06,1.89372609611382e-05,1.68206698276663e-05,2.06816672516652e-05,1.50561382952219e-05,2.02171553382868e-05,1.40315735279728e-05,1.80780840537409e-05,1.18218032980622e-05,1.24946973301121e-05,1.75393319636896e-05,2.00630522044776e-05,1.24010157946941e-05,1.4399427641365e-05,1.59240655648318e-05,1.72514934888568e-05,1.3794700237213e-05
