90.9461951766281,120.91330617195,133.711821642794,93.7540952387282,102.209114073813,107.933298515668,101.593195150384,115.8772220618,97.9023599645866,74.9638816930304,126.704723569775,95.6923603906549,96.2788185551461,93.7218634661898,108.611514977895,104.842607831155,71.4980610588023,122.6122689859,117.594845146964,115.745426050031,101.382328186751,106.836401705408,117.090081878822,72.9150131021606,79.43852744984,93.1120546760636,120.589117103419,82.6030629571151,71.6203430739965,107.09530614604
83.7429019661986,113.725879728025,94.2440001744199,88.4281208666063,72.1397676572691,96.198638389578,86.3171287225416,101.379245535021,97.9023599645866,74.9638816930304,78.7637512425894,95.6923603906549,65.647005051928,93.7218634661898,94.230360432691,84.954560878841,71.4980610588023,112.895558298696,104.868738541512,82.9901517327895,92.4665917427916,104.884838254973,85.7856567566475,72.9150131021606,74.4675402618872,93.1120546760636,100.765516016931,82.6030629571151,71.6203430739965,83.7782958583327
83.7429019661986,79.3577980155715,94.2440001744199,88.4281208666063,72.1397676572691,96.198638389578,86.3171287225416,99.1621272243998,63.365278008852,74.9638816930304,78.7637512425894,95.6923603906549,65.647005051928,93.7218634661898,76.3392526745658,84.954560878841,71.4980610588023,101.032261441517,94.3652564760716,82.9901517327895,92.4665917427916,97.2008432064454,82.3551677351751,72.9150131021606,74.4675402618872,93.1120546760636,82.2092214770345,82.6030629571151,71.6203430739965,83.4563655936184
68.1370012595438,79.3577980155715,86.4179490303201,88.4281208666063,72.1397676572691,87.363769243255,80.2630708851525,93.5518250365565,63.365278008852,74.9638816930304,78.7637512425894,89.4290138319693,65.647005051928,78.6822582267921,76.3392526745658,80.4319007104897,71.4980610588023,79.3223429994302,58.7112900645341,80.9617407645884,86.389773236134,92.6310827798411,78.2151638954875,63.5522339330728,74.4675402618872,92.9095569943845,82.2092214770345,44.3168260952882,71.6203430739965,83.4563655936184
68.1370012595438,72.9471214587409,67.9320946955914,55.010787293234,72.1397676572691,63.0496299995041,75.6187876755453,87.5692090440767,63.365278008852,74.9638816930304,72.5552791737756,88.60884675665,65.647005051928,78.6822582267921,72.8697020725942,56.3481639991414,71.4980610588023,72.2215650209105,58.7112900645341,80.9617407645884,77.0508989692389,87.3101492936497,78.2151638954875,63.5522339330728,74.4675402618872,83.744786666977,75.8690673588316,44.3168260952882,71.6203430739965,79.4107434058312
68.1370012595438,72.9471214587409,67.9320946955914,55.010787293234,72.1397676572691,63.0496299995041,75.6187876755453,59.0555751746357,63.365278008852,74.9638816930304,72.5552791737756,71.7775125609494,65.647005051928,78.6822582267921,72.1643967934672,56.3481639991414,60.3276266374736,69.7098145623105,58.7112900645341,76.5223236089411,77.0508989692389,71.5136163226611,63.0015531373922,63.5522339330728,74.4675402618872,72.8290694808385,70.0345901885756,44.3168260952882,71.6203430739965,79.4107434058312
53.1677493153828,67.6338122763615,67.9320946955914,55.010787293234,62.5230847394918,63.0496299995041,61.5812851582289,59.0555751746357,63.365278008852,74.9638816930304,72.5552791737756,71.7775125609494,65.647005051928,78.6822582267921,63.7504119474846,56.3481639991414,60.3276266374736,58.5607786653777,58.7112900645341,61.4706818035897,69.6173647121552,59.2054469853236,63.0015531373922,63.5522339330728,61.4836609089239,49.1649442378409,68.4848659861358,44.3168260952882,59.9703359195699,79.4107434058312
53.1677493153828,62.2529146174003,67.9320946955914,55.010787293234,62.5230847394918,63.0496299995041,61.5812851582289,59.0555751746357,63.365278008852,53.9832439636383,72.5552791737756,71.7775125609494,51.5876264269207,77.1641345325178,51.1351460309571,56.3481639991414,60.3276266374736,58.5607786653777,58.7112900645341,61.4706818035897,69.6173647121552,43.8601930942101,63.0015531373922,63.5522339330728,61.4836609089239,49.1649442378409,68.4848659861358,44.3168260952882,59.9703359195699,79.4107434058312
53.1677493153828,62.2529146174003,67.9320946955914,55.010787293234,62.5230847394918,63.0496299995041,58.6487552604549,59.0555751746357,55.3412362319768,53.9832439636383,72.5552791737756,64.8380718833946,51.5876264269207,71.9288709288065,51.1351460309571,56.3481639991414,60.3276266374736,58.5607786653777,58.7112900645341,61.4706818035897,69.6173647121552,43.8601930942101,52.2968299706938,63.5522339330728,58.7655545719707,49.1649442378409,64.8670816138208,44.3168260952882,59.9703359195699,75.6071657254765
53.1677493153828,57.8156233477589,67.9320946955914,55.010787293234,62.5230847394918,63.0496299995041,58.6487552604549,59.0555751746357,55.3412362319768,53.9832439636383,72.5552791737756,64.8380718833946,51.5876264269207,67.6815704024498,51.1351460309571,56.3481639991414,60.3276266374736,58.5607786653777,58.7112900645341,50.0821550427593,66.4772277255945,43.8601930942101,52.2968299706938,58.7677664458067,58.7655545719707,49.1649442378409,48.5155425695845,44.3168260952882,59.9703359195699,62.4445580140024
53.1677493153828,57.8156233477589,67.9320946955914,55.010787293234,62.5230847394918,63.0496299995041,58.6487552604549,59.0555751746357,55.3412362319768,53.9832439636383,71.6038383416144,64.8380718833946,51.5876264269207,67.6815704024498,51.1351460309571,56.3481639991414,60.3276266374736,58.5607786653777,58.7112900645341,50.0821550427593,64.1989248610262,43.8601930942101,52.2968299706938,58.7677664458067,58.7655545719707,49.1649442378409,48.5155425695845,44.3168260952882,59.9703359195699,62.4445580140024
53.1677493153828,57.8156233477589,63.9581966788182,55.010787293234,62.5230847394918,63.0496299995041,58.6487552604549,59.0555751746357,55.3412362319768,53.9832439636383,71.6038383416144,64.8380718833946,51.5876264269207,67.6815704024498,51.1351460309571,56.3481639991414,60.3276266374736,58.5607786653777,58.7112900645341,50.0821550427593,64.1989248610262,43.8601930942101,52.2968299706938,58.7677664458067,58.7655545719707,49.1649442378409,48.5155425695845,44.3168260952882,59.9703359195699,56.0063690280735
53.1677493153828,57.8156233477589,63.9581966788182,55.010787293234,62.5230847394918,63.0496299995041,58.6487552604549,59.0555751746357,55.3412362319768,53.9832439636383,71.6038383416144,55.0358136956977,51.5876264269207,67.6815704024498,51.1351460309571,56.3481639991414,60.3276266374736,58.5607786653777,58.7112900645341,50.0821550427593,64.1989248610262,43.8601930942101,52.2968299706938,58.7677664458067,58.7655545719707,49.1649442378409,48.5155425695845,44.3168260952882,59.9703359195699,56.0063690280735
53.1677493153828,57.8156233477589,62.1968463464294,55.010787293234,62.5230847394918,63.0496299995041,58.6487552604549,59.0555751746357,55.3412362319768,53.9832439636383,70.1796967033829,55.0358136956977,51.5876264269207,67.6815704024498,51.1351460309571,56.3481639991414,60.3276266374736,58.5607786653777,48.577590656345,50.0821550427593,64.1989248610262,43.8601930942101,52.2968299706938,58.7677664458067,58.7655545719707,49.1649442378409,48.5155425695845,44.3168260952882,59.9703359195699,56.0063690280735
