126.016948923307,166.572982462615,142.182683278304,80.8087159937227,123.076308426893,78.8537398697681,94.6677413699721,139.104316269831,186.786316443415,143.40348580704,98.169550811826,108.83965551927,117.201333769785,175.97872687844,131.146013417377,131.204401037946,69.9090429841772,103.076613151381,82.3108452776006,93.1787785614624,158.374378853601,103.436978493794,98.1447149728882,178.036058983814,135.874743000612,158.935672353062,95.8602437706899,102.515777902754,140.798603889397,156.553901387372
119.999502562714,107.682588845142,72.8446772642516,80.8087159937227,123.076308426893,78.8537398697681,63.1171536173048,136.503855968738,149.705243570457,89.1014143303295,98.169550811826,107.512754314982,91.0855653597325,175.97872687844,99.6599268718264,104.749000358112,69.9090429841772,98.2663428096781,42.1872502647784,93.1787785614624,158.374378853601,103.436978493794,93.3467419148265,166.109637629451,135.874743000612,142.48766833458,95.8602437706899,102.515777902754,118.684581310229,144.408340959709
73.7386472439882,71.9201699203181,72.8446772642516,80.8087159937227,104.974288221207,74.9010197576335,58.0798542166614,134.837038416863,79.2630213511241,89.1014143303295,98.169550811826,49.2901896426201,91.0855653597325,99.870608540677,99.6599268718264,71.6762807637419,69.9090429841772,89.0312963140765,42.1872502647784,93.1787785614624,147.878824580724,103.436978493794,93.3467419148265,166.109637629451,135.874743000612,101.221418571345,95.8602437706899,102.515777902754,106.617060145003,138.72067386706
73.7386472439882,71.9201699203181,71.4071229945516,74.3661335540743,104.974288221207,74.9010197576335,58.0798542166614,101.397009403169,49.0391534710512,74.9220251678983,88.078143833402,49.2901896426201,90.9227842389939,99.3542271758388,76.8103432752711,71.6762807637419,69.9090429841772,62.813505081233,42.1872502647784,93.1787785614624,135.356005078639,78.8564126675981,86.020101627201,104.676083696288,89.0491108410706,101.221418571345,95.8602437706899,96.1119106182026,93.9689069273829,80.6064336879367
67.8537651500166,71.9201699203181,71.4071229945516,53.0021582576596,86.2862540753084,74.9010197576335,58.0798542166614,75.5196453278388,40.4558418159394,71.7803357053381,59.6252356766179,49.2901896426201,90.9227842389939,84.3845995173704,44.2778549553698,45.4129234011546,69.9090429841772,47.5424335527977,42.1872502647784,93.1787785614624,67.3900203137091,78.8564126675981,45.6800239478932,94.2858505280423,65.1703715138237,93.6777838961737,78.6362547538918,73.2130707521488,58.0266008413216,61.6719552136146
66.4402694287808,63.6205188032762,71.4071229945516,53.0021582576596,58.455990127703,74.9010197576335,58.0798542166614,52.3643988434495,40.4558418159394,71.7803357053381,27.7461739038723,49.2901896426201,77.19892793534,69.6496308107012,44.2778549553698,45.4129234011546,43.6131042318782,47.5424335527977,42.1872502647784,67.4344488628016,67.3900203137091,58.5496710429359,45.6800239478932,58.0399046553912,65.1703715138237,54.703597452328,45.1766004678823,73.2130707521488,58.0266008413216,61.6719552136146
52.6260713403535,63.6205188032762,68.3505137873946,53.0021582576596,58.455990127703,63.9311398614988,58.0798542166614,49.1905882732912,40.4558418159394,67.02483490244,27.7461739038723,49.2901896426201,53.309481369457,65.7065470542369,44.2778549553698,45.4129234011546,43.6131042318782,47.5424335527977,42.1872502647784,67.4344488628016,62.5283303751585,58.5496710429359,45.6800239478932,58.0399046553912,65.1703715138237,41.3056033087371,45.1766004678823,61.7863169076398,51.4341900544842,51.9609574326398
52.6260713403535,63.6205188032762,68.3505137873946,53.0021582576596,58.455990127703,36.2183595414285,58.0798542166614,49.1905882732912,40.4558418159394,67.02483490244,27.7461739038723,49.2901896426201,42.8575798795324,41.442841953463,44.2778549553698,45.4129234011546,43.6131042318782,47.5424335527977,42.1872502647784,51.2640958198376,54.3438190017232,46.838307925644,45.6800239478932,54.7181744719303,40.4496089080864,41.3056033087371,45.1766004678823,61.7863169076398,50.9601886356566,51.9609574326398
37.2831102624712,58.6020717938507,45.4092904396853,41.9832421883463,58.455990127703,33.0066517924056,58.0798542166614,42.3979737987459,40.4558418159394,46.5198872109845,27.7461739038723,49.2901896426201,42.8575798795324,38.0442944228508,43.3411481012381,42.1183863156209,43.6131042318782,46.0771909534662,25.2813417124523,48.4944219502012,54.3438190017232,36.3564586702519,45.6800239478932,50.8681689978293,23.3891211331618,41.3056033087371,38.2186206730773,61.7863169076398,50.9601886356566,51.9609574326398
30.8319094890483,45.9398817818111,39.4832745019313,41.9832421883463,58.2959936294349,33.0066517924056,25.7270337458755,42.3979737987459,40.4558418159394,46.5198872109845,27.7461739038723,49.2901896426201,42.8575798795324,38.0442944228508,43.3411481012381,42.1183863156209,43.6131042318782,45.5702196867064,25.2813417124523,41.7241213452626,30.7168782055912,36.3564586702519,38.4892427764103,44.4651755147182,23.3891211331618,39.6305178254951,38.2186206730773,52.713442818363,50.6275287585995,51.9609574326398
30.8319094890483,36.2789024307596,34.5033119070866,36.8177456100525,51.4130648814241,33.0066517924056,25.7270337458755,42.3979737987459,19.9394777361184,40.3032894744052,27.7461739038723,49.0667352203471,42.8575798795324,18.7771404701696,38.6911596847023,42.1183863156209,43.6131042318782,45.5702196867064,25.2813417124523,41.7241213452626,30.7168782055912,36.3564586702519,38.4892427764103,44.4651755147182,23.3891211331618,39.6305178254951,38.2186206730773,41.6280772837748,46.9748293880955,43.7181272339881
16.1363308940754,36.2789024307596,6.59575259537144,36.8177456100525,37.8766101016979,33.0066517924056,25.7270337458755,42.3979737987459,19.9394777361184,40.3032894744052,27.7461739038723,19.565174353248,42.8575798795324,18.7771404701696,22.5805328799444,18.1753345522893,43.6131042318782,45.5702196867064,25.2813417124523,40.4901399059743,30.7168782055912,35.892371531188,31.6230545696694,36.5917385740457,19.4063433065249,39.6305178254951,37.1171284594333,15.2800404629215,46.9748293880955,43.7181272339881
16.1363308940754,36.0107257825764,6.59575259537144,30.3640607527403,37.8766101016979,29.8832271609261,25.6405711695965,36.8390124357218,19.9394777361184,30.2644201443959,27.7461739038723,19.565174353248,38.0682839733468,18.7771404701696,22.5805328799444,18.1753345522893,38.0502999158616,44.3272435842941,25.2813417124523,25.7068640456813,30.3415118457245,19.3189558231386,21.2617455411117,27.3700778102194,19.4063433065249,35.543959746691,30.2836791010573,15.2800404629215,41.770091272261,42.4320848708478
16.1363308940754,36.0107257825764,6.59575259537144,30.3640607527403,36.553380481338,24.3224653326739,25.6405711695965,23.9356022994764,19.9394777361184,30.2644201443959,17.0070135442486,19.565174353248,38.0682839733468,18.7771404701696,22.5805328799444,18.1753345522893,38.0502999158616,42.0345044630368,25.2813417124523,25.7068640456813,30.3415118457245,19.3189558231386,13.3467720829356,21.4575127439391,19.4063433065249,35.543959746691,28.3895301735249,15.2800404629215,36.808869305044,42.4320848708478
16.1363308940754,36.0107257825764,6.59575259537144,28.5773412667141,20.1076783666557,24.3224653326739,25.6405711695965,23.9356022994764,19.9394777361184,28.4877020677985,17.0070135442486,14.2718260788675,23.0190231934099,18.7771404701696,22.5805328799444,17.6918445163417,38.0502999158616,31.7478461507085,25.2813417124523,25.7068640456813,29.0535810133524,19.3189558231386,13.3467720829356,19.7227329152385,17.5177102292391,35.543959746691,13.4485808398894,15.2800404629215,30.7692605023944,25.307619878899
16.1363308940754,18.9256015005808,6.59575259537144,28.5773412667141,20.1076783666557,24.3224653326739,25.6405711695965,7.17736644593981,14.1970928738433,23.8266093619716,14.1405820347375,14.2718260788675,22.1995005636918,18.7771404701696,22.5805328799444,17.6918445163417,21.9332256421434,26.1365424434838,25.2813417124523,19.33568494871,29.0535810133524,19.3189558231386,12.5776577469517,19.7227329152385,17.5177102292391,26.1382588492243,13.4485808398894,9.52948736863391,21.5700469183678,12.8352806335561
