357.395713443652,367.466562571186,357.88817595569,589.337838012419,567.731703442789,451.807221397758,911.005246781877,751.201284464926,603.648383910358,606.449157106206,193.061093063598,235.369386414159,305.038392443949,420.356747818706,489.866687251276,394.587809907105,361.993765978931,475.179020351034,574.85235911805,551.10869543755,329.087777676934,353.964351760261,347.922901266612,624.928076586535,327.860814827159,340.400225643936,377.29882368589,378.133256437517,512.915592549764,458.481177130538
331.470771342352,147.123102526316,165.160614844693,220.613088969965,212.361710446589,258.646929746366,297.073012062177,396.077878152598,237.612054740971,182.261405670557,175.468603474432,235.369386414159,171.145487635795,228.763917801495,489.866687251276,206.259062173919,283.66199078701,257.580368473459,221.624342153722,172.903324142619,234.444300412386,167.059594040874,334.962530746773,347.634656007084,316.370171649586,287.649624644059,374.754625654777,232.035916088584,335.225234444756,458.481177130538
271.014179719559,147.067396839815,127.402598937814,133.784302004524,144.352806831103,255.663428940489,297.073012062177,195.606236081356,140.666066229184,115.265426609187,106.174327019084,143.530881881609,171.145487635795,228.763917801495,222.513318297578,165.28057660507,164.309136175189,132.892086318851,181.442438629238,133.003155908786,186.919504747887,144.917376473623,235.940372472746,176.422752686514,129.706479596701,222.888011483207,189.618335009277,145.598026818664,271.139741408352,410.572692540807
175.956541737988,142.984267851557,106.953429880296,133.784302004524,144.352806831103,142.07081051321,258.134815516091,99.5891822219355,109.238533427264,115.265426609187,106.174327019084,103.096791181903,129.891004425825,228.763917801495,122.502073146594,136.671120413591,134.060884393436,115.748211801175,153.597282023309,133.003155908786,126.91472576187,82.9647007192362,235.940372472746,134.448703683926,110.328062450815,115.710838350061,186.594523613789,123.671261158292,122.285913260241,99.0862901068738
87.2676668711446,103.645393681065,94.5056860755092,117.608849559575,106.599590523041,111.15866092618,120.945146944071,99.5891822219355,77.3175048019099,72.7146281029686,106.174327019084,103.096791181903,111.988408853113,118.961137441174,105.255853706593,92.50337079346,118.014947912718,99.4966155941629,150.646940528161,106.896434331152,110.408843773407,82.9647007192362,166.464210424761,127.268362140803,110.328062450815,104.740475966252,100.729248909047,116.595574569211,122.285913260241,99.0862901068738
73.9120529953482,103.645393681065,85.889138301244,93.1950021850769,104.490172726357,85.2492059568104,110.110428597824,99.5891822219355,77.3175048019099,72.7146281029686,66.5607197791506,89.5579615427715,79.6681315609551,107.099021397452,105.255853706593,70.8396402660622,98.7623426132371,95.3422493166591,114.466494893882,106.896434331152,93.5579282248565,82.9647007192362,62.3265576888141,101.202220129267,108.363961692406,92.5029814117081,100.729248909047,101.305892218306,108.968101211368,99.0862901068738
73.9120529953482,74.643994989729,85.889138301244,93.1950021850769,99.7366789820237,85.2492059568104,89.1745795031319,99.5891822219355,77.3175048019099,72.7146281029686,66.5607197791506,63.1728678500739,79.6681315609551,76.0568900843783,82.519364821261,70.8396402660622,98.7623426132371,95.3422493166591,106.811328627251,106.896434331152,93.5579282248565,82.9647007192362,62.3265576888141,101.202220129267,97.4738796073173,92.5029814117081,83.1415528530033,88.1365820311079,101.097824115342,99.0862901068738
69.7985785752664,74.643994989729,85.889138301244,78.0750085496086,83.5611923226397,81.7858835794065,89.1745795031319,85.5414520123537,77.3175048019099,72.7146281029686,66.5607197791506,63.1728678500739,79.6681315609551,76.0568900843783,82.519364821261,70.8396402660622,98.6871266354335,78.432453864447,95.4466161744808,94.5599694851207,93.5579282248565,82.9647007192362,62.3265576888141,101.202220129267,95.6550433117504,92.5029814117081,83.1415528530033,88.1365820311079,101.097824115342,87.1194862562384
69.7985785752664,74.643994989729,85.889138301244,72.8856752510349,83.5611923226397,64.7113130506733,83.9815007964493,85.5414520123537,77.3175048019099,72.7146281029686,66.5607197791506,63.1728678500739,79.6681315609551,76.0568900843783,82.519364821261,70.8396402660622,80.8657740986453,78.432453864447,71.7638736310971,71.9458158262751,85.5514667334913,82.9647007192362,62.3265576888141,88.7482083984197,67.5691542596821,78.692356664801,83.1415528530033,75.6257921909198,78.952697227186,81.2985203049146
69.7985785752664,74.643994989729,80.8761852340438,72.8856752510349,71.6514480407764,64.7113130506733,81.3950385761448,85.5414520123537,77.3175048019099,72.7146281029686,59.0394598831095,63.1728678500739,79.6681315609551,68.1164980320468,82.519364821261,70.8396402660622,80.8657740986453,77.9892582424571,71.7638736310971,71.9458158262751,81.9629780001146,78.0355289498991,62.3265576888141,83.2408584757252,67.5691542596821,78.692356664801,83.1415528530033,75.6257921909198,78.952697227186,81.2985203049146
69.7985785752664,71.9899173117453,80.8761852340438,72.8856752510349,70.9931898377434,64.7113130506733,74.9897275005395,75.1362084746627,77.3175048019099,72.7146281029686,59.0394598831095,63.1728678500739,70.1986310619783,67.8453129771744,82.519364821261,70.8396402660622,80.8657740986453,77.9892582424571,71.7638736310971,71.9458158262751,72.6828536857041,78.0355289498991,62.3265576888141,83.2408584757252,67.5691542596821,69.6213955516439,83.1415528530033,75.6257921909198,78.952697227186,78.6133060911462
69.7985785752664,55.4453256950567,77.0464808879806,72.8856752510349,70.9931898377434,64.7113130506733,71.967043777336,75.0086497939262,77.3175048019099,72.7146281029686,59.0394598831095,63.1728678500739,65.7029502169422,67.8453129771744,82.519364821261,70.8396402660622,75.098327511954,77.9892582424571,61.8529506905005,71.9458158262751,72.6828536857041,76.1491969585497,62.3265576888141,58.6393663881577,67.5691542596821,69.6213955516439,77.5944912797224,75.6257921909198,78.952697227186,78.6133060911462
69.7985785752664,55.4453256950567,65.5130250612307,72.8856752510349,59.0278959734458,64.7113130506733,71.0476796089122,75.0086497939262,68.8302878925542,72.7146281029686,59.0394598831095,63.1728678500739,65.7029502169422,67.8453129771744,56.1749485872349,70.8396402660622,65.4804751522128,72.2761445067929,59.3449924529983,71.9458158262751,72.6828536857041,74.8106634505534,62.3265576888141,58.6393663881577,67.5691542596821,69.6213955516439,77.5944912797224,48.9266073299635,74.9590126000652,71.3935176757009
69.7985785752664,55.4453256950567,65.5130250612307,72.8856752510349,59.0278959734458,64.7113130506733,63.000370558953,72.6777441266245,63.651070170831,72.7146281029686,59.0394598831095,63.1728678500739,57.3881343893206,67.8453129771744,56.1749485872349,55.2727334386656,65.4804751522128,72.2761445067929,59.3449924529983,63.7314478018064,71.4172248051871,74.5004900849501,51.0835260542043,58.6393663881577,54.6916650087628,69.6213955516439,76.806723201662,48.9266073299635,74.9590126000652,71.3935176757009
66.6754977302343,55.4453256950567,65.5130250612307,72.7736648220956,59.0278959734458,64.7113130506733,58.2678419471988,72.6777441266245,62.4861543303219,72.7146281029686,59.0394598831095,63.1728678500739,57.3881343893206,67.8453129771744,56.1749485872349,55.2727334386656,63.9866908304565,64.4644627980809,59.3449924529983,62.7692478399179,71.4172248051871,74.5004900849501,51.0835260542043,51.1159135748435,54.6916650087628,66.4310705501382,68.0893907802068,48.9266073299635,70.0427877479802,63.6816733392693
66.6754977302343,55.4453256950567,65.5130250612307,64.2442830854692,59.0278959734458,64.7113130506733,57.7793544194955,68.3270321498408,62.4861543303219,58.0268608515202,59.0394598831095,46.5269667178338,57.3881343893206,63.0126901768244,56.1749485872349,55.2727334386656,63.9866908304565,64.4644627980809,59.3449924529983,62.7692478399179,68.423653356885,68.1871677101783,51.0835260542043,51.1159135748435,54.6916650087628,64.2117726138628,68.0893907802068,48.9266073299635,70.0427877479802,63.6816733392693
