283.251941572178,136.774993198216,109.77610933414,151.917976556144,167.356085848517,152.473837776889,126.118645835124,189.699448786862,270.530062940898,173.967630461759,83.7370650951524,92.2083683981156,123.854307460409,183.789371509658,150.281035485131,102.084893825549,128.298132655171,122.167184940839,82.8470057185182,210.57896537595,82.1417788037385,145.93820671817,144.374977122845,167.427972577425,171.453641055367,132.171027180408,148.249206301309,174.440290052456,170.988311338582,148.846048995916
117.819815940554,136.774993198216,109.77610933414,114.024747211039,167.356085848517,106.386769961144,87.782103168043,165.075836324545,134.482719880928,171.963216284349,83.7370650951524,92.2083683981156,123.854307460409,183.789371509658,102.090032490451,102.084893825549,120.539381733997,87.4491986658734,82.8470057185182,163.668040762298,82.1417788037385,124.978905804327,97.1115876224758,136.508313784757,146.739470581979,107.158371915308,115.557163644811,116.469275574823,170.988311338582,116.899538186939
117.819815940554,103.132192367763,109.77610933414,72.9670074029146,133.068853691408,96.85955213604,87.782103168043,103.906955013234,89.259256030854,101.604518881049,83.7370650951524,92.2083683981156,100.530493034003,101.19461882394,99.4038126171746,102.084893825549,120.539381733997,87.4491986658734,82.8470057185182,130.668406150097,82.1417788037385,104.888916505266,97.1115876224758,85.9139954777136,134.90578534818,104.721043036962,114.161887482026,116.469275574823,170.988311338582,90.7476548807805
84.22347850133,103.132192367763,86.3021499499172,72.9670074029146,111.445668226591,96.85955213604,81.0953447476802,103.906955013234,89.259256030854,101.604518881049,83.7370650951524,92.2083683981156,86.4085534474764,101.19461882394,91.0573213539051,97.1224503637505,108.297147273284,75.1430160441759,82.8470057185182,90.8808370167908,82.1417788037385,104.888916505266,97.1115876224758,85.9139954777136,115.476764506174,104.4362941733,100.009105355843,116.469275574823,117.289532874673,90.7476548807805
81.273650180065,99.9794494050283,86.3021499499172,72.9670074029146,93.4254867272747,96.85955213604,70.787553410805,82.3258339801231,89.259256030854,92.750655140747,83.7370650951524,92.2083683981156,86.4085534474764,91.7940561459021,91.0573213539051,78.419401253404,73.3730018384018,75.1430160441759,82.8470057185182,90.8808370167908,82.1417788037385,104.888916505266,97.1115876224758,85.9139954777136,83.9758320480165,95.6754555251392,72.5997591917172,79.4144295511605,98.6281766326533,90.7476548807805
57.8208520246757,99.9794494050283,86.3021499499172,72.9670074029146,41.2103638355874,92.9865076163258,70.787553410805,82.3258339801231,89.259256030854,88.4980530272876,83.7370650951524,87.329877892182,86.1095628164112,77.9146726291577,86.2730392456782,78.419401253404,73.3730018384018,53.716361127909,82.8470057185182,90.8808370167908,82.1417788037385,74.8624016041485,85.3307980665081,73.5110389427595,83.9758320480165,80.8791935265372,72.5997591917172,79.4144295511605,83.3083641904424,90.7476548807805
57.8208520246757,69.333043379365,84.8311609090053,72.9670074029146,41.2103638355874,92.9865076163258,70.787553410805,82.3258339801231,75.0047722526958,88.4980530272876,81.4635796691759,49.8470536696474,73.2039607941524,77.9146726291577,86.2730392456782,78.419401253404,73.3730018384018,53.716361127909,82.8470057185182,82.5350160478965,69.0521537264634,74.8624016041485,85.3307980665081,73.5110389427595,83.9758320480165,76.2312290941621,72.5997591917172,79.4144295511605,80.6470809701656,65.1656756541609
57.8208520246757,69.333043379365,64.743010021486,72.9670074029146,41.2103638355874,86.8369409579094,70.787553410805,78.3532161946888,75.0047722526958,88.4980530272876,80.8488435947495,49.8470536696474,73.2039607941524,77.9146726291577,75.8724258974646,78.419401253404,73.3730018384018,53.716361127909,81.309706471875,82.5350160478965,67.6191754615907,72.4498277824416,67.4503219854312,73.5110389427595,83.9758320480165,75.2422706194121,72.5997591917172,79.4144295511605,80.6470809701656,65.1656756541609
57.8208520246757,67.2594175672197,64.743010021486,72.9670074029146,41.2103638355874,76.0010832575063,70.787553410805,68.0382580033049,75.0047722526958,63.7786509929444,75.2211085210375,49.8470536696474,58.2400391268079,69.56716846739,70.7513431574762,78.419401253404,73.3730018384018,53.716361127909,81.309706471875,79.0352904269466,67.6191754615907,72.4498277824416,67.4503219854312,66.9643579693741,83.9758320480165,75.2422706194121,72.5997591917172,79.4144295511605,62.3470107970682,65.1656756541609
57.8208520246757,67.2594175672197,64.743010021486,72.9670074029146,41.2103638355874,76.0010832575063,68.9989456153075,68.0382580033049,73.5129103879503,54.5207938832798,75.2211085210375,49.8470536696474,58.2400391268079,57.5386835877881,70.7513431574762,69.3115871241122,73.3730018384018,53.716361127909,73.1459808525773,70.169907706709,65.630417356535,72.4498277824416,65.1756121150652,66.9643579693741,70.3669487204075,72.7824235610423,72.5997591917172,79.4144295511605,62.3470107970682,65.1656756541609
57.8208520246757,53.1022726029643,64.743010021486,72.9670074029146,41.2103638355874,76.0010832575063,68.9989456153075,54.8471413709746,68.9268983991888,54.5207938832798,55.690712426487,49.8470536696474,58.2400391268079,57.5386835877881,68.1960142081599,54.2527688228956,60.4549403253567,53.716361127909,63.6775785635343,63.1137502776779,65.630417356535,72.4498277824416,65.1756121150652,62.1279018657057,68.3331077159567,72.7824235610423,40.3532211385412,77.7313425845637,62.3470107970682,65.1656756541609
54.68248155523,50.6576408154384,64.743010021486,48.3054991687353,41.2103638355874,61.2314918485534,65.8571766341632,54.8471413709746,68.9268983991888,40.4836321206567,55.690712426487,49.8470536696474,58.2400391268079,53.4961178464088,61.8179357828777,54.2527688228956,60.4549403253567,53.716361127909,63.6775785635343,62.2453881387124,64.1988093767136,66.2421548490621,65.1756121150652,57.4737547654614,67.7332650543219,69.3369693200189,40.3532211385412,57.0111507699913,43.5671604913739,56.5047788410125
54.68248155523,50.6576408154384,56.81954590208,48.3054991687353,41.2103638355874,59.8464910858962,65.8571766341632,54.8471413709746,62.7086767068745,40.4836321206567,55.690712426487,49.8470536696474,58.2400391268079,53.4961178464088,59.1578548980247,54.2527688228956,60.4549403253567,53.716361127909,50.3355550931639,62.2453881387124,51.8552155281674,55.3676663586447,60.2434286261736,56.0739316476162,57.300162781313,58.0830589659217,40.3532211385412,57.0111507699913,43.5671604913739,56.5047788410125
54.68248155523,50.6576408154384,56.81954590208,48.3054991687353,41.2103638355874,59.8464910858962,62.5197748984614,51.3985533612234,62.7086767068745,40.4836321206567,55.4179542366121,49.8470536696474,54.6011963697564,53.1615107848614,47.366068779412,50.4091621776053,60.4549403253567,49.5923711216969,50.3355550931639,55.4419710127301,51.8552155281674,54.4699303853155,60.2434286261736,55.9771565163305,57.300162781313,58.0830589659217,40.3532211385412,49.2103913427743,43.5671604913739,56.5047788410125
54.68248155523,50.6576408154384,56.81954590208,48.3054991687353,41.2103638355874,59.8464910858962,61.4363976227904,51.3985533612234,58.6422507191825,40.4836321206567,53.8874161494791,49.8470536696474,36.6038344897826,53.1615107848614,47.366068779412,45.5208759394018,60.4549403253567,49.5923711216969,50.3355550931639,55.4419710127301,43.1276698164111,54.4699303853155,55.8274338731859,55.9771565163305,47.3430910648896,51.4578840164112,40.3532211385412,49.2103913427743,43.5671604913739,50.2639387272891
50.546438512564,49.6972421014576,42.294957780318,48.3054991687353,41.2103638355874,51.8939496207664,57.9272731182493,48.0843640951703,50.3306029882679,40.4836321206567,47.3263961308359,49.8470536696474,36.6038344897826,51.8912614536856,47.366068779412,37.5137955446429,52.6841234350886,46.4546244141408,50.3355550931639,50.3237141522181,42.9495847402432,54.4699303853155,48.9224500745083,47.3143791171176,47.3430910648896,51.4578840164112,38.5142246301991,49.2103913427743,43.5671604913739,49.0022768646238
