57.8208520246757,99.9794494050283,86.3021499499172,72.9670074029146,41.2103638355874,92.9865076163258,70.787553410805,82.3258339801231,89.259256030854,88.4980530272876,83.7370650951524,87.329877892182,86.1095628164112,77.9146726291577,86.2730392456782,78.419401253404,73.3730018384018,53.716361127909,82.8470057185182,90.8808370167908,82.1417788037385,74.8624016041485,85.3307980665081,73.5110389427595,83.9758320480165,80.8791935265372,72.5997591917172,79.4144295511605,83.3083641904424,90.7476548807805
57.8208520246757,69.333043379365,64.743010021486,72.9670074029146,41.2103638355874,86.8369409579094,70.787553410805,82.3258339801231,75.0047722526958,88.4980530272876,80.8488435947495,49.8470536696474,73.2039607941524,77.9146726291577,75.8724258974646,78.419401253404,73.3730018384018,53.716361127909,82.8470057185182,82.5350160478965,67.6191754615907,72.4498277824416,72.9869437123564,73.5110389427595,83.9758320480165,76.2312290941621,72.5997591917172,79.4144295511605,80.6470809701656,65.1656756541609
57.8208520246757,69.333043379365,64.743010021486,72.9670074029146,41.2103638355874,76.0010832575063,70.787553410805,68.0382580033049,75.0047722526958,68.3626057007044,80.8488435947495,49.8470536696474,73.2039607941524,69.56716846739,75.8724258974646,78.419401253404,73.3730018384018,53.716361127909,81.309706471875,82.5350160478965,67.6191754615907,72.4498277824416,67.4503219854312,73.5110389427595,83.9758320480165,75.2422706194121,72.5997591917172,79.4144295511605,80.6470809701656,65.1656756541609
57.8208520246757,67.2594175672197,64.743010021486,72.9670074029146,41.2103638355874,76.0010832575063,68.9989456153075,68.0382580033049,75.0047722526958,63.7786509929444,75.2211085210375,49.8470536696474,58.2400391268079,69.56716846739,70.7513431574762,74.4499650591596,73.3730018384018,53.716361127909,79.4600202349998,79.0352904269466,65.630417356535,72.4498277824416,67.4503219854312,66.9643579693741,70.3669487204075,75.2422706194121,72.5997591917172,79.4144295511605,62.3470107970682,65.1656756541609
57.8208520246757,53.1022726029643,64.743010021486,72.9670074029146,41.2103638355874,76.0010832575063,68.9989456153075,54.8471413709746,68.9268983991888,54.5207938832798,55.690712426487,49.8470536696474,58.2400391268079,57.5386835877881,68.1960142081599,54.2527688228956,60.4549403253567,53.716361127909,63.6775785635343,63.1137502776779,65.630417356535,72.4498277824416,65.1756121150652,62.1279018657057,68.3331077159567,72.7824235610423,40.3532211385412,77.7313425845637,62.3470107970682,65.1656756541609
54.68248155523,50.6576408154384,56.81954590208,48.3054991687353,41.2103638355874,61.2314918485534,65.8571766341632,54.8471413709746,68.9268983991888,40.4836321206567,55.690712426487,49.8470536696474,58.2400391268079,53.4961178464088,61.8179357828777,54.2527688228956,60.4549403253567,53.716361127909,50.3355550931639,62.2453881387124,56.0710199429425,66.2421548490621,65.1756121150652,56.0739316476162,67.7332650543219,58.0830589659217,40.3532211385412,57.0111507699913,43.5671604913739,56.5047788410125
54.68248155523,50.6576408154384,56.81954590208,48.3054991687353,41.2103638355874,59.8464910858962,65.8571766341632,54.8471413709746,62.7086767068745,40.4836321206567,55.690712426487,49.8470536696474,54.6011963697564,53.4961178464088,59.1578548980247,54.2527688228956,60.4549403253567,53.716361127909,50.3355550931639,62.2453881387124,51.8552155281674,54.4699303853155,60.2434286261736,55.9771565163305,57.300162781313,58.0830589659217,40.3532211385412,53.3154349997277,43.5671604913739,56.5047788410125
54.68248155523,50.6576408154384,56.81954590208,48.3054991687353,41.2103638355874,59.8464910858962,62.5197748984614,51.3985533612234,62.7086767068745,40.4836321206567,55.4179542366121,49.8470536696474,54.6011963697564,53.1615107848614,47.366068779412,50.4091621776053,60.4549403253567,49.5923711216969,50.3355550931639,55.4419710127301,51.8552155281674,54.4699303853155,60.2434286261736,55.9771565163305,57.300162781313,58.0830589659217,40.3532211385412,49.2103913427743,43.5671604913739,56.5047788410125
54.68248155523,50.6576408154384,56.81954590208,48.3054991687353,41.2103638355874,59.8464910858962,61.4363976227904,51.3985533612234,58.6422507191825,40.4836321206567,55.4179542366121,49.8470536696474,36.6038344897826,53.1615107848614,47.366068779412,50.4091621776053,60.4549403253567,49.5923711216969,50.3355550931639,55.4419710127301,51.8552155281674,54.4699303853155,55.8274338731859,55.9771565163305,57.300162781313,51.4578840164112,40.3532211385412,49.2103913427743,43.5671604913739,50.2639387272891
54.68248155523,50.6576408154384,56.81954590208,48.3054991687353,41.2103638355874,59.8464910858962,61.4363976227904,51.3985533612234,58.6422507191825,40.4836321206567,53.8874161494791,49.8470536696474,36.6038344897826,53.1615107848614,47.366068779412,45.5208759394018,60.4549403253567,49.5923711216969,50.3355550931639,55.4419710127301,43.1276698164111,54.4699303853155,55.8274338731859,55.9771565163305,47.3430910648896,51.4578840164112,40.3532211385412,49.2103913427743,43.5671604913739,50.2639387272891
50.546438512564,49.6972421014576,56.81954590208,48.3054991687353,41.2103638355874,59.8464910858962,61.4363976227904,48.0843640951703,58.6422507191825,40.4836321206567,47.9380623760571,49.8470536696474,36.6038344897826,53.1615107848614,47.366068779412,45.5208759394018,60.4549403253567,49.5923711216969,50.3355550931639,55.4419710127301,43.1276698164111,54.4699303853155,55.8274338731859,55.9771565163305,47.3430910648896,51.4578840164112,40.3532211385412,49.2103913427743,43.5671604913739,49.0022768646238
50.546438512564,49.6972421014576,42.294957780318,48.3054991687353,41.2103638355874,55.9299240965211,61.4363976227904,48.0843640951703,50.3306029882679,40.4836321206567,47.9380623760571,49.8470536696474,36.6038344897826,52.6716928023992,47.366068779412,37.5137955446429,52.6841234350886,49.5923711216969,50.3355550931639,55.4419710127301,43.1276698164111,54.4699303853155,55.8274338731859,52.0909820897667,47.3430910648896,51.4578840164112,38.5142246301991,49.2103913427743,43.5671604913739,49.0022768646238
50.546438512564,49.6972421014576,42.294957780318,48.3054991687353,41.2103638355874,55.9299240965211,61.4363976227904,48.0843640951703,50.3306029882679,40.4836321206567,47.3263961308359,49.8470536696474,36.6038344897826,52.6716928023992,47.366068779412,37.5137955446429,52.6841234350886,46.4546244141408,50.3355550931639,55.4419710127301,43.1276698164111,54.4699303853155,48.9224500745083,47.3143791171176,47.3430910648896,51.4578840164112,38.5142246301991,49.2103913427743,43.5671604913739,49.0022768646238
50.546438512564,49.6972421014576,42.294957780318,48.3054991687353,41.2103638355874,51.8939496207664,57.9272731182493,48.0843640951703,50.3306029882679,40.4836321206567,47.3263961308359,49.8470536696474,36.6038344897826,51.8912614536856,47.366068779412,37.5137955446429,52.6841234350886,46.4546244141408,50.3355550931639,50.3237141522181,42.9495847402432,54.4699303853155,48.9224500745083,47.3143791171176,47.3430910648896,51.4578840164112,38.5142246301991,49.2103913427743,43.5671604913739,49.0022768646238
