476.330568969507,193.510178661762,650.570130126484,394.970464334423,514.557990963013,41.3855223898931,70.6614595624438,1683.34572497638,416.112027245104,832.190835304936,500.511636449042,840.981635509362,1567.71517112334,379.733946242863,472.015162456549,363.639260587082,333.85157292268,1240.39924838669,555.239609331148,1180.86716162465,786.690785212077,355.398203684191,441.469930858697,472.738187085577,918.29203318985,696.291118378542,777.612954035909,1217.42835440086,912.149786045456,1311.14627030941
375.971832626196,193.510178661762,418.902626999404,320.381397143075,150.38951848368,14.852623511036,70.6614595624438,98.6713677114992,82.3316082353634,248.164011486562,437.22915129097,515.697029526934,399.29480487206,379.733946242863,421.877528931827,363.639260587082,333.85157292268,335.624363630797,285.522676420075,259.950578421647,420.777562492115,355.398203684191,62.4270235161198,472.738187085577,516.536066576858,443.893600708333,249.86772543086,880.871722492047,826.728913390712,261.703703294232
375.971832626196,193.510178661762,418.902626999404,320.381397143075,150.38951848368,14.852623511036,70.6614595624438,98.6713677114992,82.3316082353634,248.164011486562,437.22915129097,515.697029526934,399.29480487206,379.733946242863,421.877528931827,341.762634070072,333.85157292268,125.283150335129,285.522676420075,227.983751249153,420.777562492115,355.398203684191,62.4270235161198,472.738187085577,516.536066576858,380.150394544233,249.86772543086,589.851782885428,470.168637034235,261.703703294232
375.971832626196,161.065934844725,418.902626999404,320.381397143075,100.817686455344,14.852623511036,70.6614595624438,98.6713677114992,67.5223290595357,248.164011486562,329.958263805543,27.8992554661273,257.895963609355,379.733946242863,236.225022139427,341.762634070072,333.85157292268,125.283150335129,119.60376176913,227.983751249153,420.777562492115,63.430651083489,62.4270235161198,472.738187085577,460.476609557797,321.76477016795,249.86772543086,589.851782885428,391.803392298867,261.703703294232
156.600288470315,161.065934844725,174.685085473668,266.907188158368,100.817686455344,14.852623511036,70.6614595624438,93.5906956821723,62.4887978890347,248.164011486562,27.8239637779998,27.8992554661273,257.895963609355,124.969003415109,74.3752860079193,329.830173284713,71.6555587371132,125.283150335129,119.60376176913,98.186417464554,94.0907027937528,63.430651083489,62.4270235161198,86.1994605157458,28.207764129169,145.771581988861,75.4460493879312,223.649685728021,73.9318972712728,69.7601399958528
75.1605617716541,112.043062941541,76.2395090219378,126.020374490446,37.6373120520216,14.852623511036,70.6614595624438,60.4887878850166,62.4887978890347,47.2536048896478,27.8239637779998,27.8992554661273,242.359422847299,124.969003415109,74.3752860079193,24.5283612987064,71.6555587371132,104.234855490694,25.4540195334495,67.4581038289592,88.1424675102929,63.430651083489,62.4270235161198,86.1994605157458,28.207764129169,36.0144014830239,75.4218780317356,28.3458406526364,73.9318972712728,69.7601399958528
75.1605617716541,111.591022927176,13.3062540084384,50.5071720295869,37.6373120520216,14.852623511036,23.3603746543786,9.68021480329742,62.4887978890347,47.2536048896478,27.8239637779998,27.8992554661273,242.359422847299,100.813088073375,30.1328466944757,8.93837604288717,71.6555587371132,104.234855490694,25.4540195334495,67.4581038289592,38.3127935216437,63.430651083489,62.4270235161198,86.1994605157458,28.207764129169,36.0144014830239,22.8657211743129,28.3458406526364,73.9318972712728,69.7601399958528
75.1605617716541,111.591022927176,13.3062540084384,50.5071720295869,37.6373120520216,14.852623511036,23.3603746543786,9.68021480329742,62.4887978890347,31.7433621600309,27.8239637779998,24.3115814722144,140.04733761265,44.588333142732,30.1328466944757,8.93837604288717,71.6555587371132,19.2278613688251,25.4540195334495,67.4581038289592,14.301861547843,51.4502882041297,55.8388252729544,22.2191444157531,28.207764129169,25.236849578461,22.8657211743129,28.3458406526364,73.9318972712728,69.7601399958528
63.1624996398394,111.591022927176,13.3062540084384,50.5071720295869,18.2265876047295,14.852623511036,23.3603746543786,9.68021480329742,54.4315919345388,29.787554153542,27.8239637779998,24.3115814722144,18.6405898253136,44.588333142732,30.1328466944757,8.93837604288717,1.85054259807657,19.2278613688251,4.69231257832701,22.7977179452172,14.301861547843,51.4502882041297,55.8388252729544,10.1677632312817,28.207764129169,25.236849578461,22.8657211743129,28.3458406526364,22.7337588815869,69.3181741001088
54.766912904297,111.591022927176,13.3062540084384,0.875569703079464,18.2265876047295,14.852623511036,14.6592032007379,9.68021480329742,54.4315919345388,13.9902538027397,27.8239637779998,24.3115814722144,13.8070277582524,44.588333142732,30.1328466944757,8.93837604288717,1.85054259807657,19.2278613688251,4.69231257832701,22.7977179452172,14.301861547843,14.8159245320835,55.8388252729544,10.1677632312817,28.207764129169,25.236849578461,22.8657211743129,28.3458406526364,22.7337588815869,12.8928942314985
54.766912904297,56.1200311425536,13.3062540084384,0.875569703079464,18.2265876047295,14.852623511036,4.97337193168403,9.68021480329742,54.4315919345388,13.9902538027397,27.8239637779998,1.92879115839037,13.8070277582524,44.588333142732,30.1328466944757,8.93837604288717,1.85054259807657,19.2278613688251,4.69231257832701,22.7977179452172,14.301861547843,14.8159245320835,42.5473808303034,10.1677632312817,28.207764129169,25.236849578461,22.8657211743129,28.3458406526364,22.7337588815869,12.8928942314985
54.766912904297,56.1200311425536,2.48513351021541,0.875569703079464,18.2265876047295,8.57216996881516,4.97337193168403,9.68021480329742,5.10763799351503,13.9902538027397,27.8239637779998,1.92879115839037,13.8070277582524,37.0344390564387,30.1328466944757,8.93837604288717,1.85054259807657,19.2278613688251,4.69231257832701,22.7977179452172,14.301861547843,14.8159245320835,42.5473808303034,10.1677632312817,10.9890792765594,25.236849578461,22.8657211743129,28.3458406526364,22.7337588815869,12.8928942314985
54.766912904297,56.1200311425536,2.48513351021541,0.875569703079464,18.2265876047295,8.57216996881516,4.97337193168403,9.68021480329742,5.10763799351503,13.9902538027397,27.8239637779998,1.92879115839037,13.8070277582524,37.0344390564387,30.1328466944757,8.93829052091053,1.85054259807657,13.9540309941001,4.69231257832701,22.7977179452172,14.301861547843,14.8159245320835,42.5473808303034,5.43668103793016,1.53403024456588,25.236849578461,16.271230244137,28.3458406526364,22.7337588815869,12.8928942314985
49.8524891880302,56.1200311425536,2.48513351021541,0.875569703079464,18.2265876047295,8.57216996881516,4.97337193168403,9.68021480329742,5.10763799351503,13.9902538027397,27.8239637779998,1.92879115839037,13.8070277582524,37.0344390564387,30.1328466944757,8.93829052091053,1.85054259807657,13.9540309941001,4.69231257832701,18.5321371986568,14.301861547843,14.8159245320835,41.3389218888742,5.43668103793016,1.53403024456588,19.4895514182437,16.271230244137,28.3458406526364,8.98999461305164,12.8928942314985
