6112.39410815202,13160.8088855413,2249.73690404296,8524.19167109306,8009.05528475878,8246.03639345011,6450.12408599944,3621.39488558821,7218.97172728984,5781.28754941013,4207.59805896727,5484.59677311301,8814.12994805598,5401.03085253028,3712.91911554176,5997.20640213635,2956.80814067275,5258.98378010579,9830.67661203057,5232.35672805208,4476.61352257184,4281.52202110638,15811.4028662453,4916.9617631218,3261.15712446382,4623.83946508196,6346.78786563738,3036.20901700088,3951.67435134794,2517.67584426798
6112.39410815202,10743.1340363287,1085.38877462216,7652.28379692645,4241.51157823346,5230.19183610885,4632.42954226686,1284.64005006535,2458.5052290879,5781.28754941013,4207.59805896727,5484.59677311301,5748.15137708189,2814.59324100117,3703.35230621722,3530.35222521053,2956.80814067275,5258.98378010579,7830.67104928711,3893.08461214548,4476.61352257184,2349.04577044052,1841.8619907931,3561.80409011402,2044.68637001458,4623.83946508196,2372.34146141956,2038.70081569932,3167.76659924242,2517.67584426798
2107.48737781248,4282.84195459622,1021.25575768142,7224.82589022609,3542.73826680086,1244.26694206548,2959.51214937115,1284.64005006535,2035.30897280925,5781.28754941013,4207.59805896727,4247.26107593443,1415.15348013919,1837.17662752094,1017.44100759842,2723.92181235258,2419.29671416528,4012.24717580962,3530.77179996649,3893.08461214548,4055.29340690472,779.404420383526,1251.6055662406,1102.82010578645,2044.68637001458,2648.96605759837,2339.90116035061,1019.36072960946,1556.21632226078,2517.67584426798
464.196491481958,2815.99557373563,258.164183722518,3040.6844447734,2809.18907935911,1244.26694206548,1417.05855557493,1284.64005006535,1208.98405511365,2368.20390402854,1698.6211069482,3269.6936547732,1050.62677740183,849.770403970256,1017.44100759842,1952.09569154213,859.85054870467,1296.35304805749,2990.197316534,2626.75166323554,823.757153066653,779.404420383526,359.632835923651,312.863159157015,2044.68637001458,2648.96605759837,1263.0493917783,275.232773605606,1406.49703311125,1688.36943124869
464.196491481958,1163.53616952502,152.881712311703,873.057272697226,1259.82554470584,484.790672273323,1417.05855557493,1284.64005006535,471.451917416869,909.907002442563,1698.6211069482,1228.60949571108,1007.61517071329,849.770403970256,1017.44100759842,776.557647068667,258.253114730011,1220.17834144753,1685.48297338526,2626.75166323554,83.0892816753255,779.404420383526,359.632835923651,312.863159157015,2044.68637001458,2648.96605759837,1020.80082124784,275.232773605606,696.516531206109,452.482244168485
464.196491481958,1163.53616952502,46.595308259691,548.181406104152,606.326406120018,484.790672273323,700.471413162799,1284.64005006535,471.451917416869,909.907002442563,470.422226070105,1228.60949571108,1007.61517071329,849.770403970256,1017.44100759842,776.557647068667,244.023369922199,1220.17834144753,1324.81025255416,1161.3339342022,83.0892816753255,779.404420383526,359.632835923651,312.863159157015,1704.40534283877,56.8320949800025,968.19910961971,275.232773605606,696.516531206109,109.717661977202
464.196491481958,1163.53616952502,46.595308259691,548.181406104152,606.326406120018,484.790672273323,700.471413162799,301.365202345907,280.674347056444,841.616727242904,200.216535918981,1002.96214767967,1007.61517071329,75.8607913021931,1017.44100759842,96.4864264077321,244.023369922199,573.931744718123,183.859224169653,1161.3339342022,83.0892816753255,180.536084962673,359.632835923651,312.863159157015,293.201655011954,54.4191293309855,671.72767306654,275.232773605606,686.498332320632,109.717661977202
241.564450445162,190.869366769587,46.595308259691,548.181406104152,227.272614732346,370.027505095128,489.94448244417,244.270613159141,188.356885716449,841.616727242904,64.7236236989319,665.544535170288,1007.61517071329,75.8607913021931,618.580456148868,96.4864264077321,244.023369922199,573.931744718123,183.859224169653,740.880438177351,83.0892816753255,144.920308702244,359.632835923651,312.863159157015,293.201655011954,54.4191293309855,671.72767306654,275.232773605606,686.498332320632,109.717661977202
241.564450445162,190.869366769587,46.595308259691,417.693225252134,55.4535008969697,330.273946184529,489.94448244417,244.270613159141,188.356885716449,577.042147222206,64.7236236989319,491.262459984996,293.810767767307,69.7864855768078,294.951750475847,96.4864264077321,244.023369922199,573.931744718123,183.859224169653,594.224590766179,83.0892816753255,144.920308702244,359.632835923651,312.863159157015,293.201655011954,54.4191293309855,671.72767306654,275.232773605606,435.857921967923,109.717661977202
241.564450445162,190.869366769587,46.595308259691,417.693225252134,33.2468529801758,325.333107351235,66.9712612163913,182.2542747665,188.356885716449,274.340729180682,64.7236236989319,17.5704124164075,293.810767767307,69.7864855768078,294.951750475847,96.4864264077321,244.023369922199,260.967683205982,183.859224169653,556.362932089532,83.0892816753255,144.920308702244,130.75628492927,309.832122456855,293.201655011954,54.4191293309855,332.696300901214,275.232773605606,272.825286613698,109.717661977202
18.287156147913,190.869366769587,46.595308259691,162.855467084678,33.2468529801758,253.56596418401,66.9712612163913,182.2542747665,18.6544625690722,125.787990461663,64.7236236989319,17.5704124164075,152.920216441383,25.4156700191436,193.56872551506,96.4864264077321,49.6767802383525,41.4642331761771,183.859224169653,346.303763780468,83.0892816753255,110.285490611033,130.75628492927,16.7489048305655,293.201655011954,54.4191293309855,23.0166234478975,145.746525202345,143.38005417057,109.717661977202
18.287156147913,108.597426874381,46.595308259691,147.459624278714,33.2468529801758,126.87975332936,40.2852754172998,54.1146739177458,18.6544625690722,125.787990461663,64.7236236989319,17.5704124164075,152.920216441383,25.4156700191436,88.3644758342749,90.6097866423194,21.0735750178718,41.4642331761771,16.8053731938221,90.455933085687,83.0892816753255,110.285490611033,130.75628492927,16.7489048305655,154.458292478364,54.4191293309855,5.80280386746711,103.900508755415,143.38005417057,106.283807649477
18.287156147913,45.0736134033232,46.595308259691,56.7771258718393,33.2468529801758,69.266997204557,40.2852754172998,54.1146739177458,18.6544625690722,12.9469002368335,64.7236236989319,17.5704124164075,123.390103134324,25.4156700191436,88.3644758342749,72.0464096899033,21.0735750178718,7.76339771959158,16.8053731938221,36.3092817375206,83.0892816753255,61.3811410389154,52.8286125013458,16.7489048305655,63.428265297007,54.4191293309855,5.80280386746711,80.2772053446772,143.38005417057,29.833378840952
18.287156147913,45.0736134033232,46.595308259691,40.7603333987815,5.73363016936742,69.266997204557,40.2852754172998,48.9541574523701,18.6544625690722,12.9469002368335,30.5430727468245,17.5704124164075,80.4628981765399,8.30201997100187,8.46458801101528,72.0464096899033,14.659488667832,7.76339771959158,16.8053731938221,36.3092817375206,83.0892816753255,61.3811410389154,52.8286125013458,16.7489048305655,63.428265297007,54.4191293309855,5.80280386746711,2.29729912315781,80.0100292751473,29.833378840952
18.287156147913,34.5448236747884,46.595308259691,38.4159390296322,5.73363016936742,41.061000931145,16.1162080822303,20.5813644574391,18.6544625690722,12.9469002368335,28.1479756534304,17.5704124164075,27.7736062501237,8.30201997100187,8.46458801101528,5.95049192163833,14.659488667832,7.76339771959158,0.825040051123324,17.2334403657151,18.7975626656577,61.3811410389154,45.6989077931407,16.7489048305655,35.3429177939947,51.0112523639459,5.80280386746711,2.29729912315781,80.0100292751473,14.5590153460505
16.4272953010235,8.10165891049724,25.4434718567086,38.4159390296322,5.73363016936742,41.061000931145,5.62484696649835,20.5813644574391,14.0255554125379,12.9469002368335,28.1479756534304,17.5704124164075,22.8677594144827,8.30201997100187,8.46458801101528,5.95049192163833,0,7.76339771959158,0.825040051123324,8.51293875082865,18.7975626656577,31.3865815124711,45.6989077931407,16.7489048305655,26.8577639104002,51.0112523639459,5.80280386746711,2.29729912315781,55.531565120301,14.5590153460505
