388.579262447158
34.4198597625116
335.443797801402
395.60623317252
136.792026086896
185.802809827417
89.1465332860803
419.760622446783
138.911487876102
320.140564443985
108.208656516248
123.372393704095
785.448783486772
49.909514899663
173.352248406211
90.2600904833628
239.291661886175
205.337508383272
114.321979750332
631.244573387706
95.4990679962041
350.987607770514
344.530573962686
89.6356447130393
521.482746210379
286.86756984515
217.61774990707
481.293642222384
52.8284326104035
165.24218260642
