23822.805247158
16864.2511266641
58042.5738563315
463055.570923188
601302240.4356
14831.8395911199
50141.8431688751
9921.41529960131
50837.1403590719
17618.4292248605
2469676.08508912
28957.5837964953
24748.6063637617
375459.331094977
512009.347257562
12965.5578097315
9337.25822711046
1503547.1312471
18750.0321604123
87332.9733846666
23692.1217951105
10871.6449343398
25345.1293316606
36593.1086058002
4512407.86671817
1575473.72667974
473592.416649265
7832392448.2603
24335.0310209096
614111604.688093
