8473.12772538937
2779.00401574779
15773.5753302703
14917.2859253953
5764.67855613506
1210.48869028432
1840.24000988516
579.547039131714
2906.73568698094
13257.2590098386
1711.48620512171
16439.2388023575
2563.08401213302
3155.03786298546
9322.6367188952
20014.5011530259
25927.2827213586
22215.4795908627
15352.0991991064
5210.44916509456
2178.13836331981
6204.33788266806
7507.65103362154
1249.16485622162
1279.22908256023
16918.1359232005
2156.20197004968
22375.5274154339
5924.81215441152
230.767264684343
