8440.25281705477
21023.0406706045
337.805589141784
27925.7956272269
5085.35930527922
26970.2839084143
5379.61827881602
1686.47536351882
25409.1450666437
7230.80130092525
67200.3626791337
24886.2915791571
4800.2989570575
1227.34281075377
19444.4696920169
3923.50650570188
4646.35612355988
13659.7193561567
3997.29468096192
10822.7754931723
1394.13088277128
138.758083434342
2951.98033105218
369.08778299999
29855.328716103
7286.1615369789
4869.81729071958
22517.0297569702
19607.4736022813
2573.90511469995
