740.130346340421
58.6805066138518
571.451724708012
534.627979635499
184.335027665514
386.51829897266
143.989997951732
346.584403270478
253.535059870188
552.175473561028
674.592987784916
482.985940826661
869.913528436826
434.368275016084
216.498994832491
750.725256788221
191.154536342822
297.302389045458
388.172413231752
506.437737369822
823.256237331929
632.591418859731
423.586753035495
74.3042393447824
351.126814449899
739.750869232378
788.445058064741
138.259884053615
601.575165977228
902.132142089049
