26991.7408005675
3290.2340192802
730.170942889831
7896.60619221204
34138.1123952429
3882.72288630749
47369.3044477295
21506.733380477
111788.365878305
624667860.831071
14489.4340802455
27818.9729786468
5028.36757498224
38025564.3434027
10141.6166322787
32545.6057248264
27276.8761194886
28425.3343767724
4260.58438013254
35416.6117592772
6202.77909757565
21963.4982645898
29375.4077617228
44711.4667982558
18123.0417866061
31488.3518744874
40718.1135088584
27808.5412662802
38346.3162305869
44655.3722713529
