30567.9868593315
1601.94119123485
9451.99406365212
31485.7416012103
29476.5351536296
30268.7451573875
14.8719438872108
30295.2626199258
28472.0447073461
6072.32370641358
24349.8461637772
536.393311414695
2236.72923967765
19808.39778009
30319.369972314
23200.9503223286
179.311232474636
4326.16448104748
25350.8504867733
20785.8248558277
8774.05936907529
19573.6779351663
442.647321792362
4335.21610854632
21052.596413184
319.918127370358
75.7632307845836
8040.04387118216
54992.7284283607
713430.707783707
