78472.5406697218
141.552021579477
709455.14809849
1308259.76467711
125.275092218818
9130.36314881419
22250.233999551
116.985932587657
6057.42342508095
259.877444245662
21484.7570572251
176994.624552363
609.74041709059
19739.3092260203
45518.8277477248
1347966.54914904
6000.71781016941
2949.16215115742
0.314072728666474
19109.9988494351
113.543677328604
1807844.89616583
1089729.37126231
58181.1860920965
346532193.91182
139.347232819773
16501.6880151132
107.976436219466
280.281835926026
264.929925683357
