671.653248208822
192.266766538266
525.45817578563
349.833760096455
582.120552741046
624.505489731806
546.468150708536
717.218412832975
862.336572526934
606.914521844879
617.00726855059
1068.42406360395
950.513553032272
273.973802105203
456.663053745699
656.39691834116
347.124019486578
803.607966496912
987.253765751066
822.330478564148
535.904234816066
793.552678137897
933.527004870153
362.56927870929
533.425379318562
610.747255376019
533.923778646172
1048.8196102594
990.181426537201
386.186384264263
