398.591910463896
451.06024449932
457.733331065307
523.468469734859
295.288665648212
377.298038417529
374.110086747222
370.194481562065
301.960358360257
116.642528522887
356.72630861678
434.554288678617
544.786852548952
328.698963767031
351.455869654343
477.718375143049
225.835815235571
492.44156790237
191.365364362233
334.608284172954
391.334043035577
399.367914292332
285.766750009727
521.60253646368
341.16706318683
331.810604154546
108.220082881423
296.636784571456
409.058082927084
450.18365836102
