2443.73935271294
108.400273419044
1901.11273125105
4183.16506881163
3246.57853894882
2058.45626982805
1501.87795916775
1947.86470689596
2389.1881564688
1893.79212070622
2707.12573483389
1725.97629160656
2392.27652328029
1594.38069147107
2700.86668117974
1997.78067854775
2893.54831049768
1700.48233903538
2274.07803826773
2853.73802850801
178.413630852763
2624.29381996577
2496.11333164827
2448.35550132923
1705.57249822279
3218.29479250879
1785.21366748206
2956.84058482072
1856.74861258619
1580.30908241277
