950.392336910654
1217.15177712152
1147.04504703087
1105.08371780052
763.525633984698
2241.02480676717
1360.9135272842
1303.83496757209
1783.36669207691
447.114238499001
1148.00117005701
1528.85539967088
624.810999589702
872.285175227672
743.421456132386
769.221649512819
1105.02950485974
1070.97014442206
1459.97677096641
487.501124665476
1261.36744258316
586.185189092794
639.168351747974
538.646722800268
1637.43559255538
570.147989713718
387.880529708209
1074.76327096006
1165.8072719765
788.09898023948
