287.298892583785
635.431199208255
691.479574493103
630.014708135291
669.367650463877
506.503995417617
596.794776257758
574.544166188512
564.789133342907
538.558216537187
100.000000000002
592.067582171275
520.278035434722
664.731687093092
721.700543017405
721.096745682976
768.497269565937
937.914723263573
263.201756500326
205.088689400679
206.221719562261
1140.82216745324
763.105694001386
859.117529465592
742.884506481713
673.686437790004
697.389293793697
183.665374619922
513.345262537175
348.880866067717
