455.148925142962
624.506618064418
399.65901559977
451.388763142832
464.546670968457
461.141302296461
485.303655670225
1123.25706220095
1169.05044276736
753.473856473884
633.037064449491
399.741327728105
2648.55785214667
449.162469076684
451.549637162626
978.646493128692
446.320470476322
424.877109351887
561.776812678241
458.92284853986
965.539036976734
578.009490117412
399.890916641976
400.970310150419
568.318210590729
493.165770508531
486.235886553929
445.5916368936
679.158879134853
399.876012572658
