709.110438834536
3801.07903326065
915.889410832321
504.474827706161
1098.82130500736
727.975757613526
822.780212262886
1167.01069010638
562.074290132136
2362.72224295418
840.674128096241
980.151975409953
497.235728044992
708.16494867203
558.130827494903
3949.25524589279
2031.98114416656
616.442760012083
574.330253137877
1107.72505053132
1618.81085366563
913.323288502768
785.92890202585
1573.88115175818
501.410511975146
930.741478100327
622.188433729457
830.310419305401
547.435724547297
684.613368143643
