947.762141222955
944.702901477115
862.778121625799
802.334601039715
1170.98820934251
1066.53787233408
1134.70892573617
816.86978460881
779.395694994825
1300.35209676784
558.531532238732
2809.51062922413
963.125867564143
938.428914903731
1248.22736895781
419.467874845179
995.312087125404
1154.30144396744
647.550099268886
1080.37103376494
1033.31951681138
553.780002609526
476.106077336591
803.974366996817
1263.73456490784
1772.8388471228
846.497483720426
423.447919788988
724.738839953237
803.331255029992
