40834.939638195
16928.3201704449
41073.7203751247
11849.8779667638
88138.4550439572
28461.9588546021
38707.292603029
67899.0723986734
26833.750442286
26815.1072456351
24548.537027315
18534.6697473489
69423.6220831659
33705.9710971578
14243.8391863096
57208.8140541961
78396.5572761641
49816.6051024091
13026.8596259988
21521.3264197038
31143.991097392
18784.6429008339
19627.4406082414
32000.6462151651
36013.7478539826
41089.7057850439
50540.1824992645
31091.7589195358
33808.7713705468
29824.0294704587
