324499.180618302
5056469.15517709
28741992.2248684
14827671.3893197
4571104.43753863
11554413.4319559
140668448.477094
742923716.261255
66062018.6831836
46026073.8548692
11504721.935314
6923772.89996056
137213229.948525
26165.1134639933
166069606.618938
640099.338104433
92557.9213631797
1318743.70059468
38423738.3935459
59021861.1903908
941862.006427689
11092976.54216
217803550.180436
42445740.2211459
75837189.3655514
9229736.76298255
2750295.28536983
78753408.3726539
61445230.6423127
194349721.209709
