7.90063213108613
49.1563437574669
257.911516491391
162.421247358181
6.31052188468936
9.46449372138119
90.5121211903576
7.90824970398802
77.146357559235
70.6044716746224
373.87525469803
132.140135225524
175.186769626475
2453.67015171126
14.0051016461198
12.5227496075793
89.164040326141
1378.87838467684
74.3812302313132
69.7524042700582
6.82477734703934
25.0850154587334
1759.47880669951
194.340740620417
46.197580966036
7.27217561199353
65.3648769812119
5.67158677564089
35.183920255561
5.70475077388903
