260.671684820092
134.317823236861
167.146668775031
371.103934788311
175.105918122988
266.997130318721
207.93699018797
461.63195443931
320.359805235906
690.484929402767
302.457407179766
55.7173172732315
364.026142815357
374.073410454335
160.18575509015
168.145651735871
526.285956783115
169.139457281691
413.876114076045
257.685783300344
126.358668924412
326.648349508391
175.110456962578
387.025198690198
358.167000858617
384.02267981917
190.033384381289
104.469391577752
234.80296225213
481.021254411764
