116.888860752463
151.887213967781
82.1466484669127
50.2300708867344
57.9192288599588
107.965668225844
77.360609330267
88.3568095267044
123.888961917593
98.5596590737878
110.481322266588
80.3735188809861
80.7615813607871
77.797215927258
87.066957736298
115.625112364918
93.8683006884185
80.5886005753923
96.755893680706
91.5468755472025
83.0087449326358
103.649911133846
63.9651654396092
78.1284786998385
72.2802553953809
93.5936012060806
93.8853196264124
70.827974556633
73.5978645479929
50.5317054912487
