565.26409705606
1567.91368852196
360.632334739503
1055.60228483308
562.178588277205
752.9077657517
891.308045420871
1332.52788911525
1167.84903093057
915.613613204588
589.440491673482
471.165047834988
1384.27727304366
408.311805201315
813.434234713469
1166.02432096443
773.738860209931
1309.42624518738
1157.29798460675
1400.8636158775
512.097292785831
563.100220915775
780.288916896358
1151.20002789516
709.69334013849
895.289559323548
1169.17115311865
683.869409975966
1066.48470420427
989.272775592525
