197.985234294839
125.363384671106
102.479412137199
242.642287708557
122.378531087892
275.775748118939
208.641330847406
130.338051172879
168.144580868465
268.631204905079
301.454571657142
179.0892346894
170.620998768703
192.755212647144
118.398965413652
306.434923067109
193.826361716475
147.250545154243
89.5457635486671
143.270713963689
192.020040002788
301.458198525576
371.338219146524
116.408661330213
83.5756720594536
97.5050990870948
95.5152624959886
152.227330719333
44.7728637284173
63.6771423300719
