4535.80307289279
2617.25088022219
9548.87283797519
412.439915954416
5164.93269227937
6248.41591614085
2749.43055498087
4155.13567211175
2874.52813717517
1954.10483581336
3714.58320093684
2777.54712241147
3378.06007407964
2912.86534677335
6150.60714731814
3187.69678315935
3138.12512615672
5197.22557646495
3316.36709442048
5729.23981808394
1342.31520595588
3713.09225054929
5068.2392934196
2674.4919579755
4234.68016808191
3937.51944385214
2266.12268229049
1444.21080260276
4174.60413576363
3518.63844200848
