1626.59492417093
1599.25309625419
1695.05548353328
1496.06255992139
1531.35278413522
1389.14011559001
1771.97015098214
1711.07006281884
1463.57666972313
1376.95866259267
1694.48706802205
1789.9680047714
1794.86405612463
975.108527194017
1652.30567795717
1593.99367733057
1345.3869354616
1534.9374661613
1515.15155441894
1371.46825839856
1584.23479272887
1815.90988756492
1696.50646789403
1610.86193876241
1754.52069977955
1620.89733119709
1860.76376588683
1712.95770761758
1450.17723496181
1484.68686185354
