87750.5845228164
81236.0559289845
11090.176335192
32647.0007242445
22607.5176815575
10063.5593573804
13736.3638221394
11366.3623534558
27463.6685484144
63068.2298378722
24269.2124558507
120499.204975791
39307.2302467756
53331.6324288492
5598.17530862658
8181.71783283947
13064.5526303877
13019.9915564779
6085.83252943151
33741.4710591246
109668.520476855
42235.9823475967
9045.9267904493
5850.42033816211
32151.3926168004
16197.7662008768
13083.7134057415
24664.2040029832
213851.497353848
64646.8000026704
