12862.1217058625
47867.5436296281
61218.4008434152
4320.13699609973
30360.2933682602
12451.6882047512
20258378.3690246
220303.085640923
65773.1474001959
209562.866332163
16436492.2297301
6455.34991364787
18166.2534280081
116595065.078724
354392.379676019
76869.4709319417
28764.120882466
320945.82697266
370342.382327225
17322.5393903769
21899009.3531516
32805.8983788394
3389.97050139787
3057763.89309034
8147.51864680542
56015.5874618032
8189.36802108065
303756.538109017
57185.9378777478
182362.516860822
