11897.923994573
18795.6641913859
26455.9387333713
12541.7198288632
10034.5554389874
408.535773579177
2134.34132449033
55952.207926481
152.063766695534
7458.73937157587
136.677263482756
11948749.2317536
126.812535055196
688.765524299243
10508.6432803151
1016.57892383781
71513.093247798
1610.41947021988
64929.625628379
8815.59098639313
195.852705364623
916.229500401939
6644.72886177488
1093.25809166448
470.488359350558
4722.34749917011
2075.00140807507
261422.986291
125290.540127327
430.841669075911
