237.069520203836
331.855955161299
263.544399930846
334.336074953636
251.649914751335
232.473669429612
300.400764607956
252.118200180872
199.561178992785
297.614347012501
386.090222306559
224.194530079971
271.662735725525
313.752301439991
254.039685914223
205.966654958241
248.2680077764
221.18356293803
342.753931401122
248.338473322536
119.187377527597
276.60924545496
300.6486480813
166.798297095506
159.884654363874
227.837244810263
203.738965349888
104.036473353103
242.077824103341
244.028993119561
