12550430.5522924
31227727.1637099
1380712550.82359
35693.5718191569
2603521.24458429
11980059.3285098
130896.882895414
470685.559291394
524040.747654908
41794683.3629733
1437037.46061021
2749031.33606897
1742164.96432662
600240.723817992
257015.700869135
435240.194377621
143097.351508894
25247738.9372803
203643.171733938
1031507.77423028
50458.1197356035
2433578.39321209
83224.5899057872
47515.6905935001
170452.162142184
1492848.43560428
442185.591495443
7619.6340460335
52380874.4576376
91840.5452296282
