12463.9246468709
279026.047305902
330630.578827852
1996727799.1385
3614061.93349891
112777.150161563
29241053.6257413
11743.870512901
145695.612647442
18935.2354204818
5906.34644482463
24031.1469593443
102560.260734845
14552.3372538026
71177.4113685519
436426720.521874
75441.1217341584
285927.662242896
19725.6879237383
3075781.7291694
235218.415776976
28449.4885006232
294567.283013823
19568564.2966793
219229.960630039
15230.3261124318
27158.8369088242
6836575.81396297
461445.118787938
88460.3751064964
