175.53162685298
143.978068812416
143.244415294372
137.784029972487
138.724407742381
162.802560483844
142.683820528467
147.242812794775
137.628716928863
147.478715369567
186.918791459435
165.331968665456
188.202573939955
140.232522536325
199.631838553466
143.069686406525
188.229182937192
192.749158589153
151.36384108974
161.152776560425
162.115506545205
156.240887454362
121.267139505283
218.495056575372
128.326680053369
153.478851737885
160.610729005306
183.622987445775
116.667447477402
126.407332291295
