176.547620752548
131.791364946165
135.828417825005
134.080559706772
151.112356041209
145.790503267174
191.119149607942
187.21115493226
161.468802211682
177.019445726217
178.750681644842
142.243821388571
140.655877978572
156.281623108054
171.670417986012
170.813195145292
210.271606325388
140.472143069278
174.469988459595
161.952060034575
197.81065209906
150.878986365586
136.092778669739
162.714913710442
163.065677284832
172.057016681844
115.823188330279
200.348002261636
203.408144053274
188.128213260505
