396.951669409409
410.687352705244
402.025486218306
403.47311394692
402.115026484076
401.653126351881
395.911394086225
369.570719658223
389.21356723875
377.110673955877
411.455293692159
398.709308656761
401.894961645061
382.324886230183
415.280347297853
380.870691581529
385.342809032493
410.700286846143
374.402231778041
399.844164931229
347.673978731017
404.430705147212
382.884658950589
398.306983464063
393.317735056889
401.841861531699
414.235225602195
398.372539814662
401.042344437631
392.519679585669
