397.742869469987
443.749681983577
443.664541125563
443.815047524689
399.584967871679
443.891821726902
100.063497835029
443.806578119728
397.789776477192
397.745670875791
445.953268924308
398.031960451111
398.65986158098
443.685716643206
443.882415603786
443.81388540573
443.876460154184
445.805466903118
443.597179104923
443.884943066503
443.831041913806
399.584967871679
397.745670875791
445.855295263523
443.8016633251
443.528890430724
445.824286422858
397.779127930599
443.629962981478
444.012456344886
