464.712581351427
436.091091617805
466.709416002095
477.924203897022
453.809024743723
459.457215473067
459.927860182519
432.884344818078
449.576591897114
424.991494160831
435.631744231642
459.228659928978
459.628660741005
458.741151507194
440.304728853691
449.822760379349
455.434037206897
428.712915143198
454.642650875312
443.383179592748
474.037876603651
429.939684817501
463.801056042105
454.087788993279
463.862999452654
442.362653645102
455.747545584879
450.672521094423
455.010091137311
429.351000752161
