34154.4408700869
29452.7081648533
8042561795.21466
64923.2982350387
21765.7390062381
311300.485981498
47543.5371388157
59082.4364003221
44428.0712200273
14794.4742090808
27832.6486765695
19716.1950478432
42291.3341751136
45276.9317530158
37056.3729387934
6504449.57306756
14345.170828855
50770.616037401
592787608.820311
97192.9388849061
54649464.412865
23129.9930038829
12138369874.7138
86831.078769176
104198.532059768
407594498835.84
660962.247831556
32148.5118454722
80941688.3558079
38691.0994893812
