53.1677493153828
57.8156233477589
62.1968463464294
55.010787293234
62.5230847394918
63.0496299995041
58.6487552604549
59.0555751746357
55.3412362319768
53.9832439636383
70.1796967033829
55.0358136956977
51.5876264269207
67.6815704024498
51.1351460309571
56.3481639991414
60.3276266374736
58.5607786653777
48.577590656345
50.0821550427593
64.1989248610262
43.8601930942101
52.2968299706938
58.7677664458067
58.7655545719707
49.1649442378409
48.5155425695845
44.3168260952882
59.9703359195699
56.0063690280735
