23.4857563043469
26.6185474974499
21.1740483147481
16.4239324329128
25.8346339451073
21.0421881108363
29.5831337678569
27.6435934868015
12.0473138965864
16.6982280145083
20.9020716551455
15.9375000005834
24.0640848679124
21.728467805566
9.69558507841941
16.454544865649
30.3449681912743
26.6768418797899
11.7861550408468
24.4230960966612
17.8062809768618
20.4887551438401
8.02327245933157
10.3754262800543
25.5164612742971
26.6674777995648
27.3498030218731
27.0148182326618
12.7147060809925
9.61940110179512
