50.546438512564
49.6972421014576
42.294957780318
48.3054991687353
41.2103638355874
51.8939496207664
57.9272731182493
48.0843640951703
50.3306029882679
40.4836321206567
47.3263961308359
49.8470536696474
36.6038344897826
51.8912614536856
47.366068779412
37.5137955446429
52.6841234350886
46.4546244141408
50.3355550931639
50.3237141522181
42.9495847402432
54.4699303853155
48.9224500745083
47.3143791171176
47.3430910648896
51.4578840164112
38.5142246301991
49.2103913427743
43.5671604913739
49.0022768646238
