49.8524891880302
56.1200311425536
2.48513351021541
0.875569703079464
18.2265876047295
8.57216996881516
4.97337193168403
9.68021480329742
5.10763799351503
13.9902538027397
27.8239637779998
1.92879115839037
13.8070277582524
37.0344390564387
30.1328466944757
8.93829052091053
1.85054259807657
13.9540309941001
4.69231257832701
18.5321371986568
14.301861547843
14.8159245320835
41.3389218888742
5.43668103793016
1.53403024456588
19.4895514182437
16.271230244137
28.3458406526364
8.98999461305164
12.8928942314985
