178113023.686387,1416690.46032468,39837651.3822788,2029434578.3281,985082.092814411,129751823.251167,413296635.053386,104300887.540623,58044775.942038,29492050.0018652,1852105216.39678,14933305.836801,195735741.66105,49350645.1694554,178786074.170132,7661191.82255353,68872609.815747,11754999.2438546,59985917.7076186,4196982.8789026,9009822.25383038,704192.202466241,7398683.61513027,101673198.863319,2016255.37982776,70969425.6615207,2457771.7464347,1729599.13054659,29554256.3391673,1367212.54946923
97190.6482045795,725.320462309915,1325.10892962598,243451.531941853,5164.07450050206,3166.22112774823,10381.0897920655,5569.74651169509,4410.0382015282,1599.49443230287,779111.547344722,1206.09231798579,3043.87414152129,1122.26804584812,13989.2148725794,132.884407822677,8418.62491917974,3309.32362133409,4717.32772531699,4483.04733460218,1051.36961574973,2078.71173285033,1205.14727926698,8847.14357572048,1584.83430787735,2379.12147499198,4488.73527357789,3208.78978650567,6447.11899786865,110.801102780547
8721.58265476851,686.02395337047,1167.10741533866,4708.15430051205,5161.89286744658,2768.23422138036,0.992345881230818,674.601957511803,1655.41948482161,1410.37974862624,2235.75716511361,1193.36966216939,193.128147242375,664.812548715317,9373.64724255612,91.6024979229319,7261.60051256399,3109.97826394852,4379.56206109734,4481.41209712471,1002.8632371962,2076.43426322353,1201.0958866112,8286.19327484234,1580.76652060057,2063.36846604301,4482.26321628743,3205.3064412407,5454.12823051674,105.028587092905
8716.27826799785,685.592272273587,1166.24135750992,4705.7526438834,5158.34744393212,2766.46219049938,0.944099729532539,674.2924796466,1654.51606903157,1409.59788221727,2231.07133816398,1192.60296048564,193.014329269989,664.502146193774,9369.25322021119,91.5539586345554,7257.41543702047,3108.17220555307,4377.07400081546,4478.83179030861,1002.3458280422,2075.00763958222,1200.15688646142,8280.49978219338,1579.65414182956,2062.12297858036,4478.51071354675,3203.00366577919,5450.97636744389,104.967237952887
8695.04761519452,684.055351325289,1163.77850529476,4692.10403067848,5147.58133514352,2760.61029119923,0.94238309042079,672.78458770837,1651.10712696255,1406.32649777047,2226.82095229202,1190.3356424533,192.535863438886,663.227727227897,9348.89693596892,91.3396404408897,7238.56500815735,3102.09547372204,4367.60675829706,4468.80401213685,999.999655517395,2070.32641038659,1197.55487134778,8263.81754926759,1576.25926003908,2057.95979492204,4468.60451447098,3197.31815362936,5438.76347509763,104.711618920386
8658.47641543081,680.85873592186,1157.91880064823,4671.85266982417,5127.36686807295,2748.08484810235,0.938124397188787,669.474777936054,1644.83812055704,1399.76905964547,2215.88779321076,1184.63970445914,191.622751841691,660.437125654856,9306.17135008343,90.9248169257691,7205.87420108166,3086.68494621654,4349.09122078747,4447.06172176099,995.821469956646,2061.17947962341,1192.3314401961,8223.21872676011,1569.61332047667,2048.19799354665,4447.77357896734,3183.91638101389,5410.87518243874,104.224186741811
8616.99464690365,677.816624858883,1151.21543585099,4649.81031694995,5102.08926109699,2736.48093013776,0.933620505216197,666.36824429758,1637.60096992521,1393.60294736817,2206.87391238367,1180.1052843868,190.665565767494,657.581763669486,9264.8574039565,90.5156260993086,7176.73781444975,3073.2154790671,4331.16748305195,4428.46630740763,991.677352631823,2052.85666216852,1186.08946891677,8183.90639370047,1563.10217846861,2038.94227545228,4429.82799009109,3169.04982378477,5386.28236548841,103.681907872097
8575.3587649392,674.996050570704,1146.29068561553,4629.97515481,5079.87772012516,2723.42393725702,0.9298071894912,662.973447073678,1629.74170853412,1387.63846085224,2197.06965146724,1174.69342478751,189.885630126675,654.35311954803,9222.40629254127,90.1454286704997,7146.7427999219,3060.68433221268,4313.29862766206,4408.91711269437,987.720801900283,2045.34739821452,1180.90434052977,8151.02007499055,1556.38458546545,2029.76265333614,4413.24125515306,3155.49454775227,5361.58870920436,103.181751206285
8537.30248467498,671.568178096275,1141.51400006145,4607.56235249341,5057.35950393293,2711.69842302695,0.925911580005888,660.217815969156,1621.34074084366,1381.17950442595,2186.81976144222,1169.66232768844,189.040060416859,651.794381671245,9183.74474410513,89.7441163912562,7114.3728945391,3046.34442291208,4292.71799528888,4388.32720993874,983.149203154729,2037.00518092728,1175.75414618933,8110.23468003967,1549.24444306484,2020.86552761434,4392.6814821807,3141.25133882643,5335.21090271998,102.689463112235
8496.8775534757,668.565712177486,1136.07096911855,4587.74478666474,5033.9919465718,2699.26965492788,0.92198336460963,657.368932332668,1614.75874970119,1374.38162938938,2176.38414109757,1163.66303877784,188.254755342317,648.727472264001,9147.25860481793,89.2876700981046,7079.29131257198,3032.99736389997,4273.75763241387,4369.41399339361,978.981280032908,2027.36020595145,1169.85287374584,8076.55144501414,1542.25819586197,2012.0152211999,4374.0890946844,3128.6198294362,5311.71249704791,102.206425875447
8458.36952119993,665.572176941603,1130.25961182192,4568.03629077529,5008.97232834864,2687.44443893562,0.917293659679274,654.235785804371,1607.00977083435,1368.49239357527,2166.64888903844,1158.75308565507,187.411914416045,645.912972155377,9107.75855048588,88.8201568473196,7049.22361143312,3019.87701259738,4256.69881604684,4349.76942855215,973.954118538465,2019.15267467048,1164.66504337663,8042.99195943192,1535.48555733213,2003.08124717175,4352.12358546912,3112.79845399992,5282.95065730959,101.802312341319
8412.38946424944,662.479201907566,1124.83506506595,4547.33569530979,4985.91872430425,2675.25409650175,0.912316206988677,651.243051422887,1600.17137612457,1362.55645506871,2157.25638917103,1153.7860363408,186.550481611851,643.136451873756,9065.5671569956,88.4550176247238,7015.50342658722,3005.25509941728,4238.81130002708,4328.58080491279,969.584602213433,2010.60891723913,1158.96097836199,8007.61277755462,1528.93669110635,1994.20669214257,4332.81624542482,3100.11726476826,5258.29845284228,101.387952859443
8378.50630136287,659.655527573025,1120.21254706724,4528.64783225122,4962.62344070892,2661.52690722795,0.907977389520354,647.906117175575,1593.69062199416,1357.35060619827,2147.36778612302,1148.75138366995,185.654968975845,640.370002609239,9025.37629667925,88.0330417849455,6981.47424792569,2993.1829142948,4221.25530792662,4307.7163624395,965.34463650269,2003.10623520398,1153.69092747825,7971.51637556307,1522.25378679993,1985.37871239667,4309.97551121337,3084.60185071011,5234.00509515512,100.941286278359
8339.25181481583,656.676063842265,1115.66970731991,4510.07791977701,4936.17704588024,2650.72528453363,0.903844795173015,644.933170062449,1586.20070744537,1350.45332062931,2139.11559751192,1143.403828923,184.793711434174,637.632262706562,8988.81684349036,87.639076863316,6949.99143069223,2981.07118576372,4201.09123732615,4287.36365460419,961.320389717439,1994.23549851882,1148.58914395895,7937.5989903713,1516.88258693005,1977.33427400958,4290.76080849494,3070.68569395013,5211.01836711975,100.474437294303
