88749245988.9169,58651051065.6063,48928246074.2606,67421002473.968,58269200826.7812,46078872747.164,66219823994.7305,126246968660.041,64476396631.5302,84685492480.2408,105309350156.685,56938353691.0055,67211105070.8559,65152427608.8591,112670031651.928,72911947546.5649,91676243892.736,72763476949.7939,85236516624.853,108570774286.465,87012985044.8817,77091923116.5535,63835121493.2042,69486984733.9734,105611010604.55,81109779223.9035,30888087361.8531,20427470925.1674,133425740063.343,27941834084.5515
83746337928.6513,48738898672.7923,44037376197.1646,54231282545.7835,46673212635.2793,23158987867.971,48850154667.8048,53110348808.822,52755825499.7564,69182374475.9927,60892253274.7288,48023056105.6338,50221142097.5687,50478182988.6965,84656145355.5575,38143829898.5645,63727667458.2941,59195041331.2018,75988979760.2511,78877486100.2674,78923056182.885,64321372702.1556,40222321604.3709,27329149911.8444,84560321982.4918,67793357542.8773,18464346136.3877,13335781170.2102,73224626310.9123,17183976407.3475
54945470973.0161,16678518757.2786,23656478013.5356,51801715461.3547,15559545375.896,11594210229.9039,29620004055.1315,12591820814.4,34600105722.6644,21066114703.6312,49153225954.6669,8768892242.83822,27393355486.0316,28474784692.9188,44143285692.2797,13175129507.4617,17299766825.7364,30468972562.1651,27213586566.868,45183389225.4405,22354649304.7051,22620697300.969,10970768491.3799,6797172852.26544,19260512290.7482,40148326639.1422,5083762506.73065,2731670018.06291,23064536314.7114,3451858548.34911
30215231662.6955,3897010650.53808,8976207749.26804,31262359213.1737,3812852613.67951,6883390722.689,10447115980.5583,4680902848.96846,16221344875.336,9810450144.53087,39261832025.7019,4267947378.03236,14699242710.4849,16846513156.0488,23125339193.093,3937951440.1476,8149508683.28301,12386714535.2726,11924822676.5219,11038217701.9243,5727495592.24317,7468734100.10846,3538916099.65463,4614374192.60274,5545122164.27769,17909893834.6898,2407926583.96473,540135270.938186,8169949937.60531,812584376.519829
4816316697.10649,201116048.547892,1070844614.28668,15092559331.5578,175422414.337836,633924837.089011,3681604466.00357,1385336376.78157,884526277.828423,536819054.360076,22105921081.8703,334456350.228026,2097148075.12203,3077051077.51729,4814620529.61084,781916495.312184,1399614995.23401,1030607703.32506,1912922158.89944,545598127.091558,412780524.514641,189391493.510456,199162333.821297,783771257.486352,665969934.791833,3377170167.37927,516995556.063198,26377401.8197287,453901686.652876,112135451.279029
178113023.686387,1416690.46032468,39837651.3822788,2029434578.3281,985082.092814411,129751823.251167,413296635.053386,104300887.540623,58044775.942038,29492050.0018652,1852105216.39678,14933305.836801,195735741.66105,49350645.1694554,178786074.170132,7661191.82255353,68872609.815747,11754999.2438546,59985917.7076186,4196982.8789026,9009822.25383038,704192.202466241,7398683.61513027,101673198.863319,2016255.37982776,70969425.6615207,2457771.7464347,1729599.13054659,29554256.3391673,1367212.54946923
1890543.8620535,6110.71242849153,49404.8279930972,24737079.8297422,5378.37824082693,358644.229373963,556150.087364673,992896.190023874,533960.561490872,46682.9206053689,29615283.9967416,22268.421735495,610651.363595685,40411.4707244538,314567.889094339,20863.6582846492,80134.3684925355,42299.8447798921,22608.5722524548,5448.00484458336,13209.9625415244,3109.79546506814,2938.25790396881,71268.7041305755,2393.47320346281,82731.134279029,5693.02484947671,3680.27143429252,62795.1534367237,887.363096668535
8799.76163788653,686.058564582327,1167.21819701284,5083.45759619046,5162.15168484248,2768.76799669433,11.2511542739626,674.981880463714,1658.61203076805,1410.77489196904,8441.97574693126,1193.44694982061,195.092349679192,665.059423464587,9374.38317370503,91.6840668057541,7262.83357887139,3110.13901195627,4379.89981285975,4481.71718513824,1002.9168200125,2076.6051727551,1201.1951982508,8287.73899680005,1580.8454765615,2063.63252600323,4482.46957322268,3205.51693460275,5454.57056548067,105.041495394461
8719.98467126754,685.827638031751,1166.75560042417,4706.82008963058,5160.45936012425,2767.76546792291,0.944369620958014,674.481039661407,1655.00828705773,1410.0801685002,2231.79148345167,1193.007269516,193.086773552345,664.687397084242,9371.93442853163,91.5826029505908,7260.08195849003,3109.10742517249,4378.68858920516,4480.33969715867,1002.64579716673,2075.74500529466,1200.60018762531,8283.00865277284,1580.19054188213,2062.84735293591,4480.85312063048,3204.44590982759,5452.91753929411,104.999437152051
8711.62345311597,685.283819591877,1165.64298023121,4703.27656040076,5155.20906622823,2764.88155281894,0.943663499059511,673.931802012409,1653.78314766596,1408.69064290548,2230.18312762138,1191.99375346429,192.909109628647,664.197189132736,9364.08639557468,91.4915381036145,7253.90081528963,3107.00178675447,4374.42496702729,4476.09329282263,1001.97872497489,2073.62322948741,1199.53565930693,8277.76491078042,1578.78617846492,2061.12365194631,4476.35666188043,3201.48985825214,5448.17679465695,104.898660881301
8695.04761519452,684.055351325289,1163.77850529476,4692.10403067848,5147.58133514352,2760.61029119923,0.94238309042079,672.78458770837,1651.10712696255,1406.32649777047,2226.82095229202,1190.3356424533,192.535863438886,663.227727227897,9348.89693596892,91.3396404408897,7238.56500815735,3102.09547372204,4367.60675829706,4468.80401213685,999.999655517395,2070.32641038659,1197.55487134778,8263.81754926759,1576.25926003908,2057.95979492204,4468.60451447098,3197.31815362936,5438.76347509763,104.711618920386
8673.83592684422,682.340604509519,1160.04061631695,4679.08185585504,5134.69004920086,2753.43225182975,0.940034969338399,671.047845032556,1647.19066639673,1402.63539764376,2220.90937782714,1187.13375042143,191.953680371317,661.5084577841,9323.00402828984,91.0865599152665,7217.12515817599,3093.1699852076,4356.87233349573,4455.30236309265,997.69416514823,2064.95247191823,1194.25759837381,8239.33352606258,1572.42446123292,2052.45712357649,4455.92540299815,3189.54847153836,5422.51600589047,104.41183431491
8638.2225974756,679.271374855143,1154.42426611123,4660.54954245879,5114.80510934505,2742.16108902285,0.936070865541822,667.516551865126,1641.11208678302,1396.67944866499,2211.28758242778,1182.10605987655,191.083536028438,658.931608301104,9283.72393158895,90.7102599030078,7189.04847164678,3079.63735275188,4340.09366284362,4437.95286462099,993.515228749181,2056.95802607634,1189.22839757665,8203.09640759091,1566.3118834713,2043.20517199901,4438.86320862726,3175.40828358421,5398.81910829116,103.936313181973
8576.12305464367,675.085901319362,1146.37628182175,4630.2209292699,5080.38370049724,2723.8684414518,0.929844637068868,662.986128662376,1629.78582580766,1387.75883176316,2197.20978271501,1174.82923562911,189.906157677222,654.372371673419,9223.38537662787,90.1512427144091,7147.25466800805,3060.82026300745,4313.6066993005,4409.416241108,987.802397115135,2045.44315009873,1180.97146136603,8151.69872203615,1556.4140788434,2029.85915715885,4413.49169257481,3155.62184559635,5361.90392933604,103.189401089133
8483.01097368464,667.774330446795,1134.66367066316,4581.13644889235,5025.78648039863,2695.46162519599,0.920329565637388,656.239466680315,1612.79546094551,1372.61145349262,2173.03468532778,1162.00315020314,188.057155548213,647.961360423528,9135.32425343405,89.1403606881793,7071.33997574015,3029.58296388052,4268.17913448289,4363.35145629537,977.496077031511,2024.48903179535,1168.22471312284,8066.13135932356,1539.94121028933,2009.49864607072,4368.1101169334,3122.67483200664,5301.87316066376,102.089543548556
8339.25181481583,656.676063842265,1115.66970731991,4510.07791977701,4936.17704588024,2650.72528453363,0.903844795173015,644.933170062449,1586.20070744537,1350.45332062931,2139.11559751192,1143.403828923,184.793711434174,637.632262706562,8988.81684349036,87.639076863316,6949.99143069223,2981.07118576372,4201.09123732615,4287.36365460419,961.320389717439,1994.23549851882,1148.58914395895,7937.5989903713,1516.88258693005,1977.33427400958,4290.76080849494,3070.68569395013,5211.01836711975,100.474437294303
