3059.20175235425,3149.13481413383,3694.24238995966,3951.4981445791,2965.73422061204,2634.27490689086,1936.77435968392,2667.52141653563,3612.86532519185,3215.92886552711,2440.59023238932,2990.61772175275,3068.84799143281,3251.81985149525,2523.42438007308,2388.76054964864,3061.94491283199,3286.56710476445,2389.61310307211,2862.7820121264,2774.6926188732,2684.05406095126,2820.5427737208,2165.08998204646,2430.88729573101,3207.60468470397,2322.30784378896,3132.46668985293,3576.31272583045,3786.2237325369
2607.5144230105,2385.29432357238,2489.65869694523,3571.90011589219,2090.16855707496,2387.33630782126,1765.31243220203,2024.76713399484,3085.03705001589,2787.50567706963,2422.64138864902,2577.55657195243,2510.65750714081,2649.93663805618,2340.90901712586,1883.03458887906,2437.20656399159,2361.97543730585,2180.38741239865,2730.62636531368,2504.98558402784,2091.5652963981,2315.15858403767,1773.46053252215,2237.5503163768,2488.88220405191,2301.97302230282,2811.07625850953,2707.84683639586,2629.46243480261
2303.7444694736,2133.35659697554,2409.95647438126,3147.50841180458,1678.43676375354,1915.47837821434,1225.74299921606,1828.80885502167,2878.88234501022,2787.50567706963,1957.93417683195,2478.20151537878,2181.3963014503,2649.93663805618,2111.89920500782,1735.06934389481,1978.22617870748,2034.89851373877,1893.62357042883,2278.80245430823,2202.55586707374,1454.39892469805,2268.85143949469,1365.93008268273,2001.44512677718,2295.89135900614,2207.74210148454,2253.48367946517,2376.50152831445,2055.49128790781
2190.39748372692,1713.24208418019,2188.12064255232,2261.76633495066,1547.70732245551,1819.44214826457,1133.94494622692,1408.01726888854,2622.22566859527,2475.91574760988,1831.94753756534,2161.35421414613,1875.48250234582,2543.28405352342,1989.56270977781,1636.83245181427,1752.45230246031,1843.7035414471,1845.91976849147,2032.6225350279,1915.97355809635,1307.02642732528,2050.87403918923,1291.49312953534,1713.77998134427,2047.74518390432,2099.49268866782,1925.82486746487,2136.84809078642,1765.91827766613
2159.63204460595,1655.56269910892,2159.333527719,2036.36349077569,1520.80463609363,1747.32377851735,1095.06642398105,1244.48048530397,2531.97945761457,2375.11072946303,1817.2292525166,2125.77157978389,1800.29780969564,2404.06643932081,1904.42292305668,1624.28237438374,1717.9187343341,1810.75558305732,1828.58620870935,1973.18813684161,1801.91732881108,1151.03092913575,1985.44258840638,1283.47760538977,1505.29640420179,2039.16712088405,2076.49893743697,1846.47751967857,2044.92354477488,1710.67715459073
2156.88721433803,1630.56804099356,2158.95656700451,2015.13077853714,1519.1133254542,1717.60670364881,1092.96598882707,1212.19026201348,2505.10340739974,2372.23585934642,1816.96521448071,2123.68208374113,1799.53596100472,2386.15303847985,1902.27073391239,1623.9858599268,1717.37428470756,1793.83705779273,1677.89723863584,1952.18239757365,1782.89395539026,1125.80260882983,1959.03471768067,1283.33613841021,1472.04903152181,2012.56050006883,2073.79185426687,1844.85183393356,2042.28487917043,1703.77250186987
2156.43320347834,1627.86401833651,2158.95445472404,2006.67331610617,1519.10799278065,1716.03907040356,1091.51400217389,1209.41769363382,2496.84409294733,2372.22580182535,1816.96430017116,2123.67927771502,1799.30786606311,2384.38571420606,1901.77723222762,1623.98462945025,1717.37338302898,1786.36810822354,1648.72663439552,1945.58647616426,1776.89671317154,1114.57063504929,1958.73654316287,1283.33493544125,1456.91154979336,2011.35300891853,2071.27808384758,1844.84663631004,2039.53182978127,1701.168284791
2156.40858728243,1626.69878348794,2158.95445432142,2004.15714070621,1519.10799231891,1715.96413136917,1091.09141100359,1208.70739661643,2494.54805056283,2372.22580095012,1816.96430005903,2123.67927756411,1799.29690945245,2384.10744578502,1901.46907427929,1623.98462935683,1717.37338290675,1786.36810822354,1646.49382820389,1945.25507803751,1775.97810108904,1112.92622846089,1958.66969029188,1283.33493497967,1454.49963350393,2011.14513951964,2071.16058098453,1844.84663485243,2039.00135995501,1701.04973287849
2156.31238275912,1626.50709448245,2158.95445432142,2003.74870315372,1519.10799231891,1715.89865682741,1091.08222258459,1208.03702501313,2493.47037504055,2372.22580095012,1816.96430005903,2123.67927756411,1799.28293592873,2384.06029461987,1901.1368549542,1623.98462935683,1717.37338290675,1786.35264993877,1645.9271728465,1945.2409894568,1775.93675650789,1110.41343254735,1958.66640824554,1283.33493497967,1454.13513167157,2010.32837268074,2070.86657468873,1844.84663485243,2038.66254924086,1700.72079372039
2156.26150594165,1626.48550218198,2158.95445432142,2003.74787352809,1519.10799231891,1715.82173545913,1091.06179986637,1207.98525635644,2493.44601561009,2372.22580095012,1816.96430005903,2123.67927756411,1799.26962044491,2384.05836767814,1901.09555669116,1623.98462935683,1717.37338290675,1786.34884349511,1645.8611890178,1944.67206011917,1775.88162906723,1109.71732401261,1958.66627448093,1283.33493497967,1454.13051539754,2009.3705666388,2070.8324798705,1844.84663485243,2038.55573904964,1700.66260303591
2156.22121913292,1626.48498001359,2158.95445432142,2003.53055726665,1519.10799231891,1715.81899310157,1091.03142185425,1207.96914403168,2493.35465604465,2372.22580095012,1816.96430005903,2123.67927756411,1799.25604904578,2384.04569132319,1901.08864013183,1623.98462935683,1717.37338290675,1786.23553872255,1645.847364217,1944.66787410864,1775.86274843293,1109.63074350499,1958.65787788067,1283.33493497967,1454.07839909271,2009.27571727884,2070.82295680686,1844.84663485243,2038.55184842702,1700.65666566308
2156.22077318302,1626.43826936822,2158.95445432142,2003.52410277637,1519.10799231891,1715.81386280232,1091.03104791185,1207.94554621334,2493.34320782537,2372.22580095012,1816.96430005903,2123.67927756411,1799.25547583011,2384.04396751812,1901.08851401481,1623.98462935683,1717.37338290675,1784.2089290441,1645.8259027018,1944.66670204532,1775.85531630808,1109.63048887272,1958.61882759828,1283.33493497967,1454.07671111962,2009.2716153981,2070.82282108351,1844.84663485243,2038.54154619279,1700.65622793916
2156.22076890301,1626.43777988801,2158.95445432142,2003.52410110713,1519.10799231891,1715.81136855333,1091.03104711905,1207.94034960149,2493.34315656446,2372.22580095012,1816.96430005903,2123.67927756411,1799.2554618499,2384.04396196399,1901.08850508729,1623.98462935683,1717.37338290675,1784.2089290441,1645.82590153703,1944.66666621541,1775.85530143238,1109.63046756518,1958.61869996374,1283.33493497967,1454.07671073508,2009.27161522326,2070.82281075028,1844.84663485243,2038.5415438391,1700.6561534641
2156.22076890042,1626.43031347111,2158.95445432142,2003.52410110481,1519.10799231891,1715.81132816034,1091.03104711481,1207.94034958432,2493.34315656356,2372.22580095012,1816.96430005903,2123.67927756411,1799.255461792,2384.04396196392,1901.0885050739,1623.98462935683,1717.37338290675,1784.2089290441,1645.82590153688,1944.66666621456,1775.8553014289,1109.63046756443,1958.30969417393,1283.33493497967,1454.07671073488,2009.27161522326,2070.8228107499,1844.84663485243,2038.54154383821,1700.65615346005
2156.22076890037,1626.4303134707,2158.95445432142,2003.52410110305,1519.10799231891,1715.81132816021,1091.03104711481,1207.94034958428,2493.34315656351,2372.22580095012,1816.96430005903,2123.67927756411,1799.25546179181,2384.04396196392,1901.08850507383,1623.98462935683,1717.37338290675,1784.2089290441,1645.82590153678,1944.66666621455,1775.85530142887,1109.63046756443,1958.30968763889,1283.33493497967,1454.07671073487,2009.27161522325,2070.82281074977,1844.84663485243,2038.5415438382,1700.65615346005
2156.22076890029,1626.43031347069,2158.95445432142,2003.52410110167,1519.10799231891,1715.81132816013,1091.03104711481,1207.94034958428,2493.34315656344,2372.22580095012,1816.96430005903,2123.67927756411,1799.2554617913,2384.04396196391,1901.08850507373,1623.98462935683,1717.37338290675,1784.2089290441,1645.82590153664,1944.66666621453,1775.85530142883,1109.63046756443,1958.30968763813,1283.33493497967,1454.07671073486,2009.27161522325,2070.82281074957,1844.84663485243,2038.54154383818,1700.65615346004
