2156.88721433803,1630.56804099356,2158.95656700451,2015.13077853714,1519.1133254542,1717.60670364881,1092.96598882707,1212.19026201348,2505.10340739974,2372.23585934642,1816.96521448071,2123.68208374113,1799.53596100472,2386.15303847985,1902.27073391239,1623.9858599268,1717.37428470756,1793.83705779273,1677.89723863584,1952.18239757365,1782.89395539026,1125.80260882983,1959.03471768067,1283.33613841021,1472.04903152181,2012.56050006883,2073.79185426687,1844.85183393356,2042.28487917043,1703.77250186987
2156.42881406858,1627.37435265257,2158.9544543221,2005.32745219428,1519.10799231969,1715.96413136917,1091.12941900967,1208.93282572823,2496.43155252785,2372.22580095448,1816.96430005914,2123.67927756438,1799.30786606311,2384.16676891343,1901.58067627673,1623.98462935694,1717.37338290684,1786.36810822354,1646.89679547015,1945.30968582665,1776.25099919883,1113.65284808449,1958.67407911764,1283.33493498023,1455.24544648422,2011.17228989675,2071.20830265847,1844.84663485474,2039.08934332534,1701.168284791
2156.39892887155,1626.59312332854,2158.95445432142,2003.87008954843,1519.10799231891,1715.96385261075,1091.08589236009,1208.50635091432,2493.95730341726,2372.22580095012,1816.96430005903,2123.67927756411,1799.29189487582,2384.07749264361,1901.39681263414,1623.98462935683,1717.37338290675,1786.35990009729,1646.44372670406,1945.24920708002,1775.94926774765,1112.54088832833,1958.66786817149,1283.33493497967,1454.36431532488,2011.09881975148,2070.96234759933,1844.84663485243,2038.81898016189,1700.86230297607
2156.28557735732,1626.48798788595,2158.95445432142,2003.74832539652,1519.10799231891,1715.83340486007,1091.07857112299,1207.98565610806,2493.44601561009,2372.22580095012,1816.96430005903,2123.67927756411,1799.28194104767,2384.05857185235,1901.10494105938,1623.98462935683,1717.37338290675,1786.35084126098,1645.86959644936,1944.76162627603,1775.91671450688,1109.97977873061,1958.66629488505,1283.33493497967,1454.13122219955,2010.29048505367,2070.86242368541,1844.84663485243,2038.55593467747,1700.67287037178
2156.22121913292,1626.48498001359,2158.95445432142,2003.53055726665,1519.10799231891,1715.81899310157,1091.03142185425,1207.96914403168,2493.35465604465,2372.22580095012,1816.96430005903,2123.67927756411,1799.25604904578,2384.04569132319,1901.08864013183,1623.98462935683,1717.37338290675,1786.23553872255,1645.847364217,1944.66787410864,1775.86274843293,1109.63074350499,1958.65787788067,1283.33493497967,1454.07839909271,2009.27571727884,2070.82295680686,1844.84663485243,2038.55184842702,1700.65666566308
2156.22076890921,1626.43778232897,2158.95445432142,2003.52410111714,1519.10799231891,1715.81373961432,1091.03104712623,1207.9403497443,2493.34315662991,2372.22580095012,1816.96430005903,2123.67927756411,1799.25546236793,2384.04396197089,1901.08850512954,1623.98462935683,1717.37338290675,1784.2089290441,1645.82590153716,1944.66666621695,1775.85530473853,1109.63046756798,1958.61882683553,1283.33493497967,1454.07671073651,2009.27161522755,2070.82281075458,1844.84663485243,2038.54154613256,1700.65615348505
2156.22076890045,1626.43034440125,2158.95445432142,2003.5241011064,1519.10799231891,1715.81132948725,1091.03104711481,1207.94034958712,2493.34315656359,2372.22580095012,1816.96430005903,2123.67927756411,1799.25546179614,2384.04396196392,1901.08850507396,1623.98462935683,1717.37338290675,1784.2089290441,1645.82590153692,1944.66666621456,1775.85530142892,1109.63046756445,1958.51915993002,1283.33493497967,1454.07671073505,2009.27161522326,2070.82281074995,1844.84663485243,2038.54154383827,1700.65615346018
2156.22076890042,1626.43031347111,2158.95445432142,2003.52410110479,1519.10799231891,1715.81132816033,1091.03104711481,1207.94034958428,2493.34315656356,2372.22580095012,1816.96430005903,2123.67927756411,1799.255461792,2384.04396196392,1901.0885050739,1623.98462935683,1717.37338290675,1784.2089290441,1645.82590153688,1944.66666621455,1775.8553014289,1109.63046756443,1958.30969373719,1283.33493497967,1454.07671073488,2009.27161522326,2070.8228107499,1844.84663485243,2038.54154383821,1700.65615346005
2156.2207689004,1626.43031347071,2158.95445432142,2003.52410110441,1519.10799231891,1715.81132816023,1091.03104711481,1207.94034958428,2493.34315656354,2372.22580095012,1816.96430005903,2123.67927756411,1799.25546179194,2384.04396196392,1901.08850507387,1623.98462935683,1717.37338290675,1784.2089290441,1645.82590153684,1944.66666621455,1775.85530142889,1109.63046756443,1958.30968763923,1283.33493497967,1454.07671073487,2009.27161522326,2070.82281074985,1844.84663485243,2038.5415438382,1700.65615346005
2156.22076890037,1626.4303134707,2158.95445432142,2003.52410110366,1519.10799231891,1715.81132816021,1091.03104711481,1207.94034958428,2493.34315656351,2372.22580095012,1816.96430005903,2123.67927756411,1799.25546179185,2384.04396196392,1901.08850507384,1623.98462935683,1717.37338290675,1784.2089290441,1645.8259015368,1944.66666621455,1775.85530142888,1109.63046756443,1958.30968763908,1283.33493497967,1454.07671073487,2009.27161522325,2070.82281074979,1844.84663485243,2038.5415438382,1700.65615346005
2156.22076890035,1626.43031347069,2158.95445432142,2003.52410110265,1519.10799231891,1715.81132816019,1091.03104711481,1207.94034958428,2493.34315656349,2372.22580095012,1816.96430005903,2123.67927756411,1799.25546179175,2384.04396196392,1901.08850507381,1623.98462935683,1717.37338290675,1784.2089290441,1645.82590153676,1944.66666621454,1775.85530142887,1109.63046756443,1958.30968763868,1283.33493497967,1454.07671073486,2009.27161522325,2070.82281074974,1844.84663485243,2038.5415438382,1700.65615346004
2156.22076890032,1626.43031347069,2158.95445432142,2003.5241011024,1519.10799231891,1715.81132816016,1091.03104711481,1207.94034958428,2493.34315656345,2372.22580095012,1816.96430005903,2123.67927756411,1799.25546179168,2384.04396196391,1901.08850507379,1623.98462935683,1717.37338290675,1784.2089290441,1645.82590153672,1944.66666621454,1775.85530142885,1109.63046756443,1958.30968763848,1283.33493497967,1454.07671073486,2009.27161522325,2070.82281074968,1844.84663485243,2038.5415438382,1700.65615346004
2156.22076890031,1626.43031347069,2158.95445432142,2003.52410110205,1519.10799231891,1715.81132816015,1091.03104711481,1207.94034958428,2493.34315656344,2372.22580095012,1816.96430005903,2123.67927756411,1799.2554617915,2384.04396196391,1901.08850507377,1623.98462935683,1717.37338290675,1784.2089290441,1645.82590153669,1944.66666621454,1775.85530142884,1109.63046756443,1958.30968763831,1283.33493497967,1454.07671073486,2009.27161522325,2070.82281074962,1844.84663485243,2038.54154383819,1700.65615346004
2156.22076890029,1626.43031347069,2158.95445432142,2003.52410110167,1519.10799231891,1715.81132816013,1091.03104711481,1207.94034958428,2493.34315656344,2372.22580095012,1816.96430005903,2123.67927756411,1799.2554617913,2384.04396196391,1901.08850507373,1623.98462935683,1717.37338290675,1784.2089290441,1645.82590153664,1944.66666621453,1775.85530142883,1109.63046756443,1958.30968763813,1283.33493497967,1454.07671073486,2009.27161522325,2070.82281074957,1844.84663485243,2038.54154383818,1700.65615346004
