679606009.657062,8589497.05975051,4932447406.04072,786706929.754378,192442.363632018,2314540512.92996,130162.057971234,10797877.7658218,8016.19043343976,36644959.4688489,13133068.4459884,27147.3748987678,56946648.4887886,739670534.201872,63045.0501093341,16870.9442611442,743.168747165965,801945.696927517,12494881.0946583,19174.8908681291,390441206.605378,194196527.403603,1056619.19185932,58611.0315513298,1097.51128682733,61836995.3278314,37440511.0172758,25721.3195264848,9699074.08362309,4689995466.53359
29819.5450016693,315345.267268922,1726079077.86104,3575.6603863385,90710.7924238487,24984.8355980791,54919.5905203271,22639.0940852581,6917.1921445319,134364.822504649,1349.6298953112,14194.6507424074,4263202.13811558,32561.481479505,47036.6489960401,10770.3488047671,405.166289429852,1027.15782381474,4162.51385114723,12558.3700793456,1282.15535543185,6196.35243941389,19132.7269123183,52094.8687185081,234.30211715897,25853.2118626998,65489.7112002622,20673.6832612645,50996.7398485838,752726.861456266
24715.261932647,210794.220818823,8549.34045743054,3268.00174458281,12620.7545806365,21733.9931073867,51284.9958805413,22639.0940852581,5982.65051792991,75664.1652092513,1349.6298953112,12586.6106624587,239177.191949223,29184.6359015467,34014.4106927809,1408.88631723527,190.906092046335,762.014312068648,1592.3874956475,5202.19831425235,728.819379642021,5224.00912857886,14576.6262750288,51216.5455368202,234.30211715897,25517.6210611631,62739.7145094157,15204.5334377332,50996.7398485838,349758.123514387
3678.46120054401,167475.781692209,7136.83128095795,3268.00174458281,5209.69623715587,21733.9931073867,32284.6436452129,22639.0940852581,5131.40242086789,50887.8253859874,1280.80143159255,8182.78364730108,157507.993273511,28100.779996988,22558.748747951,570.577230821141,109.294106033746,552.581667659827,1592.3874956475,1247.38237413143,591.433005557602,2486.2266374573,6459.76344001115,46631.5708733529,136.680503563756,23604.6070460684,46875.270440716,11580.9704382067,50996.7398485838,349758.123514387
3388.30952471261,78974.4920066133,7136.83128095795,3268.00174458281,2228.45784448316,21733.9931073867,19431.0096207236,22639.0940852581,3268.71183494843,10180.1685506104,656.120399723558,3075.50163994151,80628.0881258255,24981.244054069,8262.09986389299,341.071164129417,84.9535295857008,552.581667659827,606.975156296767,808.34428052611,591.433005557602,523.92529564364,1766.62909720106,29821.8433968551,105.434606631135,17068.3381268369,25659.9130307502,4037.09185610727,44588.8340581863,285427.83838472
2690.08623749885,10594.5116879879,7136.83128095795,3167.94266584575,510.530999935125,15991.7010739181,6890.199902122,14897.632697612,761.221754809668,4801.78771162499,295.526856079745,477.880492364638,12566.0936782578,19269.5947574202,2131.21905001081,160.453423530693,51.8764997519791,447.097702627555,385.364704527679,404.688137077015,591.433005557602,523.92529564364,402.860100403192,9089.16504784506,49.1810468108026,2528.50293268143,19475.3918405407,650.489444033231,13561.9805729413,145575.35995848
1115.64233559371,388.651204066704,1871.39981746616,2179.08387885344,309.346585084877,6821.58469445063,616.219323237739,2874.51227964428,401.765105315982,703.56216598648,230.898675013594,109.449710000022,2489.11632715791,3504.05423631007,467.316311514903,128.671755765005,43.8759920320135,259.07516199061,167.955667341905,294.155906591211,131.618938688525,207.903507000651,83.3065294380076,1869.80434535381,42.1684144022136,825.184631162713,1552.44712370052,54.1130897827941,1669.88378221691,18418.2754493072
126.438080127921,108.814939248883,125.379087992662,595.13459178481,256.094276966991,357.395526613812,210.648634734976,190.645910469501,169.992662265357,254.892556631701,146.821659758627,90.4131788747611,178.336461819469,262.381286154121,407.193502234277,127.646221583328,43.2950180831353,112.239302741042,117.990358142922,270.458852496873,51.400332390042,59.608409649949,69.2798004664846,125.396376601933,42.0832974800114,95.3260781130284,25.4789353633935,32.8348527695389,198.432893938303,4536.69650314085
20.9016216568809,108.676381556271,55.4395233570419,226.956315367596,143.759844814148,134.352970339693,108.534641069933,96.6388331152002,113.182685274958,246.694247827433,145.586139872911,90.3538987708666,146.286481105764,126.757287391605,243.536383840071,125.95995627737,41.7407645926585,111.13624132976,117.758173365674,220.414656068855,51.146689496564,59.5476263960011,68.300124704997,73.8284100610736,41.9551973689172,90.4452567631533,16.7889151698412,32.8336621891201,101.767347936855,92.1078819461252
20.8986764900783,108.483149932648,55.4389811140986,224.573118143206,141.596165577477,134.341717517826,106.280481603712,94.1792949873056,110.808641283568,246.572151952131,144.45981891299,90.1895077729987,146.124239682355,125.692084906832,241.143646807705,125.535592384222,40.9723613965534,110.591844786522,117.532098257243,46.9357945671379,51.0832849269457,59.4272158814115,66.0167126233239,73.7993775734255,41.8632008339744,90.3225565580324,14.5268226203405,32.8335760581811,99.3871396308339,89.9046828982641
20.8956621896175,108.247701769329,55.4384818305159,223.940409707834,141.336908926419,134.325000862718,105.570669929793,93.590968923859,110.516961992028,246.333832011781,144.310785580287,89.8950724972688,145.994969493124,125.414783928386,240.824083507258,125.393342050453,40.8245122678634,110.47544590416,117.437807371017,44.9235938641227,51.0040272091712,59.1821048253896,65.7348743805742,73.7497294592852,41.8093331769524,90.2702273232235,14.007334736966,32.8334973340855,98.5926008151207,88.6615814889224
20.8944033341754,108.172682373756,55.4383105990453,223.868588437088,141.288157616768,134.318889827368,105.473604694322,93.534713080767,110.449301705483,245.980694891267,144.27031688478,89.356477294549,145.978629907315,125.36934557587,240.780032799867,125.36501975497,40.7987120459245,110.444805191379,117.408833441784,44.7902736887759,50.8878053507624,58.7408890175168,65.6766678393558,73.6744375124611,41.7919079838205,90.2620163525712,13.9373192049886,32.8334605568079,98.5101648401571,88.5680839456518
20.8940735397821,108.16995414715,55.4382988965747,223.854934839406,141.281148840068,134.317114219378,105.464343787698,93.5252922102468,110.437628881359,245.306518265028,144.26353911302,89.2661119720942,145.978021262061,125.362376209746,240.772809731865,125.360816928482,40.7933576718435,110.438984762865,117.402489510978,44.7738285711712,50.778873712015,58.0411006030297,65.6674424618604,73.634093713388,41.7883210831105,90.2615844343429,13.9300690932389,32.8334481088921,98.4996603781208,88.5509507731549
20.8940352049492,108.169866667679,55.4382985640395,223.853988757393,141.280626684333,134.316981005376,105.463676105384,93.5246002541601,110.436278361617,244.473900676169,144.262735326991,89.2651194396044,145.978007413062,125.361715787849,240.772253296929,125.360453482502,40.7928067921903,110.438431365823,117.401878286335,44.7726417737995,50.7440306190269,57.4293577888602,65.6662860627609,73.6259961419248,41.7880575099243,90.2615768069584,13.9294660585119,32.8334467086611,98.4989553158798,88.5498453043983
20.8940340428198,108.16986642736,55.4382985631503,223.853969811733,141.280613205243,134.316936757046,105.463648030915,93.5245859953204,110.436143865489,244.467209306617,144.262630480313,89.2651169679839,145.978007347597,125.36169610855,240.772237437789,125.360428520048,40.7927879392737,110.438418134745,117.40184915281,44.7726164092794,50.7419213074654,57.4288278056681,65.6662567981343,73.6257253556644,41.7880479188862,90.2615767584582,13.9293915115761,32.8334466423526,98.4989390633173,88.5498182265269
20.8940340401105,108.169866427349,55.4382985631498,223.853969782972,141.280612977063,134.316936552778,105.463647944488,93.5245859557285,110.436143758878,244.467208865253,144.262630430271,89.2651169677943,145.978007347594,125.361696027282,240.772237380262,125.36042849424,40.7927821804749,110.438417994929,117.401849099629,44.7726133710037,50.7419109772529,57.428827769475,65.666256404387,73.6257157161497,41.788047883505,90.2615767584534,13.9293914891364,32.8334466420165,98.4989388696081,88.5498159048063
