1763697661.24506,5540038265.51475,36612461248.081,26059519581.7551,21356167213.8624,2325436737.39755,26075678607.2645,6456294418.3113,15069506885.274,17988021599.1871,49235061909.4267,13733017585.4194,16007006880.292,10395706563.8736,24044503997.378,3586912509.96128,5676405904.15318,5792761804.93601,25812323476.9542,9787918330.80746,18445361714.852,15828626788.5413,17251883562.3428,19865057673.3244,22115955832.8721,24580610006.0783,7036001455.25172,6868348992.93279,31907346134.9641,19899760510.0474
270145777.758943,187456693.00761,32349754539.1701,16560827389.6103,7980081569.08126,281152702.335138,10228830211.3786,1879676515.13373,6112103739.97025,4749527047.58258,42545287988.3021,11038418619.1419,8836445293.13957,5748120637.30871,15524473129.6602,595892249.320667,3534834035.19729,3821466038.94396,14439204348.7481,708911349.255441,15654558673.0181,11913816059.365,10021803887.81,12650715787.116,5886458871.32313,18692159145.6629,2682719436.5818,1563142834.77359,12253398136.6938,15546758915.5699
24448410.7824949,40375143.5734209,3290282503.56215,1687250949.93361,3508712530.02082,29008549.9804614,186851226.396922,129259910.138806,309097127.712767,2160837280.31687,11828440114.0025,1042122635.66555,338864200.282215,416479545.553164,101340668.623227,97341584.4259597,149500549.765885,251364781.333182,783139260.195918,583101458.058227,3303058153.3967,292548708.545416,3146466776.13708,1942798336.05041,505721871.666418,3543358721.95461,267218759.226682,118104300.488832,3694481520.80592,1692275226.57743
21072527.5127896,15443310.9495971,280920159.176255,315237845.593164,194479046.477546,14193686.9262062,79669199.5745821,11824239.582185,214926695.830807,1085411322.40867,1676255464.35611,141499332.63868,86366090.1971378,5678920.27468979,77934930.4764264,9124139.08237841,26897840.3157787,67936743.4823522,131765109.478696,112812047.859967,362361951.326001,26844553.9698251,934169929.959168,277461995.707627,12880932.1088175,1556085651.64059,24364121.6289125,19684589.4658456,961494149.574137,559374159.336624
12971183.0904254,6707881.21021678,2255221.64786377,9140016.4031617,21477900.244712,1635976.46596508,12324535.9511834,11824239.582185,52546855.3789658,324518384.335399,20867941.6256916,512389.660947847,6350221.29571053,4097453.04656132,36348045.7449238,8726233.39680364,14641604.1798004,15343073.238404,7850121.91103836,15343289.9872924,39907637.0086342,7606130.89989673,125641559.227749,7831061.28557335,12880932.1088175,31042270.2439237,24364121.6289125,6688756.82508758,387783837.29073,32468714.2486694
10120642.0687298,4584969.4389449,640153.982639025,3651227.42587013,14015802.3481596,1175370.16063208,8404976.84211874,7990668.70433228,3663312.27237554,2167531.28433011,5271960.8335608,9172.31509826857,3908182.35377676,1927667.52451074,9844107.60800852,5794926.41118522,13588680.7252601,15009956.7517103,7450392.4905925,5751078.34768118,1620348.00260786,2138474.86178259,20063699.2911222,601921.610148421,2458117.09138061,1822395.67736795,5703806.18033278,4111329.4279037,1111717.99645889,5642921.26473235
4514993.4333317,4099942.36673544,248561.551209057,2949006.41415628,11555602.3113982,1018904.66666582,7672188.78258576,7793411.05421514,1907679.48917437,401808.361401495,2552189.99515429,4968.2099413838,3646970.95168056,1615774.30472706,8796879.93936741,4300193.6786356,12418034.1518481,11737431.0294171,5646420.19673908,4948792.56015152,525868.464606068,423469.202845918,18739421.1905735,433960.046119389,1388192.55615703,622978.373529997,4509736.50396489,3575549.96168639,17497.1643886299,4464256.39978299
449878.931681474,1152542.58495699,73030.6287632707,1846984.28409777,1257547.00145976,376954.048075531,1888251.36817615,3862230.83395124,852475.743470085,255926.244960491,432852.69337191,3253.86072565382,1491566.57574583,70527.7174363912,1573113.04049866,1062007.15296695,2626236.16862413,2375768.3837869,641065.396858774,431445.490459788,190231.237751759,218834.871304117,6085439.48302267,171914.160608572,582351.528054552,51473.2686400426,1648175.52876116,1171035.08105516,12360.8444456922,1737328.31326608
20797.4875798499,35716.6442767645,3595.64477988196,42111.0759053611,24554.53574842,18093.5701905732,54891.8740314299,144992.064675019,68686.8297239408,46598.8203119363,35252.0311496308,2162.31058319331,30996.1809281976,11603.6488448429,14611.0125300793,49376.4859889593,25946.5267459928,27313.4747623201,37383.7224420542,44343.986556797,22882.4920454887,6947.77334768574,16164.8378012006,4657.693632831,59096.3697943258,1485.47039741095,97241.0660706565,42129.7770635407,12312.3664747187,43035.268523065
19985.6903571973,31330.7586489615,2889.11215098857,40439.9547368526,12409.0564297569,15644.670897841,30148.8137889383,8028.36397864563,6399.61909972522,36048.5627856383,14985.8491099656,2121.45326299893,4298.79332086954,11549.0354269933,3099.89964599899,11169.6376682516,2788.16305868623,25012.4772341567,29051.4593467537,39302.4694282167,17032.2152429962,4047.84618266519,2953.47336062998,2930.733481438,31063.8306998381,1415.61483396516,10020.5237824779,41613.9612655172,11665.6923964255,18719.6244045787
19973.3487357367,30938.522999301,2416.85658551943,40337.2973737477,11951.847091182,15606.1349197267,29660.4029038274,7165.69161633445,5960.03709028021,35587.4445258298,14913.224417201,1452.86782788896,3628.37168109695,11395.7719926315,2577.55991819775,11125.7105502632,2222.27167736439,24866.36902546,29009.1540018353,38628.0365588207,16686.0598549456,4033.43351971868,2834.34909540849,2923.69301981881,31038.7452526622,1323.50383425842,9971.04904331659,40810.7777353765,11323.340610718,18703.8205111337
19824.2300937616,30906.451296037,2151.89610375172,40003.2029327521,11776.3634778927,15116.5447476237,29611.2664655001,7066.9267488939,5916.5356563561,35440.6440944222,14704.6694770678,1444.84579611345,3375.92614721278,11374.9269806204,2447.59679306712,11028.340473603,1961.64406132141,24857.5917204178,28946.5960650711,38056.3503638885,16661.1614361607,4012.37195445472,2737.04231104272,2913.10655326832,31028.4965112383,1323.22943947545,9464.69147670281,40766.5558264098,11307.0383767805,18684.8596375488
19802.3822593936,30827.3679159464,2138.92323860455,39899.106615492,11763.1456850577,15081.6198605883,29533.9998925571,7050.9181080311,5846.45764867931,35350.8185914892,14592.6688712543,1444.81450735085,3375.25177552118,11328.0295618797,2446.12124180933,10888.0919337051,1958.14716748868,24840.9378730942,28900.3022477149,37967.9976671149,16479.7248729663,3975.26152378866,2722.32794972278,2851.91822398167,31013.1244823579,1321.25237111358,9396.54189912092,40650.9163604245,11272.2667326529,18654.9731525937
19755.8280107807,30700.9985550555,2115.97527431838,39735.4822558325,11744.2784691916,15018.8125465907,29420.5669904042,7023.3962138872,5732.83966747116,35190.4256216674,14377.1673413248,1443.07360690522,3373.01293270186,11222.9704643093,2442.50003249391,10651.9953065604,1938.88780507072,24818.7291361377,28728.1681460986,37797.3176158825,16417.9712239245,3905.61564847609,2693.35835734253,2793.68610896475,30990.4914530475,1317.49737024386,9280.21126801678,40485.3290109721,11221.2338715747,18614.5344127341
19676.7418546356,30475.7250826191,2085.03450416172,39440.0619213354,11703.2241156014,14920.0781999399,29231.8277799866,6979.32659534892,5579.98985457901,34941.316178234,13989.728860935,1442.4694628495,3369.59277045601,11066.4702294437,2437.07037297366,10294.8249179041,1902.88755349154,24788.9466180027,28433.8298039338,37533.622605046,16328.6796784821,3795.34685670752,2653.10999477593,2754.874888546,30954.2874942129,1310.69986296689,9091.47494666779,40208.882018708,11143.9127605122,18548.5391331809
19583.0990465788,30153.7112655605,2031.6688211296,39004.3208055835,11629.3203359871,14756.6952682651,28916.3489657108,6910.38172975489,5395.23622687978,34574.1771469219,13609.4000935658,1440.38932658296,3364.77510668562,10835.1942169612,2427.11248318771,9797.10906261012,1848.41757117123,24737.2848103118,28033.6460951582,37114.9553634202,16185.0290369953,3661.90952005354,2597.91088831273,2680.44629780659,30895.477909788,1301.03505016333,8780.8453693519,39777.4715903379,11021.3275828041,18442.7545649319
