864164.069068106,16118.7704656948,88291.0537946911,83618.9432578041,6203.46042054717,51681.8146362296,46058.9572193751,133234.882159072,21930.0262719605,4519.55145996165,149575.854227072,36968.9263043214,34030.8512451572,136139.987280908,14280.6762440908,35050.5687993634,43179.1468840005,103685.994000938,286991.111847704,56403.5016922538,97216.0858705416,26666.0115962298,42669.3258013945,15207.0095764475,21196.9901679633,10433.2239575627,6713.34447229834,110501.475221321,34052.6044432604,33103.3286231337
6982.50603103609,10118.901792372,4398.97981951926,16085.8594781888,2255.87818333732,25764.0329336033,36416.8640085189,20795.7886047202,13887.0266592663,2605.75958677946,44954.9226819811,26374.8146555144,1735.29915740443,2782.14417925296,4393.30403284671,29500.6162148682,11547.7735842389,20002.3055398968,15627.6270732044,26532.4304508384,10097.8962985949,19210.4525339409,11734.7974692309,7465.11984782889,11602.5904123064,8202.35873949527,3396.40761928771,25771.1868546771,33401.8259718745,21717.6049589495
6648.16735050059,10081.2859054753,4385.12980725381,15997.0833950426,2247.09370910944,25764.0329336033,36266.0474810269,20347.8031520683,13887.0266592663,2597.45318535106,43397.5269674945,26328.6399767945,1735.29915740443,2782.14417925296,4386.89386593066,29490.545187825,9941.62027369648,19891.0931604419,15174.5479946481,26397.4947718638,10090.3340123298,19210.4525339409,11721.6080379491,7465.11984782889,11586.8024955698,8198.41342130867,3388.22851959624,25739.0354729086,18362.0013774392,21717.6049589495
6625.32441567355,2678.01970161705,3262.54408204819,15886.8640870361,229.752859614143,25695.097466406,23374.1842783999,5378.49621509384,5036.40011161363,1279.12755603924,15101.7736057515,26179.411356868,1733.27514077074,307.45291830198,4363.88525152207,29387.9894422426,7071.45660027719,4301.50341935909,15087.6440007606,26237.219184662,10032.5700175576,8007.5272894437,11651.3946379459,1103.49704743258,8752.3865186484,5127.45047788758,1454.87050741902,21219.2622442893,2445.10976404301,21554.0555397755
6550.27876915183,784.413472873679,1042.63965745319,15694.1792008539,192.863789004969,25309.5259801408,21379.1783163251,1996.99035547973,3479.81489838421,844.742167803947,12692.0423027562,25799.427820979,1712.68303798091,229.862564492804,4309.7080728464,29051.4442665085,6912.39083680303,2589.71278096301,14889.6934848241,23563.9502453692,9903.66099564979,5340.0054604994,11495.3574526702,1071.97516503242,8613.19197847312,4969.83109137187,1027.29604052301,15885.5077804421,2073.16069357113,21124.3438822522
6393.84326831675,721.617664524299,1035.40473619605,15256.9517181521,192.705586047194,24499.1673355174,20690.1024013646,1844.51426124256,3363.22479303693,827.720865001907,12348.424430444,25038.4736998389,1010.67683674935,227.630053504527,4199.5889887566,28217.2711945833,6744.55833028719,2522.7058868306,14454.5674387769,22905.802420537,9595.71005175869,4935.49189675629,11189.5959726266,1044.598101975,8369.69118153558,4390.33374907614,1017.57424819121,15443.9662511227,2018.56530027567,20527.6002818471
6240.43612526384,721.514304964332,1027.32957761603,14815.5172350523,192.502931440631,23735.9315277327,20138.3264566625,1802.02710470352,3278.86876223863,813.354239841773,12009.3730618004,24301.0187661939,987.216996546587,225.971783709633,3919.28924142665,27516.3149893144,6568.70237161478,2463.40848976574,14082.0248558468,22263.4699400863,9293.47372125017,4806.75613708757,10919.5700278306,1012.75820642804,8161.50352329744,4217.99963912476,1005.84041668363,14980.2572300973,1958.56669566379,19858.9551791308
6067.00626002934,721.337146676581,1019.02677874811,14413.140474411,192.326293385408,23106.3949954014,19545.2642680538,1754.03850150163,3198.85411473782,801.121824113842,11606.7414712752,23557.028784676,958.091912610339,224.468611056014,3819.44971811368,26681.7069392858,6362.60486419959,2392.6019436794,13665.2400712041,21658.9950594403,9039.24292253167,4676.69769839831,10645.7632458965,988.635639827484,7910.96071557477,4110.58978225624,997.053277656328,14480.819477017,1897.27270630679,19128.7620054969
5915.42613698951,721.164512508385,1011.22900662242,13984.2140357044,192.143049876812,22347.4937511469,18941.6028655154,1706.12986890438,3118.46903679331,785.713201131261,11269.1321379647,22875.6196737999,936.348550955236,222.768967095819,3718.50136946474,25916.7573234039,6193.89958235274,2334.25825458374,13303.3836538235,20933.0642427748,8764.06398662971,4527.68088177067,10355.515983933,964.870475534433,7700.22691644973,3984.35704334889,987.791280222043,14023.2954181462,1847.47862950986,18570.5061344304
5764.33185427982,720.986646363124,1004.27350308743,13570.9894586155,191.944600646477,21685.0509863417,18409.4029238797,1659.65441477058,3033.66123298975,768.9445066361,10906.2737481625,22142.334544766,916.085934089898,221.179739373874,3614.25145912849,25241.8348669308,6025.18766251128,2278.11300002854,12960.4677870605,20209.2946435108,8464.8424067942,4388.31374020831,10081.8766585047,946.510533154288,7463.20445661141,3862.84680511959,979.406300834524,13573.0633543365,1792.01406158101,17906.1990102617
5637.45203085851,720.798526333633,997.459451748374,13117.1930256827,191.747050618963,21098.634859669,17879.7085023173,1624.25507974889,2952.65551529735,756.890554711517,10525.7169919694,21602.2122867224,895.288610661061,219.939220568367,3511.06563328633,24606.150730694,5843.61623384607,2216.37841891528,12603.1821020274,19642.904859323,8240.76105153706,4281.14536240479,9828.93723441166,926.201583548999,7262.35654733568,3767.94701813738,971.437299566022,13201.3860595034,1741.62821901632,17381.5117461059
5512.30245273812,720.620412287559,990.83490023316,12704.4533582881,191.57303317751,20437.194122828,17317.0276862641,1587.80659278231,2887.84438780426,741.02109181613,10239.3634136477,20993.9538955823,873.545603908879,218.321721079473,3400.68082836658,23944.3167717745,5675.88694178368,2156.02290522608,12261.0214124674,19016.5367320574,7969.33013216244,4144.43646749425,9591.26151626735,905.212862535825,7053.20205818938,3671.84214376397,963.302323086591,12837.2291028205,1701.69116654079,16813.0699130431
5394.70525744097,720.42417709144,983.984475278793,12288.8330272338,191.392132148582,19887.5798574312,16840.8371326511,1549.54769666723,2821.19762980122,728.885455580349,9931.92992954955,20362.9039432978,856.059798279881,217.239208866004,3310.48304343585,23270.740731447,5486.19109277211,2094.96674191002,11907.5545763692,18332.9737934929,7748.66741827653,4032.65131320875,9335.96313812163,888.437599831051,6855.80724800147,3568.70441553122,952.64242647709,12381.3752551789,1656.68857201847,16185.8168082415
5268.50985452398,720.232034390484,977.861942125895,11973.7417405227,191.257311282742,19159.300865533,16329.3163389876,1517.1200967166,2761.67751205775,715.774434497918,9608.58628371745,19715.828684063,834.994860824349,215.843594637381,3229.08776457324,22674.6906012581,5339.85535587344,2036.68167569159,11597.3245789103,17775.3399210893,7540.1170367,3916.28424233377,9126.60539479654,867.823682430766,6645.95020108121,3471.89948304891,944.472441708686,12033.2978274628,1607.43361931555,15664.7147782788
