2372457543.27306,4174539352.08943,19325666511.2877,2071616148.07828,808993271.704669,4720509080.59582,6933281173.90852,2361947778.97437,8917962573.75198,12233352645.9332,1809041124.05833,908937362.09766,16923777332.6094,3293367602.91163,10461461354.2183,9234055336.93626,11122068576.8548,3217358179.68518,6627272963.38447,23811928927.3614,7669492.70677185,9118348775.15261,1065944460.16168,1322593931.0625,2402472373.04256,7627259597.48376,15521853656.108,105466392.825744,5541521141.32612,601420440.08621
13237414.9048997,633317735.451907,13547317063.431,185850469.746642,46361.7233252688,865377094.694843,480911252.975006,646238436.766089,2494427940.71138,8669879640.7763,35902190.9457333,23247770.9532247,9038449538.57409,16919840.1130101,18331018.8926683,5864784505.40828,3947415503.82209,1306745346.34279,712282565.716282,19455530921.0767,218223.91171478,878704141.678799,11680487.0569671,940145.278128433,1649448142.44777,3307489341.41762,2616876850.9837,2452033.75909602,544656469.470907,7336023.49023187
2072663.03229424,601608.039115661,4908823276.85761,5492068.96848812,46361.7233252688,102001054.105204,3545512.5123568,4466180.72553724,11231643.7995023,3181221.59346422,14919736.352224,327085.210832933,1140303913.27261,8880498.10394758,7260038.45217368,577396607.567772,309072536.77505,29383423.0844879,3460141.94783433,982945742.986977,218223.91171478,150914085.923396,629333.110864523,263076.02622963,126519490.439185,74445241.7716132,223131591.350008,1078437.83304619,43399431.4384693,7336023.49023187
813640.364640339,601608.039115661,273618312.584386,664688.965805708,46361.7233252688,276839.662746624,79097.853809065,2119831.14831342,8051637.70230436,554618.19502737,598211.244918304,327085.210832933,737872205.447443,2147810.85073834,2589970.96164309,21909042.9507478,157087.097016894,398445.215279884,2549419.37772854,52799542.8587615,60377.0920549266,67113969.9582251,456008.451489652,263076.02622963,7849540.30337724,645435.841558381,7452374.4593187,651374.558014316,1418261.97749718,96969.3298752452
99508.0829591858,601608.039115661,2570145.76954642,247178.643360529,21685.2374172675,276839.662746624,69590.0651364409,70451.3929149661,2031086.79561513,554618.19502737,264350.204372661,92983.2074340756,216720410.839864,759119.074739864,2589970.96164309,4294452.62524241,157087.097016894,103859.271271623,43006.1351598137,1945075.25429089,27290.3369729817,908313.660040972,92620.3564301207,70741.6206935064,212392.447694803,645435.841558381,528247.800031334,433559.143254041,1418261.97749718,96969.3298752452
23673.9587101282,51115.85552103,732871.692268105,25388.8585902969,21685.2374172675,29103.4023441159,13805.7761835562,26709.857350919,69735.9168626569,120355.155636672,15883.6983076851,15054.9480628924,51854.2867627439,25463.906009198,268951.570352268,25064.4829559057,15820.2432254455,24949.9174730627,27121.9936901716,770300.918742163,23858.9740262295,79097.1450712955,48207.1940666422,46128.086586789,15382.9081432561,645435.841558381,18660.093999666,21769.5855566643,44803.603980896,18475.5542177529
10913.9852409901,35199.6542198474,8408.71972179284,25388.8585902969,21538.2920337367,27985.2995547969,5886.31896252375,25712.8810130155,13655.6977683819,19473.2354036305,11518.9282774855,4179.19390945695,7438.95332042639,7560.39277355845,7802.2004275798,22581.1917802342,9652.83882613305,22252.0384027765,15892.272128072,6257.76895663536,23522.6978131897,29794.7285477826,45727.2355115127,37342.4776149981,4128.27215076843,41742.5886547362,12279.9879207435,14690.8769948544,15278.7640984616,18088.3563384017
10850.4353415302,34756.0545007117,8308.08719146946,25388.8585902969,21538.2920337367,27916.9854653636,5868.75982367511,25662.4292104771,13655.6977683819,17858.9107535705,11258.0545463384,3925.44246871527,2382.56900800168,7364.70457389457,7727.32938214048,22372.9880200161,9616.22213542289,22098.8915255665,15813.1821495738,2495.61327249492,23522.6978131897,26653.7728687159,45469.5022378401,37190.802400237,3951.81811687642,40175.2107186346,12279.9879207435,12540.7889387755,13918.0054819142,18088.3563384017
10804.7642278096,20552.7187773608,8290.92751833282,23771.5142453982,14015.4788279762,27817.5616421253,5853.00651686179,5961.3309814618,6204.64854424333,11077.8730316375,11172.7881599171,1498.11637615677,2381.42521396489,1433.68744940031,7701.69163903568,5083.97309574547,3475.51416941455,12932.1544542362,15746.0231981907,2367.74170693822,15212.3968291876,26422.2333010843,30596.2616154387,18974.3820085809,3938.16614320938,40073.610111381,4290.39411696403,12265.0075864804,13447.1616217756,15222.8296417489
10744.5248921108,20424.2752001554,8238.39973130349,17623.3505060303,13995.0022926725,27604.6869670667,5813.5722265689,4588.94502750799,5296.06249674642,5680.68174455118,8515.74576512094,1457.33283698281,2368.06135508245,1392.40304018019,7649.17324208019,4160.29029037696,3381.02387311254,11337.4711782507,15646.3755726053,1417.11024750945,13218.2864058784,22999.31158499,30363.5132909419,14867.9046107469,3915.26814332414,30618.058541549,2680.02646493228,3770.92430669994,7861.21455907071,12902.3455025029
10612.6464528153,19685.2513659252,8145.33762725826,16654.6220947167,13857.649805732,27341.811912428,5745.79445652959,4542.38475489402,5243.27675500483,5580.35596142275,8289.0477924991,1446.46846979818,2345.00932403403,684.679761904514,7573.73892702782,4114.73698292003,3084.10884570491,9929.98697465383,15464.4335267788,1193.07028254046,13048.3563598938,21915.4301560353,30027.9782161569,14727.3212043586,3500.32310958738,28246.7933821505,2648.1638350678,3510.71232684908,7769.92720990302,12774.5587081429
10451.568100474,19363.1600916164,8009.25362111042,16384.5310471838,13632.6990532086,26945.1251031178,5654.24991095177,4472.37281322349,5162.73310727717,5485.58215527174,7974.83608242599,1424.26994076549,2311.70671954904,641.933730083835,7449.00017729938,4057.23664165672,3034.81390901324,9774.16227389185,15248.8107941676,1181.57141210447,12798.6722335742,21527.5883569524,29560.6996695499,14501.11585299,3430.18870166466,27198.5517983899,2612.20411652831,3458.99725095762,7637.74465046774,12563.9309218746
10218.9393382492,18793.5866654248,7802.12355579205,15941.1336346209,13320.2755272749,26205.2181010834,4840.4635909958,4377.80750933935,4989.77307132156,5370.71364719561,7790.29849643099,1394.45227164396,2259.43660276909,634.288116671889,7268.32893952377,3971.29097142204,2966.49419446994,9505.68510395443,14821.4892089341,1161.23738579768,12436.7277590459,20958.8007693734,28723.6778404213,14079.8443919123,3245.01983871765,26398.1725797106,2550.54041355114,3376.27696232931,7434.60357443793,12245.1018975751
9864.74766376204,18036.3877016797,7451.1915092982,15159.029531103,12853.2177243137,24978.3524424315,4663.8813103789,4223.6469270296,4778.82106035406,5179.55312197865,7449.27439537753,1346.28855472443,2186.17450610207,622.1466298314,6956.31549304961,3831.50231088809,2866.03076408441,9094.43401761977,14180.1796984544,1132.19318392694,11910.7678666305,20147.0161732266,27059.4213721972,13477.936537335,3125.78386709239,25186.7180567287,2468.46015687511,3225.44959826887,7141.73294839423,11735.3315255314
9265.76658451211,16777.1585317826,7015.43286290065,14119.1800682654,11889.0788074634,23244.9277845648,4372.16785306984,3987.07409049834,4472.53051773072,4867.38952416736,6962.05039200694,1274.10575065727,2056.2514131399,604.862413859745,6532.06026691697,3614.12230477236,2711.46646664601,8487.10449410602,13238.2510179999,1082.51426423961,11090.9119854289,18766.2451035681,25347.0556931059,12530.2374200773,2938.00236747522,23376.9949276218,2336.51590691697,3028.24715375661,6662.43359889254,10936.388991464
8397.44835824364,14958.0966635217,6312.08490830688,12579.4758346108,10775.5382339352,20535.4889594845,3936.74190914532,3630.70648882406,4031.1957854978,4392.1700349586,6223.5629711183,1173.07013705639,1885.62824899447,580.528402952829,5910.63788758905,3333.84221551279,2484.96631074093,7514.1176577605,11947.916352197,1012.86579210969,9957.2178625268,16764.13680903,22906.4018044173,11302.4018583979,2667.75350368187,20927.7392463735,2119.72480500217,2718.33635683082,5985.80598336124,9901.73613683244
