201.72276364501,2725.2439739035,11556.019458471,674.402583911897,6176.63781640165,20872.5313336193,361.804931559952,26061.0478912046,16550.7828524247,6411.29899603601,1409.32549962335,588.317516024427,20044.0067130029,265.800338966886,3573.99746845455,2904.59104018717,196.468165395629,9223.24436765985,395.478469545721,12622.1942549802,22721.3924896395,1339.61169641178,334.63055442872,9508.02855734176,651.245183079876,19457.804377145,21082.6617846051,386.596957404286,22071.0448540499,227.021713789105
201.72276364501,1918.15793955863,11556.019458471,625.628083877773,5617.83168998124,20741.8548733123,357.659279070704,24562.1768975109,16550.7828524247,6411.29899603601,1288.84503519433,588.317516024427,18497.3442621484,167.416947074327,3475.53232979601,2640.35343816017,183.695876562625,8488.66029207175,105.479931255352,12622.1942549802,22721.3924896395,1339.61169641178,334.63055442872,9508.02855734176,651.245183079876,17628.6575659125,21082.6617846051,312.917156919194,22071.0448540499,197.414687898212
201.72276364501,1809.47805130056,11556.019458471,625.628083877773,5617.83168998124,20741.8548733123,355.038838709844,24562.1768975109,16550.7828524247,6411.29899603601,1288.84503519433,588.317516024427,18497.3442621484,167.416947074327,3475.53232979601,2640.35343816017,182.323551498472,8116.10538403577,105.108676750654,12622.1942549802,22721.3924896395,1339.61169641178,334.63055442872,9508.02855734176,651.245183079876,17591.7407072668,21082.6617846051,312.917156919194,22071.0448540499,195.649726947733
201.72276364501,1809.47805130056,11556.019458471,625.628083877773,5617.83168998124,20658.9197631008,348.542287490343,24562.1768975109,16550.7828524247,6411.29899603601,1288.84503519433,588.317516024427,18497.3442621484,167.416947074327,3475.53232979601,2640.35343816017,181.682799609361,8028.19314572564,97.6877120397867,12562.646733527,22721.3924896395,1339.61169641178,334.63055442872,9498.13177659937,651.245183079876,17264.0066351947,20881.7725521856,312.440463079107,22071.0448540499,195.348169021917
201.72276364501,1700.00524564746,11556.019458471,608.018700208958,5617.83168998124,20145.8249366916,272.483334439212,24562.1768975109,16550.7828524247,6353.33749156438,1285.38133659902,588.317516024427,18085.1641050893,167.416947074327,3475.53232979601,2640.35343816017,130.0574480882,7836.02841177021,75.303382700539,12381.5214775775,22721.3924896395,1339.61169641178,334.63055442872,9228.54492230436,651.245183079876,16725.2382956607,20373.9262157564,301.862763009939,22071.0448540499,155.54499424696
201.72276364501,1607.4693830453,11457.2438640295,606.8451492805,5617.83168998124,19580.4524149334,271.377260103245,24146.4628639666,16550.7828524247,6066.59575642193,1267.39167554173,521.37295089135,16601.3039503814,153.348956031783,3475.53232979601,2634.9978650121,130.017395345956,7609.30405463025,75.0239661872661,12106.5903820909,20710.316684725,1339.61169641178,334.63055442872,8464.03826539689,651.245183079876,15937.0752247567,19683.8515078976,280.406090303071,20765.289355207,124.872618342471
201.72276364501,1586.89670306452,10413.0046352408,605.52786590955,5617.83168998124,18490.0604174091,271.284550962236,22555.2229096358,16550.7828524247,5901.14580675659,1262.16862231112,509.989071660853,15888.5049921098,153.122539745716,3433.56909997061,2606.81863607817,130.016140107638,7453.22905039444,75.0239661872522,11464.1785077496,19984.7272900886,1339.61169641178,334.63055442872,7907.26655559319,651.245183079876,15508.5125501508,18890.3562906955,280.271017967646,19973.4402045508,124.871427839605
201.72276364501,1579.40136493031,9993.51153651871,604.694533160764,5095.1120923342,17021.7581593494,271.278069323855,20985.1633566663,16550.7828524247,5778.23246168491,1240.44279227014,508.397086792416,15508.031216847,153.112438226017,3373.40637439504,2494.54736250323,130.016053292733,7156.76100844777,75.0239661872522,10440.196336725,19274.1401222086,1339.61169641178,334.63055442872,7656.18200254181,646.491474306287,14849.2331216008,17571.8309722588,280.251588517592,19369.8936866756,124.871426851498
201.72276364501,1576.64860746048,9745.862690913,604.349754001957,4744.81194981936,15940.4012260966,271.277364902799,20116.2355964872,16550.7828524247,5320.18404733968,1239.83550557381,508.272568747366,14705.9131329213,153.112213224543,3058.56250206957,2175.46550986495,130.016052534983,6447.55699581892,75.0239661872522,9944.34712046159,18088.1421914845,1339.61169641178,334.63055442872,7519.8270935767,646.12104002846,13659.2219348808,16526.5339245359,280.2500909475,18353.0672333784,124.87142685036
201.72276364501,1574.41466360235,9450.01524977514,604.248247287978,4559.8464925843,15418.8540003811,271.277322405657,19384.6175411609,16015.9017270185,4822.95815424179,1239.55470366928,508.248833083855,13374.9083620862,153.112201048412,2748.34076095415,2075.65038874486,130.016052517129,6064.46539543034,75.0239661872522,9678.64885637242,16491.8462905634,1339.61169641178,334.63055442872,7394.05929507231,646.029543428384,12856.9367577145,15908.0246047187,280.249943685398,16826.9321727189,124.871426850358
201.72276364501,1572.36450384453,8642.03713398326,604.216740881895,4486.87739370413,14452.3063576848,271.277102224643,17905.4643704869,15577.5019500217,4652.26978947218,1239.35789298195,508.244555554808,12781.715997202,153.112200745745,2667.18633298286,2028.2568024617,130.016052516728,5872.99875687639,75.0239661872522,9470.9075441509,15889.5369441534,1339.61169641178,334.63055442872,7027.01540629554,646.012986937144,12521.8171277929,15447.6153197428,280.248638632834,16068.6618279101,124.871426850358
201.72276364501,1567.07396537426,8040.30195017854,604.209342380294,4437.95510736647,13136.0746691476,271.277101594757,16436.7919434226,14680.9333811632,4561.44137936274,1239.23682554603,508.244062367205,12442.1587233482,153.112200730421,2640.99059619348,2016.45941974518,130.016052516704,5787.20507390279,75.0239661872522,8868.21840460488,15406.7408898465,1339.61169641178,334.63055442872,6364.6009499665,646.008144970677,12241.8507235,14719.8372385975,280.248242506111,15556.9613143188,124.871426850358
201.72276364501,1542.45171177108,7732.85411671925,604.207678100249,4218.22193319126,12481.823710506,271.277101541264,15841.8803363312,13408.5042653464,4488.57471368998,1239.1414033198,508.244007186202,12137.1669551833,153.112200729478,2624.46319190049,2009.65253927625,130.016052516704,5618.52300922897,75.0239661872522,8050.63435600686,14734.6655806025,1339.61169641178,334.63055442872,6015.58484310853,646.00694042616,11669.9962202446,13644.1609028322,280.248242112547,15038.8889027141,124.871426850358
201.72276364501,1300.88925718469,7582.04015408663,604.207177226906,3775.6211279168,12203.2856040688,271.277101536033,15371.3322921209,12662.2589339967,4130.58278149558,1239.03242977381,508.243998109577,11311.5253645732,153.112200720876,2578.71512086931,2003.87671393212,130.016052516704,4861.53963487688,75.0239661872522,7722.13294155707,13394.5628512044,1268.33933958216,334.63055442872,5865.19523999926,646.006708810989,10655.3096452885,12948.761185728,280.248242075615,13639.8853524147,124.871426850358
