1657178699.84946,10264129645.9676,15597125422.2302,82142588.7647305,11321265690.3099,1293948610.72975,13759661391.1959,637.862616978738,9886692876.15854,22044757.6498253,1962.87451437575,11392283022.317,11247.4718117428,78921589.9340996,1036249374.80764,301609150.834085,1433586412.222,1836033021.99851,3385439462.82224,342771969.779122,53092392.7611909,58293.1824046542,696027199.922753,916524681.938915,83852.7986033967,90660861.2378187,950117769.857435,460784.999608993,2470682679.02463,1548926704.23191
1279755.0088961,6422136339.10725,10081084057.1348,55172.9716101424,1065597379.8919,2497682.3119283,16849449.3973275,637.862616978738,6549146.48915089,16296.6867599665,246.916676447006,6131473272.10725,11247.4718117428,27663.9889858733,3485175.15395623,87995.1146941584,1924430.55283298,340507.094444082,1290651712.07132,141454.15853552,16380.445725516,26315.1610095077,76727.3626679422,33200.2691733907,83852.7986033967,34585.2268559166,17690632.804206,20218.2165046392,19813480.769751,835013.547358517
11113.8304218136,453946.525796095,1391735.70856637,14368.0124562796,8941705.922306,545464.158324543,150254.296966813,637.862616978738,2371248.44286574,7120.9485769948,246.916676447006,177587.459567933,3963.66832839007,27663.9889858733,31653.0359105876,37152.5909595672,244680.667417881,4630.94563700626,354705.204864122,5669.19030511352,15971.6131538608,26024.5322246383,24394.0242745802,33200.2691733907,6969.87253585524,34585.2268559166,7241.30028107109,9752.3201009304,146298.211451517,141103.240496262
11113.8304218136,3854.22433279093,277294.851046696,12960.6444874922,17938.6834478149,13105.7033234244,150254.296966813,637.862616978738,135098.374559672,1701.16923165134,246.916676447006,177587.459567933,3963.66832839007,27663.9889858733,2250.9287990424,26099.4136997931,48954.2472985924,4630.94563700626,28738.697843106,4206.68193847278,15971.6131538608,25804.9288826959,24394.0242745802,33200.2691733907,2072.88997625581,8789.00914899191,7241.30028107109,9542.73411946883,131948.634133748,44485.9629728011
1642.29949398959,3854.22433279093,33114.3915211814,12187.873405657,1608.25841866836,13105.7033234244,48382.289477549,637.862616978738,33883.8824899216,1659.42711291805,246.916676447006,5035.73803485398,3848.71747177105,27663.9889858733,2250.9287990424,11878.8061546532,26902.9170553492,4630.94563700626,28738.697843106,3360.57532684109,15479.7012679674,25804.9288826959,24394.0242745802,15199.4530230938,2072.88997625581,8789.00914899191,7241.30028107109,9422.34486696363,28115.2622022949,18031.4187038436
1642.29949398959,2088.1226867055,6109.35127259788,12132.8403659619,1462.57369917535,12900.9627131246,451.185309964961,637.862616978738,869.870421161694,1560.28118917243,246.916676447006,5035.73803485398,3848.71747177105,25969.4231346025,2250.9287990424,11239.673870841,26815.186072295,92.2420740023244,16621.65844238,2208.92050248446,15073.2372188175,25804.9288826959,24394.0242745802,14483.6541239429,1453.07335951876,8789.00914899191,7241.30028107109,9422.34486696363,26980.2713966457,18031.4187038436
977.21320024691,2068.69441882919,6109.35127259788,12132.8403659619,1001.28449610711,12255.4205565681,206.638247125459,637.862616978738,220.643714719479,1560.28118917243,246.916676447006,3577.61806153662,3848.71747177105,25867.6130482142,1934.80140406267,11200.5003043717,26723.899751566,81.6991714658807,16621.65844238,2208.92050248446,15073.2372188175,25804.9288826959,24394.0242745802,14483.6541239429,1258.26429146094,8572.54472918067,7241.30028107109,9422.34486696363,26805.3064884044,18031.4187038436
893.805932989545,2000.2089221597,6109.35127259788,12132.8403659619,853.336126515762,12255.4205565681,206.638247125459,637.862616978738,218.732575751712,1548.30665366161,246.916676447006,3577.61806153662,3848.71747177105,25842.1840307251,1934.80140406267,11179.47892786,26723.899751566,76.4591560303572,16621.65844238,2208.92050248446,15073.2372188175,25804.9288826959,24394.0242745802,14483.6541239429,1258.26429146094,8490.26834097799,7241.30028107109,9422.34486696363,26708.6463192189,18031.4187038436
893.805932989545,2000.2089221597,6109.35127259788,12058.47091123,853.336126515762,12203.8186062857,149.310536197122,637.862616978738,218.436625090456,1548.30665366161,246.916676447006,3577.61806153662,3848.71747177105,25814.9231771171,1934.80140406267,10994.683546321,26723.899751566,75.4657880484319,16545.7932546805,2179.85698376796,15073.2372188175,25804.9288826959,24394.0242745802,14483.6541239429,1258.26429146094,8403.36738826873,7241.30028107109,9422.34486696363,26359.1939523939,18031.4187038436
893.805932989545,2000.2089221597,6109.35127259788,11960.5057874127,853.336126515762,12106.525184587,148.421898685189,637.862616978738,213.621465901768,1548.30665366161,246.916676447006,3577.61806153662,3841.90885619711,25567.6461821785,1934.80140406267,10792.3758035768,26358.6505271354,58.4141859008405,16285.5398968654,2110.9593038953,15073.2372188175,25804.9288826959,24394.0242745802,14328.9595037102,1258.26429146094,8254.34336334908,7241.30028107109,9422.34486696363,25860.3134432954,17854.9398867883
893.60168808343,2000.2089221597,6109.35127259788,11664.2118047218,853.336126515762,11777.1792530741,133.975747240738,637.862616978738,186.729961392196,1548.30665366161,246.916676447006,3577.61806153662,3761.45564298521,25254.725057932,1934.80140406267,10414.0279795361,25943.9257221432,35.7375888690653,16086.8253836722,2079.08229087825,15073.2372188175,25611.3199781878,24394.0242745802,13911.6923731238,1247.50964458225,8038.97396304204,7241.30028107109,9316.16507533826,25476.6715664703,17239.3625982594
892.765434853902,2000.02207245832,6109.35127259788,11081.3112000235,853.336126515762,11172.8734976932,133.852838333264,637.862616978738,186.728695729314,1541.31559374799,246.916676447006,3568.67000578939,3628.7447902801,24797.7580795996,1934.80140406267,10110.3707397457,25335.9055397594,35.7243780931174,15718.119531162,2053.10466172393,14942.8998960612,25119.531265484,24394.0242745802,13111.8393540042,1215.47166530104,7776.77705627012,7241.30028107109,8859.54322560718,24985.7509985938,16660.4007849246
892.165139350785,1980.02533293625,6034.45662372336,10349.4217468784,853.336126515762,10351.5647171825,133.836606397688,637.862616978738,186.728117236329,1499.31006782634,246.916676447006,3543.83377106277,3526.63378200352,23602.2142192843,1934.80140406267,9812.20343097662,24757.90656289,35.7243633139626,15169.6122603831,2030.26781378179,13686.4925711255,24297.2562346953,24394.0242745802,12659.0921101722,1197.68019234773,7590.16042407212,7241.30028107109,8080.93957520883,24123.8687638887,16071.4370649994
891.853322508096,1969.75762541122,5858.47597600721,9791.86025440111,853.336126515762,9798.27110492482,133.83624684526,637.862616978738,186.728087942796,1494.57362569775,246.916676447006,3492.35951632774,3476.80140976552,21048.5247724763,1934.80140406267,9543.00254846308,23083.5430019242,35.7243633139583,13333.2612180857,2017.11480309462,12544.7988500767,21995.3439875296,23085.4403570483,12117.2361554141,1191.8934047742,7352.976463477,7241.30028107109,7634.72293408307,21491.0573673376,15376.8592361453
891.7916265606,1923.9455564202,5165.78796838976,8931.8922288688,853.336126515762,8918.17827182193,133.836230375204,637.862616978738,186.728085091031,1489.16435819104,246.916676447006,2847.79348066769,2951.83356311809,19424.7950964542,1848.48659999184,8016.7675700934,20203.1986993297,35.7243633139583,12091.9424174466,1986.84047993386,11161.0216290907,19630.3171194091,19950.4321047344,10144.7504630605,1190.23484090728,6212.20403263676,6050.88248145332,7114.63749584831,19367.850052624,12978.589152086
891.784398799842,1495.35745356524,4466.34905576267,7482.80276660538,853.336126515762,7385.42682569719,133.836230324116,637.862616978738,186.728085089513,1138.68872679277,246.916676447006,2689.75777439186,2652.78424105794,15449.4271137433,1530.36032354605,7120.15780008033,16619.3684694917,35.7243633139583,9681.06621573155,1536.63165614872,9324.81910949492,15950.4398413955,16150.7423454272,8872.27874522249,1189.63354199091,5661.46295645657,5327.01096344545,5844.65747830537,15372.6088289675,10737.2207103906
