73569.8747542005,5964.71607249604,37012.8357167787,68500.9896659057,94526.6274225202,13063.3169535505,22801.5143523542,32485.7233454552,51178.3729434124,49940.1094670071,251776.596195767,30744.9443693085,6879.07385746176,38725.0832864403,1472.21041866472,1018.51505534993,23792.2354809586,74245.0477161848,6091.25241624767,6725.06599397263,29783.9017486257,9405.46187362613,6966.69161423972,1537.00764554772,143761.879743229,57595.6949860258,92567.636134857,52393.8073581308,25247.8061541782,4074.93359355463
71904.2236449316,5685.14949077877,36475.5239970996,68500.9896659057,94526.6274225202,13063.3169535505,22801.5143523542,32485.7233454552,51178.3729434124,49940.1094670071,194983.68920504,30541.9908041631,6398.32414070878,38725.0832864403,1466.67760807741,893.30950805541,23792.2354809586,74245.0477161848,6091.25241624767,6560.48318224563,29783.9017486257,9405.46187362613,6423.77369753344,1537.00764554772,141913.936115041,57595.6949860258,66670.9785791528,51344.501624584,15165.2161746295,4074.93359355463
71904.2236449316,5685.14949077877,6192.73999099587,64340.3153509885,94526.6274225202,13063.3169535505,22801.5143523542,25547.9033585841,51178.3729434124,49940.1094670071,189954.099530029,30541.9908041631,6398.32414070878,38725.0832864403,1466.67760807741,891.958380407567,23792.2354809586,74245.0477161848,2412.74304006186,6560.48318224563,29783.9017486257,9405.46187362613,6416.62836682212,1537.00764554772,128414.114901963,52123.087522841,65452.7011605466,51344.501624584,15165.2161746295,4074.93359355463
11727.6849625579,5665.65328064954,1549.16832711041,18196.0540395747,42824.7452817295,13063.3169535505,19351.5576008253,18178.673260806,15831.0058001316,31886.7302030478,28955.8373498232,18267.2578430192,3595.13008019121,30324.9977357971,1466.67760807741,831.705301046726,11329.3436842371,20069.3351558224,1255.00532813541,5197.56542924104,3959.03066611357,5653.68028675984,6386.75628260972,1537.00764554772,33196.1130928938,5428.68916048818,14739.1155152822,33917.0922215493,14998.6110677676,2863.09953519382
9658.28671841906,4664.40279648516,1141.68383033106,12328.2807974463,27933.5619106527,13063.3169535505,461.75734244871,13012.232781276,808.361144247378,21365.0062702683,16049.9034039133,17847.0034004019,2495.16119088167,28078.1838639588,803.858212467047,151.200042401739,2677.58527457543,19245.5726796109,1060.60273338006,4840.03992937263,1849.61958520798,4091.37778661282,6299.14911851156,1537.00764554772,30425.6235929804,5234.98702964397,11393.8127941278,7777.33435321264,1436.87197781619,2481.83301207565
9348.02308083945,4503.07042327785,1115.56491957026,11922.2426657455,26981.4643812035,12107.7887778714,386.647004438387,12720.8455158274,786.178592314071,20803.1194987615,15578.6035381369,16986.0900064691,2444.53350286237,27312.7095554751,741.785405230631,150.488305976909,2628.84738545714,18667.4267828119,1028.62612849581,4715.88248766078,1756.48690385264,3967.35110529824,6137.92910269627,1537.00764554772,29419.852399109,4591.39161250702,11099.9398386349,7556.65892867334,1400.32978286746,2358.65544585318
9083.9656554728,4363.43835191835,1083.77738551239,11584.2943758072,26245.0438937542,11758.8385848935,377.805634505156,12376.082979562,754.809250358637,20248.1543676293,15120.3651436734,16500.6630657459,2373.65041140732,26672.8931124839,721.697885966271,140.18801072669,2562.40868223232,18131.7652889467,1028.62408462398,4606.35222859232,1704.0710110713,3842.82988202225,6005.51500921115,1537.00764554772,28580.2490186571,4469.83251628844,10734.9473753282,7367.51192140928,1362.79354386203,2310.37862814528
8876.4910306705,4248.27395583965,1057.53688471888,11148.00282419,25431.0572949382,11472.780322605,366.930739241751,12017.1270483752,735.935289660564,19651.6710274713,14699.4691321462,15922.125765816,2314.55823329917,25854.4848392623,704.529307510529,136.937884854305,2516.43795900805,17508.4037154139,1004.67608992944,4491.86422491962,1653.36207732304,3708.0973738055,5827.17138596625,1537.00764554772,27836.7940443767,4343.62276657635,10479.7667589164,7128.0095889634,1319.76796682178,2250.48714023605
8614.42242480283,4131.25636499596,1030.25214279106,10872.6850474644,24768.3651574974,11133.725954227,358.791919272162,11575.1767859563,719.760546783087,19150.3567104057,14287.6807654788,15449.5614249873,2263.79030467282,25149.40385158,685.059437362686,136.935237410746,2471.18255539687,17036.2764214104,982.060988904913,4367.13632158017,1610.29838829652,3606.02892331462,5640.43893782008,1537.00764554772,26986.7345376627,4177.44257508689,10184.5997505331,6939.13334543298,1290.05857842342,2186.63450827435
8216.84481603993,4011.14772441508,1004.5347366934,10446.3092671051,24087.8325274972,10844.5450203073,351.128267942605,11264.026383235,704.674967670724,18508.3752640417,13845.8199256337,14984.8217195248,2182.3102126347,24480.878128558,668.568940637721,136.934577634709,2429.59802919467,16556.842952692,954.110381960972,4256.68994348973,1567.30996942752,3485.12587756472,5485.45562089099,1537.00764554772,26161.6000005514,4064.34556873444,9910.37037616851,6754.74390706306,1256.96056859579,2133.41978908277
8020.73675327399,3904.76403631351,980.741266860836,10182.7320453458,23312.6880594301,10552.1300230665,341.484583050817,10940.8913938664,688.343618710048,18075.7364569478,13444.2022266431,14570.0068437279,2113.37335562997,23878.5699195447,654.617601214304,135.324177127863,2378.28090067248,16139.978386722,929.809188476544,4115.57963068508,1508.74020100552,3387.52680856187,5320.37853367062,1537.00764554772,25540.5219469229,3953.92959778573,9655.02777891511,6574.36453490582,1220.56621446163,2083.62967274468
7797.54956383381,3762.59360907954,956.06444394582,9901.12924394224,22721.4648996812,10331.4233274058,333.703018157035,10624.9282420074,674.393820342937,17542.7697802674,13017.7758744515,14132.2582689765,2056.56516346451,23252.6254321914,638.873646539974,135.320727033511,2324.18650468969,15746.9553362671,892.609871412818,4014.22816590869,1465.95220789491,3274.50083522786,5203.78800653202,1537.00764554772,24854.1845828702,3854.44655922512,9424.39093106041,6348.73505754452,1182.17826419059,2027.14749714586
7565.12540520386,3627.39198617523,931.073225988181,9550.22794554569,21891.4871481798,10119.0924876039,325.63108969144,10339.6330706811,657.681730796699,17026.9158245805,12683.9900979846,13725.2908370397,1997.11107820257,22668.7377309839,626.259161984487,134.462774104701,2277.3304107872,15316.4424204355,872.124390361331,3903.56778150143,1423.72992608218,3181.03756647986,5065.94544499655,1537.00764554772,24291.2710587179,3734.27734940814,9118.30364865186,6161.54642622099,1155.84365193856,1964.8828777947
7366.73340314117,3545.12862038916,911.3487039021,9228.97824422484,21294.4788031373,9882.47158119204,317.761539840785,10063.2523338696,644.404596687748,16418.3082978474,12285.2435695873,13257.7880056083,1935.62600546413,22097.5893432412,612.241047502023,133.374695835585,2238.8656667896,14760.5340789026,846.17348861842,3773.26226451589,1380.92116573533,3094.61282523643,4917.26058307284,1537.00764554772,23570.2138129442,3639.18260381047,8850.50267780179,5962.42419965649,1124.19890173358,1892.23486382296
