11160154468.6032,6671620944.60661,58833.2991595357,403536182.11784,19537314559.8496,369884436.679619,4833423971.58928,311651639.702469,808539044.059876,3718893302.75004,30387452447.8953,442095756.681115,5394640.07837032,2379621635.2465,8582587438.78412,10373389437.0497,4271158273.2805,12291343.9814854,10458.7559411726,1423597377.82894,6224913604.32637,9988278385.31582,2228568.79087114,108452068.469348,1284187566.75882,9832646127.04606,2896840142.31132,1539827143.3698,8110850430.13454,1129494493.03738
1060388.19352549,1342983.67371281,58833.2991595357,102071.314914199,5180069295.976,16788.3127977102,401322.629102631,462485.917386132,127221.769494246,49940.1094670071,2808895.80948093,62220.4701180282,7749.75747005612,215675.053636791,2131692.25242778,1160277.30726291,3298882.71328903,74245.0477161848,6665.68150069097,13735572.4253936,181766.555361407,10111752.7429122,7672.87809061029,107763.460758474,1057983.54849629,905698377.502126,37425901.0615673,1150659.5542234,940221638.968023,90127.0486915218
1060388.19352549,532858.972307542,39196.0662175068,85248.8922239648,172719.470966075,16788.3127977102,401322.629102631,32485.7233454552,89616.8122163743,49940.1094670071,260575.202529636,62220.4701180282,6879.07385746176,215675.053636791,10516.0532054207,2678.92354452755,414125.520992108,74245.0477161848,6665.68150069097,917368.426306234,29783.9017486257,1650420.15326792,7672.87809061029,7091.27592628384,152102.797097562,658056.818989564,255488.89277842,385868.564857161,1763846.38092976,90127.0486915218
287411.804420627,12265.9698124939,39196.0662175068,75720.6837705269,112855.033764945,16788.3127977102,401322.629102631,32485.7233454552,89616.8122163743,49940.1094670071,260575.202529636,60402.7063978445,6879.07385746176,44920.2233020412,5727.94443799697,2678.92354452755,30642.2338699398,74245.0477161848,6406.25585606494,22958.2691922983,29783.9017486257,10795.7831458866,7672.87809061029,7091.27592628384,150223.385859744,109894.248857832,137148.147606616,57980.6721811825,263800.493102914,5604.79683144801
197228.084536727,6790.7824436504,38921.9149055975,68500.9896659057,112855.033764945,13063.3169535505,22801.5143523542,32485.7233454552,51178.3729434124,49940.1094670071,260575.202529636,33311.0123838723,6879.07385746176,39347.633294423,4454.87444949286,1018.51505534993,30642.2338699398,74245.0477161848,6212.00336924578,22958.2691922983,29783.9017486257,9405.46187362613,7137.25548242695,1537.00764554772,144044.683782313,57595.6949860258,95857.518805802,54301.1450334075,25247.8061541782,4074.93359355463
73569.8747542005,5964.71607249604,37012.8357167787,68500.9896659057,94526.6274225202,13063.3169535505,22801.5143523542,32485.7233454552,51178.3729434124,49940.1094670071,251776.596195767,30744.9443693085,6879.07385746176,38725.0832864403,1472.21041866472,1018.51505534993,23792.2354809586,74245.0477161848,6091.25241624767,6725.06599397263,29783.9017486257,9405.46187362613,6966.69161423972,1537.00764554772,143761.879743229,57595.6949860258,92567.636134857,52393.8073581308,25247.8061541782,4074.93359355463
71904.2236449316,5715.90522238164,37006.8786794012,68500.9896659057,94526.6274225202,13063.3169535505,22801.5143523542,32485.7233454552,51178.3729434124,49940.1094670071,215508.397387306,30541.9908041631,6398.32414070878,38725.0832864403,1472.21041866472,894.903679718206,23792.2354809586,74245.0477161848,6091.25241624767,6568.12512834335,29783.9017486257,9405.46187362613,6509.72201518453,1537.00764554772,143761.879743229,57595.6949860258,70229.4432366125,51344.501624584,22821.5028298118,4074.93359355463
71904.2236449316,5685.14949077877,32130.8886393201,67569.0366926146,94526.6274225202,13063.3169535505,22801.5143523542,32485.7233454552,51178.3729434124,49940.1094670071,189954.099530029,30541.9908041631,6398.32414070878,38725.0832864403,1466.67760807741,892.958584108041,23792.2354809586,74245.0477161848,6091.25241624767,6560.48318224563,29783.9017486257,9405.46187362613,6416.62836682212,1537.00764554772,139780.696881843,52467.1761786757,66627.3099424028,51344.501624584,15165.2161746295,4074.93359355463
13037.1502347102,5685.14949077877,2768.72331583741,18196.0540395747,44959.0882414487,13063.3169535505,22801.5143523542,18259.0016751704,50094.9962860275,32206.7251623834,187449.732936914,28494.6911239063,6223.76445737432,38725.0832864403,1466.67760807741,891.958380407567,11440.5425201156,20366.9297307643,2313.19802238656,6560.48318224563,29783.9017486257,9405.46187362613,6405.65109933865,1537.00764554772,33231.8374614705,39961.0361503214,15440.9932361867,36862.4523956028,15165.2161746295,4074.93359355463
9740.593340252,4705.86272483407,1153.94151090253,12424.3417205419,28378.8709932441,13063.3169535505,1005.72654956815,13129.994611582,15244.387728082,22250.97138678,27458.049508453,18158.3853838477,2593.74630696216,29114.4222408921,812.490015412212,394.222342032579,2710.2550389434,19445.5637304044,1234.5533166445,4866.18055536236,3813.31843758429,5093.5055120637,6359.54432349079,1537.00764554772,30632.9367599128,5323.16374855475,12848.4966380679,7841.04790564719,5068.66385299226,2844.1035706265
9658.28671841906,4664.40279648516,1141.68383033106,12328.2807974463,27933.5619106527,13063.3169535505,461.75734244871,13012.232781276,808.361144247378,21365.0062702683,16049.9034039133,17847.0034004019,2495.16119088167,28078.1838639588,803.858212467047,151.200042401739,2677.58527457543,19245.5726796109,1060.60273338006,4840.03992937263,1849.61958520798,4091.37778661282,6299.14911851156,1537.00764554772,30425.6235929804,5234.98702964397,11393.8127941278,7777.33435321264,1436.87197781619,2481.83301207565
9454.09807594187,4548.43283443745,1126.19742403649,12145.76603307,27270.176854642,12225.8812728851,390.538382763552,12841.6006989185,793.87197901272,21058.794699458,15810.9553648202,17119.7083484136,2467.90702020249,27687.7201422569,784.658474191138,150.488305976909,2647.0228510028,18842.7727469001,1028.62620149089,4770.78214811345,1773.049886665,4023.96927886679,6198.54273482799,1537.00764554772,30054.5907794236,4669.94182066013,11248.7650823349,7636.64371980687,1412.38863985918,2439.26359855906
9207.05707037858,4427.33686227961,1099.81084227492,11767.0469177952,26621.6560259354,11908.7953940365,381.909411362687,12561.1075399524,766.062941410684,20573.6298189289,15351.574434288,16723.4856990411,2406.19582251376,26959.970838953,732.742935242893,150.488305976909,2600.28562896329,18395.568450977,1028.62612832959,4656.25402619504,1735.46840414142,3903.53945915471,6074.43085883551,1537.00764554772,28961.7863449102,4530.4491527804,10916.4174736745,7460.45891423862,1382.55793313296,2335.33104310311
8879.53668279033,4249.18739513613,1057.82791675603,11156.8164415426,25444.4992495114,11476.9816251261,367.069518151738,12036.2453869236,735.99355562344,19656.3340231842,14699.4691321462,15927.3188418483,2314.82407459765,25869.9617401008,704.806993508789,136.948777439126,2517.97374585276,17546.3119804391,1005.45380391809,4493.54523974329,1654.87250737586,3710.14786301031,5828.41963742467,1537.00764554772,27851.4765511595,4345.26518022702,10483.2704348529,7131.87825271141,1320.59752147884,2251.89776013283
8129.21364397885,3971.73845554234,996.323506360834,10370.0247184583,23897.4624985932,10736.6595199522,347.839867859554,11175.9578023132,699.757636062684,18360.9944111563,13725.5913112477,14873.5362154301,2158.7007002648,24299.2856186681,665.205204752096,136.924159693985,2410.37151473004,16447.6593660897,946.325133761706,4205.68398173623,1553.75913414415,3445.97555477781,5421.55164389232,1537.00764554772,25942.0539513093,4025.26883425649,9827.32336642506,6701.25797704526,1244.27576477451,2117.52465551984
7366.73340314117,3545.12862038916,911.3487039021,9228.97824422484,21294.4788031373,9882.47158119204,317.761539840785,10063.2523338696,644.404596687748,16418.3082978474,12285.2435695873,13257.7880056083,1935.62600546413,22097.5893432412,612.241047502023,133.374695835585,2238.8656667896,14760.5340789026,846.17348861842,3773.26226451589,1380.92116573533,3094.61282523643,4917.26058307284,1537.00764554772,23570.2138129442,3639.18260381047,8850.50267780179,5962.42419965649,1124.19890173358,1892.23486382296
