747.653691373923,1029.23679230543,1208.87534146229,1102.60557495604,489.543786804672,782.007915033769,580.372175940026,566.394751796272,358.433124119219,893.178631293493,344.218979937544,530.507871134028,651.852474828452,806.482595293865,629.593952752256,393.230170647766,558.626566769321,1034.34697204713,755.43019698093,557.360976205778,712.939453139435,444.931743483549,304.048924463118,961.376919539109,551.87775811413,521.062582349297,743.082410775122,401.331214473429,452.586505256726,832.969587641681
644.371796041953,964.497932348826,895.694539960128,969.772659403847,489.543786804672,782.007915033769,578.224691174451,566.394751796272,251.064551817025,798.385769225602,258.484871496063,510.730879997197,637.339906459982,801.331223717274,598.95129468128,352.575510300319,403.832557933433,650.931948520952,706.493919928565,439.637667843313,554.692081445495,406.750808820315,288.625441169037,303.63319806534,419.256090208219,393.353853864781,685.781952501184,310.936150119167,427.727720610108,670.671550735518
494.395865013139,875.950189295127,805.025075844692,935.377142430225,489.543786804672,782.007915033769,570.068133108763,566.394751796272,219.759457026563,748.750874055993,256.076270761534,507.375331104821,637.171032504181,799.066066234859,577.713806190149,349.374003958497,358.953479508682,645.474506730134,649.823545912282,431.754248002929,538.949990626242,406.593815110202,287.807831609771,300.293509040833,407.314057210585,385.130123981974,658.215322529656,288.466707444371,427.500645047774,662.565152742121
494.216136652616,863.462539533315,803.631440456331,880.226947216521,489.543786804672,782.007915033769,554.584648379336,566.394751796272,218.99544433123,748.153585521251,256.04411120833,507.37394005577,637.126642881779,749.568898281144,577.33255976709,349.339020052921,357.523479509944,645.408314025202,649.059610752937,427.357795287522,538.036507452328,406.587344848212,287.802893168934,300.187312448161,407.295442579184,302.455835930085,658.185516450327,288.097057261813,427.490709974225,662.385572188291
494.21405184758,714.64601226222,756.405516709468,794.504589739393,489.543786804672,782.007915033769,486.542787328028,566.394751796272,218.8449148257,747.926824171152,256.043315112685,507.373842258153,637.126426070166,677.935255993095,577.330639494221,349.338027668987,357.331703546727,645.40767352722,646.729826108272,427.342752301611,535.937311323779,406.587213968277,287.802568224773,300.187229071573,407.295442579184,251.675759829996,658.184963848224,288.092991322314,427.490685127442,662.384368083008
494.214050509494,714.645984329066,756.404401423989,794.165094567422,489.543786804672,782.007915033769,486.480023747931,566.394751796272,218.810766246063,747.887505544318,256.043314601427,507.373842258153,637.126425752837,677.935025963463,577.330638173115,349.338027034993,357.292130389407,645.40767352722,646.72982393148,427.34275221569,535.817976280191,406.587213914973,287.802568096108,300.187228404885,407.295442579184,251.62452254544,658.184962442386,288.092990700396,427.490684539149,662.384364806305
494.213691836188,714.645984329066,756.404401423439,794.165094535567,489.543786804672,782.007915033769,486.48002366562,566.394751796272,218.802068429549,747.881671326872,256.003276001847,507.373842258153,637.126425752837,677.935025963343,577.328026195371,349.338027033535,357.292130389407,645.40767352722,646.72982393148,427.341689336304,535.817976277925,406.581716204961,287.798149169907,300.173432537311,407.295442579184,251.62452254544,658.180457005555,288.092990640505,427.490330077109,662.379970362964
494.200981844972,714.645965239268,756.404401423439,794.161725481389,489.543786804672,782.007915033769,486.480023587374,566.394751796272,218.800064115876,747.880561848037,255.356208988052,507.373842258153,637.126425752837,677.935025963341,577.327309992343,349.338026826457,357.292130389407,645.399884324234,646.72982393148,427.341689336259,535.817976277925,406.575286658265,287.798149169818,300.153727701246,407.295442579184,251.62452254544,658.036949967219,288.079465286931,427.482511617685,661.980738781239
494.179090699218,714.645965235411,756.404401423439,794.161631141946,489.543786804672,782.007915033769,486.479682775082,566.394751796272,218.799426521258,747.880272382634,255.356199760451,507.373842258153,637.126425752825,677.935025963341,577.320433137303,349.31305218535,357.292130389407,645.396750768564,646.72982393148,427.341514427328,535.817966866472,406.57528664898,287.798149169285,299.46933440777,407.292423651314,251.62452254544,658.036905899023,288.079465286926,427.482511592176,661.980731483866
494.179090691966,714.645965230154,756.404401423439,793.659386866572,489.543786804672,782.007915033769,486.457180512264,566.394751796272,218.799251581622,747.880197698919,254.329633184576,507.373842258153,637.12642575278,677.935025963341,577.319423314918,349.307512905024,357.292119390277,645.361704299932,646.72982393148,427.341514426691,535.8178876149,406.575048494242,287.795186473144,299.445733353208,407.292304188041,251.62452254544,658.036905897229,288.079465286924,427.464157620158,659.549208657294
494.177175119313,714.645965230131,756.404401423439,792.618023417673,489.543786804672,782.007915033769,486.457180484588,566.394751796272,218.79919561993,747.8801771037,254.314836344436,507.373842258153,637.126077066257,677.935025963341,577.319172461955,349.307512904581,357.292065270831,645.36170429323,646.72982393148,427.341514426691,535.817667651655,406.571270018858,287.793909215155,299.442718771889,407.289447030771,251.619850387097,658.03690589678,288.079465286924,427.464157597904,659.534306072501
494.177174950763,714.645965228687,756.404401423439,792.570693583723,489.543786804672,782.007915033769,486.457180484588,566.394751796272,218.799181485998,747.880170126754,254.312923035798,507.373842258153,637.126051799753,677.935025963341,577.318834329669,349.29912345144,357.267230388968,642.416199683117,646.72982393148,427.341514426691,535.773888526619,406.567753162428,287.79390921458,299.44213905811,407.289447030701,251.619850383679,658.036905896562,288.079465286921,427.462270966625,659.53227520783
494.177174942123,714.619871944176,756.404401423439,792.565832304599,489.543786804672,782.007915033769,486.457180484587,566.394751796272,218.799175949076,747.880168176587,254.312374473007,507.373842258153,637.126051797577,677.935025963341,577.318180229833,349.299123408491,357.262155892693,642.324685257135,646.72982393148,427.341514426691,535.768944062022,406.567753122601,287.786202406238,299.441968750619,407.284264256287,251.617649668611,658.036905896472,288.079465286919,427.451300407595,659.531809920668
494.177174942123,714.619871883145,756.404401423439,792.564777105823,489.543786804672,782.007915033769,486.457180484587,566.394751796272,218.7991745568,747.880167321178,254.31225623257,507.373842258153,637.125438094479,677.935025963341,577.317925565297,349.244527741718,357.260843644192,642.315798648473,646.729702676029,427.341514426691,535.767781848052,406.567752991714,287.786202344417,299.441921104282,407.284008207046,251.61764966803,658.036905896432,288.079465286901,427.433268957006,659.531664405269
