3240.59167487544,3108.42537658311,2264.02280132995,2034.83994121296,4229.60851994809,33291.6231707418,4705.27951735579,64003.3620949061,1050.7143107296,7762.34420114665,19470.7480422685,609.565317296226,6999.10799752981,3724.27063377891,109429.08634802,22940.3716799088,2307.29615314739,27385.3833982785,1335.70506744062,1449.00297544377,21461.13978451,2280.31072120814,12831.067767491,3064.99703759739,3910.99063596793,2428.56361614178,1084.04946722784,19845.1618896485,5754.88298289756,11894.198525151
2192.06005838096,2121.29978533019,2101.39581768229,1784.22291138708,1354.24525462902,8826.85379386076,2919.3059937075,21304.7971278845,950.135453120375,1682.407338268,11111.7239812814,598.107576282226,2352.04879381581,2494.27556442291,72597.9642976995,1139.94217230231,1423.50631523398,14265.7658302341,1139.41937394547,1019.25805258715,3914.95760564553,1721.00243743626,1276.81117266727,2460.2379839111,2016.29621197572,1052.35582196143,990.594547267124,4352.4974828562,549.233339215139,1291.29942304111
1484.84759403811,1900.89949824828,1759.92383610569,1544.42530591082,695.259719658494,1170.89671663829,922.5072458213,1266.85526884415,784.755967282901,1144.04753373739,935.49010863728,597.189249385734,960.116945956881,1455.96733755262,9397.48527242601,974.863572925432,815.341583051113,1995.19706066405,1002.33696592164,724.255689992961,2591.46498660582,878.386227627667,894.586074642581,1660.81293885823,886.858664200886,750.003714241061,933.308358548493,1316.7879801173,549.233339215139,1066.41841725022
1158.35796214591,1498.0105430825,1558.66576044926,1366.50392219682,695.259719658494,980.991300947293,891.577114514766,775.943097360615,630.492333696988,898.624323926944,468.257978398797,585.375263933124,754.771278256173,913.967268367521,1149.28066580688,799.097704457152,694.387818852694,1423.35742497795,960.451582187011,601.492672827143,1470.24437577556,876.171164448672,808.335542775322,1459.63216207588,614.29809150044,616.253334966885,816.752433813367,1061.27839700392,466.759566153765,1029.90239428511
748.042367027604,1259.49089045684,1259.11965907506,1123.66581932408,489.543786804672,782.007915033769,650.238744911101,675.017850562581,452.426648365597,898.624323926944,389.233232021993,538.585045603021,695.677808728364,817.765402749012,891.325746991782,666.548962719867,651.3573815933,1158.29791233611,896.209547803755,587.031164073779,757.091837727492,471.460487369922,500.103984763036,1291.67621189168,588.63166354812,538.746018125086,761.208115118393,455.278383263471,460.576205303563,971.441032591037
747.653691373923,1029.23679230543,1208.87534146229,1102.60557495604,489.543786804672,782.007915033769,580.372175940026,566.394751796272,358.433124119219,893.178631293493,344.218979937544,530.507871134028,651.852474828452,806.482595293865,629.593952752256,393.230170647766,558.626566769321,1034.34697204713,755.43019698093,557.360976205778,712.939453139435,444.931743483549,304.048924463118,961.376919539109,551.87775811413,521.062582349297,743.082410775122,401.331214473429,452.586505256726,832.969587641681
704.570131865862,982.129699219497,1071.68646084692,1040.38218561342,489.543786804672,782.007915033769,580.372175940026,566.394751796272,285.805997570038,812.577371522228,287.12302835946,522.316211197202,640.057398590772,802.638215026033,602.443552969185,359.668856368075,451.261013462971,857.416751858162,724.455994200343,465.048374964072,656.311065818161,410.386108584487,295.601434684567,310.73143625396,428.554288394705,512.329416950389,725.51041105406,361.041193342562,434.938459955976,672.195439142136
495.903647075245,895.489938731501,806.310994101373,954.415921544393,489.543786804672,782.007915033769,574.011812149809,566.394751796272,221.088918351318,749.013179996525,256.239208181653,507.383553044252,637.209380282622,799.98489959261,585.198858361701,349.758433306196,378.553225900715,647.654475698718,654.150879494987,436.105255002511,544.519629982635,406.60042396519,287.81812692714,300.470794218719,407.72535914867,388.508595113793,658.624946123483,306.346582546921,427.509076308006,665.940446501248
494.247353713068,873.878867873545,803.975305235622,887.978668508366,489.543786804672,782.007915033769,555.867105546366,566.394751796272,219.223110007222,748.248025700326,256.051119057182,507.373984089828,637.127356493612,751.360898086372,577.380316576005,349.339095132413,357.899696379028,645.414856835396,649.653721125238,427.459725535741,538.79988039599,406.587745224323,287.803576426264,300.18913493409,407.314057210585,308.767756141066,658.18616476932,288.105042339637,427.491484882093,662.392231885881
494.214226255365,714.66765768398,794.999293480888,879.506821268663,489.543786804672,782.007915033769,553.029494649353,566.394751796272,218.929266886516,748.02910861392,256.043472364328,507.373843952062,637.126433534524,694.538569312842,577.331043528474,349.338138140974,357.419217248267,645.408046121018,646.940738707525,427.342853195921,536.029210672422,406.587223217049,287.802630061208,300.187270978473,407.295442579184,259.536478359022,658.185032700067,288.093007874344,427.490709974225,662.384520562338
494.21405184758,714.64601226222,756.405516709468,794.504589739393,489.543786804672,782.007915033769,486.542787328028,566.394751796272,218.8449148257,747.926824171152,256.043315112685,507.373842258153,637.126426070166,677.935255993095,577.330639494221,349.338027668987,357.331703546727,645.40767352722,646.729826108272,427.342752301611,535.937311323779,406.587213968277,287.802568224773,300.187229071573,407.295442579184,251.675759829996,658.184963848224,288.092991322314,427.490685127442,662.384368083008
494.21405050959,714.645984537272,756.40440145252,794.165099812532,489.543786804672,782.007915033769,486.480038179477,566.394751796272,218.819808003841,747.8970123077,256.04331460828,507.373842258153,637.126425752837,677.935025976391,577.330638173123,349.33802703516,357.292251438632,645.40767352722,646.729823932617,427.34275221569,535.817980805586,406.587213919037,287.802568096177,300.187228420687,407.295442579184,251.62452254544,658.18496244243,288.092990700477,427.490684539643,662.384364809024
494.213692153876,714.645984329066,756.404401423439,794.165094535567,489.543786804672,782.007915033769,486.480023665751,566.394751796272,218.805290165507,747.883150046287,256.003278728658,507.373842258153,637.126425752837,677.935025963406,577.330638171981,349.338027034889,357.292130389407,645.40767352722,646.72982393148,427.34275221569,535.817976277925,406.581716204972,287.798149283666,300.173432699944,407.295442579184,251.62452254544,658.184962440865,288.092990699108,427.490330192463,662.379970364172
494.200981844972,714.645965239268,756.404401423439,794.161731887409,489.543786804672,782.007915033769,486.480023605653,566.394751796272,218.800091584501,747.880573414038,255.356208988052,507.373842258153,637.126425752837,677.935025963341,577.327336075943,349.338026826457,357.292130389407,645.399884324234,646.72982393148,427.341689336304,535.817976277925,406.575286658265,287.79814916982,300.153727701259,407.295442579184,251.62452254544,658.037143245824,288.079465286931,427.482511617812,661.980738953522
494.179090691966,714.645965230154,756.404401423439,793.659384926827,489.543786804672,782.007915033769,486.457180484606,566.394751796272,218.799217076837,747.880189913447,254.320540552918,507.373842258153,637.126116686866,677.935025963341,577.319423308129,349.307512904882,357.292119390238,645.361704299481,646.72982393148,427.341514426691,535.8178876149,406.575048479461,287.795179663066,299.444116912419,407.289449470121,251.619850552176,658.036905897108,288.079465286924,427.464157618489,659.540339532136
494.177174942123,714.619871883145,756.404401423439,792.564777105823,489.543786804672,782.007915033769,486.457180484587,566.394751796272,218.7991745568,747.880167321178,254.31225623257,507.373842258153,637.125438094479,677.935025963341,577.317925565297,349.244527741718,357.260843644192,642.315798648473,646.729702676029,427.341514426691,535.767781848052,406.567752991714,287.786202344417,299.441921104282,407.284008207046,251.61764966803,658.036905896432,288.079465286901,427.433268957006,659.531664405269
