3274.94818322502,1693.93704419657,8060.33193003643,1850.99216645918,1835.69529975049,2094.23005137735,777.282328292564,4526.67689439099,1002.3612990009,1251.55582221063,33128.4430909732,940.639227489872,570513.715129778,610296.505643552,111876.155475982,10259.5936375667,340.980344963138,1016.88110955998,58079.7851055026,1003.55508608957,301.448332591821,6287.43065752931,1054.19381390383,28638.8451477975,254070.769950804,3236.56602207826,138670.96331363,2153.66113459764,54578.6940482599,1406.7204685395
1300.25859369403,1078.82664089046,984.221673269615,213.420240183661,667.992977283441,880.072197673379,705.320750214526,680.201365126378,387.988865155431,917.789750651713,861.5146711683,915.313254899089,21651.1659896313,223.61192740201,1519.31401099963,389.165137857775,206.396886243956,398.849134268541,2062.94228130693,997.872716798216,301.448332591821,1016.75018435071,869.778129493407,7907.39785643109,7279.90480269042,715.936419697536,887.749845054374,515.976394555763,1706.94651732112,601.858499356193
517.893127863264,467.467928378316,862.510621034451,142.419380401155,657.436235533397,880.072197673379,685.65076781593,476.233704964729,359.444802462995,860.411854672003,431.426165239237,909.07182961877,345.733370819755,194.345875728203,451.888364626255,389.165137857775,192.145447548894,368.380626934066,665.150426198022,932.770853871617,301.448332591821,396.27765622787,656.668380617336,500.852281324029,1053.36344564656,465.471551985742,641.502057684781,502.872695053003,518.515022309256,585.127158937829
410.376526907715,423.56037618695,565.644766260055,109.011850671119,586.18535218912,457.657646858661,665.352927482574,418.046769910056,313.918803593453,834.813503316865,431.426165239237,897.658582435011,344.909806874326,142.294547651018,440.147788147928,260.44056543762,168.839925857664,347.186423219645,439.981020820498,919.26884576314,289.771659668198,262.17475019917,563.919862631649,480.605292983324,919.805814835099,465.471551985742,463.713507119672,489.537287579406,480.823925028043,527.25025328843
367.003313475265,378.378106236351,411.821297356815,92.1055762571968,558.032246025025,407.268181107948,656.784109201993,368.809559985895,295.724422772283,834.813503316865,431.426165239237,894.57550198319,228.540119764675,93.9080574483521,407.190530982703,214.620277017277,123.119668945035,335.041242547584,385.985043848038,918.294440981897,270.165199459227,185.395695798502,517.005488574674,407.914031518374,800.368810768551,411.352435535042,418.740410578768,473.562787593331,436.251089312618,526.876104942832
352.95213492087,368.696348169177,396.443638779862,80.1672572469517,550.264762037875,378.110690030532,654.434068302203,363.448127387245,290.888889096823,818.56153884225,431.426165239237,892.262840215098,196.172379871279,78.3050176852371,394.944838862509,158.802793540791,97.3698621519636,318.914541311656,343.63230352646,915.99687125698,248.663052498566,185.395695798502,507.070797830776,377.488149834181,787.668141952288,387.327537305746,390.393890118788,449.22783397827,410.617981050783,513.584829930986
349.015417368032,362.707798855175,386.473287650891,73.7202005329505,546.686535263964,372.007632899462,653.710822195884,361.000417226897,278.398356622665,814.565306037491,431.426165239237,892.074748366694,191.359684560139,74.7024184438001,393.997448325033,151.415762854904,90.4338884712997,313.681137486237,338.01856093689,914.756602878664,243.449241308005,182.209285837366,501.455874179595,372.611268252387,784.213017698807,377.106175962788,368.718115007101,444.668884790112,404.19778452933,508.571226039493
347.986126625479,357.069243398621,383.686261400355,73.2050767812932,546.420233804346,371.545087506593,653.470686419795,360.809381779776,267.407187356494,813.642695252776,431.426165239237,891.64262709095,191.159635354341,74.4689450203975,393.21435059185,147.942441917363,89.8280653474621,313.218690263518,336.992340320593,913.208802200751,243.312093201125,178.867193291577,500.408564547136,372.276585409128,783.765438097746,376.049643116054,367.836000645948,444.360341759932,401.87222946075,505.670181636229
347.925541623342,351.777864372916,383.433503047314,72.8392050360394,546.274334079692,371.469358869043,652.985229513517,360.329988070001,267.373324284488,813.406111614355,431.426165239237,890.894042650063,191.05419395575,74.3659374143951,378.525625486986,147.438214068917,89.3595417086235,311.609958197636,336.501665201619,913.145451379899,243.276032081525,176.486478174956,500.30004415038,372.198662968391,783.238285870287,376.007441115203,367.452547998112,444.075343849926,401.651267546733,505.556125082892
347.917148049109,351.760975022872,381.557210458212,72.8092435885881,546.27246963796,371.403537606211,652.974633884058,360.304733504154,267.113276280958,813.395187438406,431.426165239237,887.725034663559,191.033709762403,74.362842689153,374.961665360006,147.402747179161,89.2164346808884,311.606971554738,336.482818732631,913.13395999188,243.260118500516,176.432122726821,500.298018454554,372.185969177032,783.223210029914,375.960445443469,367.447756379625,444.064712177083,401.646156694891,505.50419124997
347.917036325182,351.760080070833,381.544973492778,72.809143795007,546.271655496472,371.402690549615,652.974625149324,360.303807879047,266.799666070689,813.395103547603,431.426165239237,887.71015933611,191.033595019608,74.3628208675348,374.66398714716,147.402222669702,89.2164124085093,311.606904258542,336.482780102265,913.133663307165,243.24819201062,176.431882774124,500.297965541611,372.185877643027,783.223045058538,375.96031842791,367.447738935859,444.061585953246,401.645897290309,505.503507251824
347.917036312273,351.76008001734,381.520238133366,72.8091437775424,546.271655466663,371.402690472679,652.974625109021,360.303807826408,266.798967292533,813.395103505708,431.426165239237,887.710146257505,191.033594970719,74.3628208129448,374.663950726038,147.40222161598,89.2164123537641,311.606904240195,336.482780011838,913.133644672917,243.248071388873,176.431881498608,500.297965519809,372.185877604289,783.22304462216,375.960318216575,367.447738892231,444.061468985899,401.645781832147,505.503507174771
347.917036312273,351.760080017339,381.520237256731,72.8091437775402,546.271655466662,371.402690472676,652.97462510902,360.303807826402,266.798937284495,813.395103505708,431.426165239237,887.710146257498,191.033594970718,74.3628208129444,374.663949994102,147.402221615979,89.2164123537639,311.606904240195,336.482780011837,913.133644672052,243.248071388192,176.431881498605,500.297965519809,372.185877604288,783.223044622159,375.960318216569,367.447738892231,444.061456551672,401.64577998095,505.50350717477
347.917036312273,351.760080017339,381.520237256725,72.8091437775388,546.271655466662,371.402690472676,652.97462510902,360.303807826402,266.7989360985,813.395103505708,431.426165239237,887.710146257498,191.033594970718,74.3628208129442,374.663949994022,147.402221615979,89.2164123537639,311.606904240195,336.482780011837,913.133644672052,243.248071388191,176.431881498605,500.297965519809,372.185877604288,783.223044622159,375.960318216569,367.447738892231,444.061455304789,401.645779960805,505.503507174769
347.917036312273,351.760080017339,381.520237256725,72.8091437775388,546.271655466662,371.402690472676,652.97462510902,360.303807826402,266.79893580045,813.395103505708,431.426165239237,887.710146257498,191.033594970718,74.3628208129442,374.663949994022,147.402221615979,89.2164123537639,311.606904240195,336.482780011837,913.133644672052,243.248071388191,176.431881498605,500.297965519809,372.185877604288,783.223044622159,375.960318216569,367.447738892231,444.061455281804,401.645779955845,505.503507174769
347.917036312273,351.760080017339,381.520237256725,72.8091437775388,546.271655466662,371.402690472676,652.97462510902,360.303807826402,266.79893580045,813.395103505708,431.426165239237,887.710146257498,191.033594970718,74.3628208129442,374.663949994021,147.402221615979,89.2164123537639,311.606904240195,336.482780011837,913.133644672052,243.248071388191,176.431881498605,500.297965519809,372.185877604288,783.223044622159,375.960318216569,367.447738892231,444.061455281793,401.645779955845,505.503507174769
