352.95213492087,368.696348169177,396.443638779862,80.1672572469517,550.264762037875,378.110690030532,654.434068302203,363.448127387245,290.888889096823,818.56153884225,431.426165239237,892.262840215098,196.172379871279,78.3050176852371,394.944838862509,158.802793540791,97.3698621519636,318.914541311656,343.63230352646,915.99687125698,248.663052498566,185.395695798502,507.070797830776,377.488149834181,787.668141952288,387.327537305746,390.393890118788,449.22783397827,410.617981050783,513.584829930986
348.086660693457,361.777055271867,384.53208253937,73.2529196729313,546.44626465841,371.655529696519,653.556702564762,360.878639457948,268.102800402412,813.795089856878,431.426165239237,891.90771161314,191.185319574774,74.5615786010555,393.628001223045,149.479240140026,89.9774270498265,313.549482680546,337.025613735035,914.275547019889,243.374108915434,181.100252364318,501.161968695303,372.324436315301,783.953988242863,376.142350804896,368.000468718462,444.50031190035,402.316088125955,507.186106310101
347.986126625479,353.238146290057,383.518887135416,73.0716790938252,546.284546588073,371.527986948364,653.212740619855,360.73041791692,267.37667699324,813.47959289804,431.426165239237,891.56728545141,191.146973749792,74.4151871771123,392.725357350799,147.559987826843,89.5293872967204,311.796865165486,336.985512445195,913.146088674093,243.282978857164,177.745340136865,500.360146558108,372.262137315074,783.435466203461,376.012115589384,367.548144648871,444.10352994774,401.817429928013,505.557594916636
347.917233843451,351.763917726131,383.051435525293,72.8229009272934,546.273119363293,371.406047834251,652.974962833428,360.305591907826,267.264295129161,813.395500123729,431.426165239237,888.658984393337,191.043264340404,74.3631458542027,377.110937645674,147.410122701844,89.217599191536,311.607171342787,336.48293087137,913.134299841059,243.264479935567,176.472745267512,500.299100245836,372.19180580379,783.2303889728,375.971816847109,367.448618985994,444.068051071194,401.646390611365,505.505308292587
347.917036325182,351.760080070833,381.544973492778,72.809143795007,546.271655496472,371.402690549615,652.974625149324,360.303807879047,266.799666070689,813.395103547603,431.426165239237,887.71015933611,191.033595019608,74.3628208675348,374.66398714716,147.402222669702,89.2164124085093,311.606904258542,336.482780102265,913.133663307165,243.24819201062,176.431882774124,500.297965541611,372.185877643027,783.223045058538,375.96031842791,367.447738935859,444.061585953246,401.645897290309,505.503507251824
347.917036312273,351.760080017339,381.520237259379,72.8091437775408,546.271655466662,371.402690472676,652.97462510902,360.303807826403,266.798944950415,813.395103505708,431.426165239237,887.710146257501,191.033594970718,74.3628208129446,374.663949994363,147.402221615979,89.2164123537639,311.606904240195,336.482780011837,913.133644672054,243.24807138867,176.431881498605,500.297965519809,372.185877604288,783.223044622159,375.960318216569,367.447738892231,444.061459347377,401.64578010099,505.503507174771
347.917036312273,351.760080017339,381.520237256726,72.8091437775395,546.271655466662,371.402690472676,652.97462510902,360.303807826402,266.798936436618,813.395103505708,431.426165239237,887.710146257498,191.033594970718,74.3628208129442,374.663949994023,147.402221615979,89.2164123537639,311.606904240195,336.482780011837,913.133644672052,243.248071388192,176.431881498605,500.297965519809,372.185877604288,783.223044622159,375.960318216569,367.447738892231,444.061455897106,401.645779962774,505.50350717477
347.917036312273,351.760080017339,381.520237256725,72.8091437775388,546.271655466662,371.402690472676,652.97462510902,360.303807826402,266.798936097052,813.395103505708,431.426165239237,887.710146257498,191.033594970718,74.3628208129442,374.663949994022,147.402221615979,89.2164123537639,311.606904240195,336.482780011837,913.133644672052,243.248071388191,176.431881498605,500.297965519809,372.185877604288,783.223044622159,375.960318216569,367.447738892231,444.061455303849,401.645779960786,505.503507174769
347.917036312273,351.760080017339,381.520237256725,72.8091437775388,546.271655466662,371.402690472676,652.97462510902,360.303807826402,266.798935800453,813.395103505708,431.426165239237,887.710146257498,191.033594970718,74.3628208129442,374.663949994022,147.402221615979,89.2164123537639,311.606904240195,336.482780011837,913.133644672052,243.248071388191,176.431881498605,500.297965519809,372.185877604288,783.223044622159,375.960318216569,367.447738892231,444.061455282022,401.645779955928,505.503507174769
347.917036312273,351.760080017339,381.520237256725,72.8091437775388,546.271655466662,371.402690472676,652.97462510902,360.303807826402,266.79893580045,813.395103505708,431.426165239237,887.710146257498,191.033594970718,74.3628208129442,374.663949994022,147.402221615979,89.2164123537639,311.606904240195,336.482780011837,913.133644672052,243.248071388191,176.431881498605,500.297965519809,372.185877604288,783.223044622159,375.960318216569,367.447738892231,444.061455281812,401.645779955845,505.503507174769
347.917036312273,351.760080017339,381.520237256725,72.8091437775388,546.271655466662,371.402690472676,652.97462510902,360.303807826402,266.79893580045,813.395103505708,431.426165239237,887.710146257498,191.033594970718,74.3628208129442,374.663949994022,147.402221615979,89.2164123537639,311.606904240195,336.482780011837,913.133644672052,243.248071388191,176.431881498605,500.297965519809,372.185877604288,783.223044622159,375.960318216569,367.447738892231,444.061455281796,401.645779955845,505.503507174769
347.917036312273,351.760080017339,381.520237256725,72.8091437775388,546.271655466662,371.402690472676,652.97462510902,360.303807826402,266.79893580045,813.395103505708,431.426165239237,887.710146257498,191.033594970718,74.3628208129442,374.663949994021,147.402221615979,89.2164123537639,311.606904240195,336.482780011837,913.133644672052,243.248071388191,176.431881498605,500.297965519809,372.185877604288,783.223044622159,375.960318216569,367.447738892231,444.061455281794,401.645779955845,505.503507174769
347.917036312273,351.760080017339,381.520237256725,72.8091437775388,546.271655466662,371.402690472676,652.97462510902,360.303807826402,266.79893580045,813.395103505708,431.426165239237,887.710146257498,191.033594970718,74.3628208129442,374.663949994021,147.402221615979,89.2164123537639,311.606904240195,336.482780011837,913.133644672052,243.248071388191,176.431881498605,500.297965519809,372.185877604288,783.223044622159,375.960318216569,367.447738892231,444.061455281794,401.645779955845,505.503507174769
347.917036312273,351.760080017339,381.520237256725,72.8091437775388,546.271655466662,371.402690472676,652.97462510902,360.303807826402,266.79893580045,813.395103505708,431.426165239237,887.710146257498,191.033594970718,74.3628208129442,374.663949994021,147.402221615979,89.2164123537639,311.606904240195,336.482780011837,913.133644672052,243.248071388191,176.431881498605,500.297965519809,372.185877604288,783.223044622159,375.960318216569,367.447738892231,444.061455281793,401.645779955845,505.503507174769
