92216569799.7877,4385116491.28663,65757.4844548281,1976677547.6798,32281405411.392,17435175427.8371,6458056650.41127,2034369569.22579,27677950013.2254,69948320449.2331,645000241.636878,1187715167.2844,9752296024.08946,44965206753.4004,181308720.764588,12872566387.9495,9738874324.28544,41466683525.8589,11939221686.9783,356181718.38664,40680076.853823,61754520415.8076,29741673073.3562,5781405817.21404,11262066150.0002,30588652315.8838,1306324.01696964,10765109996.6115,8686152667.94047,2782246074.29995
14509986253.5989,101230945.264972,62828.9235919401,1097902.80447238,24509309704.6523,122525132.868457,364860605.814632,76896938.4909812,132871797.802936,13416700388.4538,126255175.216007,602968676.323287,115036513.432406,10406941956.9055,12494052.3107065,11965461.0509367,5825525759.614,24415991714.5966,2930966574.73831,164703630.535459,27806365.3174064,37786129575.4641,15542425565.4503,412537072.685635,2641856145.03009,12077305851.6057,1306324.01696964,5953739526.83109,2458538016.96188,347211031.853895
1024549708.73435,37936717.6565576,62828.9235919401,1715.72031367974,56510836.5451742,122525132.868457,98797458.6592222,76896938.4909812,19871285.0086255,2792080418.54173,523729.86240845,481133867.715941,50381737.2254564,65030212.8246161,9100903.34341953,8358054.44316069,1050442733.9197,5289249.97137722,1265797360.09064,119576144.234203,17639711.5441037,33988062.4633281,52097632.8736293,769771.468174493,2009189.51236215,39627256.7517438,978594.148139464,5469150.21074957,168638960.420152,87201473.7160677
813470360.167971,37936717.6565576,48288.7679582035,1715.72031367974,34354935.4353079,10112855.4406743,78442761.059601,22599893.8565932,9375416.67254301,483158553.838504,3033.60629474195,384043356.590894,22126298.8061828,27466418.3012674,5634354.39265907,692681.099177114,801349091.595058,3212757.25558142,263271619.756727,46259839.6911762,5075591.36481326,1556745.56099572,26621904.137279,649280.762646733,2009189.51236215,3798929.98439753,759880.752848591,4078253.39519309,61726932.5853631,42205678.5236284
451361714.732214,37936717.6565576,48288.7679582035,1715.72031367974,25451014.855239,10112855.4406743,7386115.93007059,13951869.7558463,2474462.06942925,144639376.688244,215.635743094243,3320379.88391855,15858852.7448555,27466418.3012674,2048009.07799434,692681.099177114,515435358.25799,1149734.6501622,915396.60445828,5063715.62683996,365692.19065307,345998.083465424,16774554.036798,139945.769168825,1600062.68448678,3798929.98439753,720135.991148396,4078253.39519309,10902855.1695964,9327436.99043436
16872059.8398744,15884927.1760644,48288.7679582035,1715.72031367974,22317410.5098988,3676273.56908754,2604742.08954201,3129946.040519,2474462.06942925,7676893.91465839,215.635743094243,29582.6992609597,10889788.3210538,27466418.3012674,865436.906507358,692681.099177114,435188620.975489,1149734.6501622,851719.49449015,460243.3554879,150411.318784808,345998.083465424,7960633.02503184,124693.779055362,529059.490770058,2026069.92976035,90627.7782654044,4078253.39519309,1060378.82561981,4794545.06852118
2308398.94147333,1387070.7262336,18884.8471877295,1347.3734025888,10653988.4015667,1356114.28442149,525582.908933418,330677.280861528,892967.291038273,87196.7763571736,52.5675390352681,29582.6992609597,2325554.57373588,18347561.0909165,76721.7095769688,692681.099177114,381699.453139761,932989.880274344,734878.735932792,172440.284405414,107770.197859772,270631.687955984,2238432.22432448,98723.2361073215,367250.318773415,1185058.98973587,58275.6861393586,2434999.85521588,592359.917500574,1320146.22370681
25870.6639344711,35631.8868947204,1651.9777018616,825.314589067169,185046.428416997,391479.430694825,35766.7537336089,21308.7633213688,17650.1632495901,87196.7763571736,52.5675390352681,29582.6992609597,17078.2936964852,28905.3455727376,68172.6464104521,37760.1650344306,260098.749393098,38468.7879915124,48247.0950943055,25973.4736124558,18128.8456168111,226342.100665243,71791.9715504816,13184.2286088928,12094.1584414301,420305.659748583,15799.7066100655,202673.333524941,44929.8948393214,22619.5502371923
14130.6439373146,31245.5603053024,797.850533908153,747.903196726602,42037.1207207248,14909.8334284336,15512.0247658292,16885.667937771,7467.81729184001,53017.8938808894,32.3447807019998,29582.6992609597,8171.1015378879,16301.9031505718,10008.9895170281,30632.2951260954,36284.1286905408,3546.42226727731,7162.49597059849,16793.142807867,11448.0647325172,29794.7311725555,16641.5950890364,9839.75723698118,7083.3737540903,16763.9268443214,2248.25023697551,26583.1169594973,2672.66348724981,21527.841098513
13854.2843879354,30981.4551988191,329.978647169572,509.981615653425,19694.5842400922,14227.8392488652,15335.4594101777,16834.6089245199,7408.25579541686,8698.59370195953,19.6420713956277,29582.6992609597,7627.74071295861,15233.9063199302,9571.13857873811,30632.2951260954,16375.1209829453,86.5970093515698,4783.33808111038,16421.3294766129,11383.5225156416,12143.4990765296,16340.6614298044,9825.70450769848,6994.72384113629,11711.0715587626,2248.25023697551,6578.12784420178,1240.15519589323,21071.0556594296
13792.6600248243,29715.8282657948,304.23452219402,504.859132326205,19598.0775817433,14190.2372927233,15274.9020629425,16764.874882778,7389.89559591992,8634.03048827622,14.0101347001685,29582.6992609597,7587.68833193202,15152.3865823415,9521.72097571033,30632.2951260954,15456.7195076479,77.7916417716415,4759.7899437667,16333.7430053935,11361.8012906874,11757.4238078084,16026.8362449241,9773.59267769423,6971.72889584247,11679.221911035,2241.40175711167,6550.18377265234,1159.68240289852,20923.6002470861
13687.793943656,29532.1596497924,301.459456252963,501.750363003828,19447.883013184,14072.732693802,15157.2970665925,16622.1253229431,7340.10432136495,8566.57108758706,14.0085921050502,29582.6992609597,7531.32500820638,15018.731661202,9441.52944917649,30632.2951260954,15358.9765786496,59.4919505901514,4716.90503294645,16219.7048322471,11272.5002028285,11692.0787098634,15919.6680025545,9695.85942073807,6876.04500128145,11580.3592702086,2227.08117557276,6497.31203954162,1145.06634594695,20789.52442428
13515.6108707449,29126.0102469898,298.413377720082,495.886811764356,19164.4678395825,13902.3692344585,14959.6015769643,16391.2854395005,7255.83036255659,8450.82099938526,13.9460871338442,29582.6992609597,7448.64145290494,14858.0546109961,9318.25511428727,30356.9082150872,15146.8473949834,59.4323389270651,4657.55134754008,15967.2298409519,11103.9610827392,11534.5122417576,15742.5383956608,9574.95192615545,6792.60870114848,11431.4879883312,2187.69702585616,6396.17351230458,1108.12944016456,20536.9928936916
13218.2698920656,28564.0370714709,293.189416487186,486.79431507389,18774.6420966991,13639.89188335,14650.6367169772,16025.2497609565,7102.99082871873,8295.9526813343,13.8233059884776,29446.9076318651,7268.08603637491,14511.5811921153,9123.22103198694,29806.2325187421,14882.1078316299,59.3187155899946,4573.90834780836,15609.1157556104,10858.1395043191,11334.6308277931,15436.5477908945,9334.54423308397,6649.29684868166,11219.9419583625,2144.50130672594,6279.38741543581,1087.18456114531,20100.968224663
12822.4494069442,27620.5319473205,285.097986156899,473.291394009364,18225.4861877102,13245.0152075911,14225.2712840785,15501.9393252452,6877.59299389226,8028.80480948599,13.6350316327159,28533.8798170978,7038.61448136804,13992.9378798884,8860.28717535758,28832.8879281775,14399.6097446812,59.1803764701133,4431.49171688754,15084.8638768904,10512.607281842,10954.5557741436,14935.1211077836,9054.08910796589,6451.96136967428,10790.5480094612,2079.81240093944,6055.51698369403,1048.78407567071,19449.6639451465
12183.5272635119,26205.025689699,272.405786168458,451.855452183115,17243.7573070737,12625.993532998,13356.8914048158,14721.6114388405,6489.70284083149,7563.32125175433,13.2775885104136,27021.5307829103,6707.86971791135,13220.7057737419,8406.26001192485,27457.9406027268,13700.7505736736,58.9848751539353,4185.58348280736,14157.1531773807,9946.78561130714,10331.1661040289,14115.5597686541,8581.39608459688,6128.90306410963,10209.8137100164,1963.53638001361,5728.84544256946,1000.35568508099,18532.4518383081
