71446358.9559654,12678.8040923498,1732596.04202159,2186.08909923486,41064.7004447542,4758035.02664591,27326336.0844102,693010.56265058,5726973.01474071,16279168.3249193,4610745.06424182,11333.0656816783,73190.6620381521,24997.194115794,2838.43469581432,145496.774125683,4554845.20205405,12843090.838035,89516.2431785921,19077936.6081662,16525.1561560044,18806.540966141,11919291.149401,525296.324595238,73118.7095572643,2138369.13956685,2065.13984697584,1040140.94823878,31455.4211215284,4729188.79245105
1927430.91579287,12678.8040923498,1732596.04202159,1315.1669934756,16277.0241712436,30798.3650593242,13666.0154926709,40630.0852995339,931581.333644341,4808772.70351363,44297.0970299638,11333.0656816783,39059.8055754331,24997.194115794,2838.43469581432,31647.1541450566,1687084.44287923,1573755.6288939,37242.4255171674,1569680.87878556,16469.2531247387,18806.540966141,293327.162639149,68156.5746390533,46958.7269394157,46329.5001373205,2065.13984697584,144945.548526461,30387.4822660092,25193.128154598
119592.370408683,11900.7455685389,61812.2630400504,1315.1669934756,12370.8185868071,30798.3650593242,13666.0154926709,10968.6838620081,69685.7321718736,22431.3612108552,43559.9399817997,11333.0656816783,17635.9368707182,24997.194115794,2838.43469581432,30204.2233884762,24391.8587336146,22241.3762922493,37242.4255171674,12745.0953307713,16469.2531247387,11462.2466674828,20143.0440713584,31707.8021215481,33334.8977785303,17301.7469068326,2065.13984697584,35993.784471189,29706.7446846401,1357.30600287559
217.403207611612,11893.1790885308,30639.9842047882,977.519408692828,5742.3640622949,30798.3650593242,3998.55408393259,10968.6838620081,5561.25071840215,19941.5159838246,24880.1653648805,6458.40904362039,1228.00365682528,24997.194115794,2838.43469581432,25440.3053367242,23278.690928242,444.3135302176,8719.21148594876,2428.75894379383,16439.4239347803,8983.76513489577,14116.7552327758,31168.9106070764,31102.6341287363,14133.2249896327,2065.13984697584,27625.1385040193,29658.1302981091,955.942466340238
101.163016487005,11801.564212053,28519.7656268955,19.6642249802965,5207.77198204662,30798.3650593242,3980.70021407541,10947.0382274421,4803.02934992041,19681.0063137209,24701.4896435741,6413.88543104358,122.278170767562,24997.194115794,2838.43469581432,25197.9384620683,23077.1998021414,373.743926167048,8351.81661983444,2403.73836454081,16345.3468514792,8915.32592337285,14071.0970956463,30994.023506007,30924.9262612839,14059.7128088482,2065.13984697584,27036.0162383292,29419.6792321692,703.220359942527
101.083254941612,11639.9255084056,28153.1675074204,19.6525841946748,5136.94778607757,30633.6453878657,3928.00525583738,10813.7768684435,4720.41260702284,19403.7403035803,24377.735501036,6324.16455630976,120.161540236212,24997.194115794,2838.43469581432,24847.509764405,22833.8699941491,365.25980527332,8250.47982460267,2369.40929675669,16099.0079145895,8785.36552794559,13880.4436933509,30508.9605740591,30443.4179940127,13901.2816657089,2065.13984697584,26618.8786766158,28945.1628681398,695.767266443732
100.98978818356,11462.795270694,27777.9210410191,19.6516932006846,5052.5409992648,30300.9546259411,3865.10309221918,10675.7635158877,4646.59705850647,19119.4204124454,24041.7012694188,6244.80893888434,118.925920727345,24626.1540852604,2838.43469581432,24550.8725677524,22529.8210876789,360.941622648043,8130.62629365609,2345.40462546342,15823.8969724172,8655.34763786661,13653.282514306,30114.7481211986,29998.9007292836,13725.7033397077,2065.13984697584,26242.6997549941,28544.8024549236,686.571465286233
100.899426926985,11333.3128283635,27432.6500222042,19.6508672259158,4986.21036631783,29863.6292948301,3808.44931466408,10532.0043026394,4574.56073886627,18907.6100894915,23662.0901887832,6172.35555822671,117.072138260578,24290.1754799239,2838.43469581432,24173.7415328551,22172.2329253571,356.807760798774,8039.22611416017,2309.90448111229,15637.770042351,8522.8880695467,13431.9974838672,29714.2170043151,29571.8376823081,13531.8307868093,2065.13984697584,25905.8418536349,28193.032147768,677.683501387753
100.790432424112,11120.5658080724,26957.2181555513,19.6499925540768,4918.57999186142,29430.0522275628,3752.90769239346,10410.938302804,4513.79476331246,18644.7522861713,23297.5910331391,6092.82734803993,115.471138456094,23918.9728832577,2838.43469581432,23797.2669360302,21859.0712511579,352.503825089187,7918.51454067419,2282.83718665508,15395.4703586893,8380.34201033186,13276.9272356228,29296.5983151684,29060.9321007553,13347.6824337075,2065.13984697584,25475.8577919344,27819.7911132576,670.087923494652
100.699504743885,10957.4199514135,26591.0628569899,19.6491226529213,4842.67406542934,28946.9328100746,3707.6504940594,10265.721216268,4455.16984868098,18339.3703271627,22941.243298004,6012.95715888001,114.174906378103,23485.9727862495,2838.43469581432,23393.5401373886,21536.6356676529,346.935744415682,7801.22615879118,2253.65829757094,15188.4391486999,8245.58183462667,13098.9515298141,28913.1752006105,28595.4229677386,13148.9212959102,2065.13984697584,25087.5365394222,27367.9165304752,661.790635199276
100.592561634959,10800.6106178213,26116.4068371122,19.648172577409,4776.61490128111,28468.9872326781,3658.95053764163,10107.9425475844,4390.34418030001,18102.9279606836,22598.3622370995,5920.9503413025,112.935095819636,23149.875388706,2838.43469581432,23065.7325419064,21185.3216210423,342.627453630278,7695.75307437542,2221.24291338387,14965.2033145606,8106.04803762559,12910.8041029563,28472.2528343367,28310.4161299689,12916.2288364256,2065.13984697584,24745.5515683826,26946.2762048584,653.58628484417
100.508570170378,10623.8401815711,25665.7947623577,19.6473084862562,4721.59969292231,28126.4649195963,3611.14749656694,9955.66452092059,4330.06421260407,17783.6111038028,22247.3559766145,5835.42279790017,111.82197743087,22794.1128839178,2838.43469581432,22696.3235856993,20869.794209192,337.981983201461,7555.73372794267,2191.80082541737,14741.2045199416,8010.27026063619,12703.5304771522,28129.0713148586,27943.8834690271,12679.7456681224,2065.13984697584,24382.8463119898,26567.6736214562,643.56459819887
100.424625753619,10463.6349893664,25306.3963216622,19.6465467726982,4662.01106809562,27764.9831899935,3550.2163224105,9796.92803266969,4277.69857542982,17536.7232974802,21933.2690163003,5755.47160597354,110.816645958422,22416.1264205081,2838.01124442421,22305.1144942586,20611.8311343008,333.986103166028,7447.13332598432,2161.79815259571,14578.3048917806,7908.80482715449,12499.9889763988,27478.319564004,27520.4078294193,12485.8385835274,2065.13984697584,24027.2415954759,26179.982985955,634.589784632077
100.307966732281,10286.2080413084,24975.9836177822,19.6457596359535,4602.38569183485,27405.7356488188,3501.41186642551,9670.45076421075,4212.28141256748,17292.0351285452,21639.9478281023,5677.36148922495,109.576088710188,22098.8366724129,2802.5490271647,22005.7641893373,20304.6655341286,329.844432859814,7352.44569501505,2132.45445195981,14380.3354354388,7802.27766159488,12338.8115616452,27149.9340421913,27137.4409232442,12287.5437734128,2065.13984697584,23658.8479411599,25855.2128683454,627.230057098924
