98623080806,1205387,253008449,209859141,891118605,145278,75440475,104442770,5386152,61745023,16817451398098,5915061,861276204855,51757,586441008425,26116974,5488747223,3046798,417479673,109496606733,24467922,147499440,237843222,12442205517,2286307271,1220992896,1065527158,6612963,590538091,206730145
66500726,6034,126513,428440,9757744,14049,143804,20548,6828,288,119908,6688,7122820,6930,21615,28886,3382,2285,1637,2765671,759748,51352,257164,25772,9730,270315,67691,493803,51848,1537516
911,2040,0,26746,76285,111,9360,345,161,78,16552,0,8761,741,457,7335,138,30,126,28298,8481,12161,4422,22,72,28919,6237,5048,7095,10833
0,0,0,7,10,0,62,0,0,0,23,0,24,0,0,52,0,0,0,1221,0,16,0,0,0,16,45,0,44,4
0,0,0,0,0,0,0,0,0,0,0,0,0,0,0,0,0,0,0,0,0,0,0,0,0,0,0,0,0,0
0,0,0,0,0,0,0,0,0,0,0,0,0,0,0,0,0,0,0,0,0,0,0,0,0,0,0,0,0,0
0,0,0,0,0,0,0,0,0,0,0,0,0,0,0,0,0,0,0,0,0,0,0,0,0,0,0,0,0,0
0,0,0,0,0,0,0,0,0,0,0,0,0,0,0,0,0,0,0,0,0,0,0,0,0,0,0,0,0,0
0,0,0,0,0,0,0,0,0,0,0,0,0,0,0,0,0,0,0,0,0,0,0,0,0,0,0,0,0,0
0,0,0,0,0,0,0,0,0,0,0,0,0,0,0,0,0,0,0,0,0,0,0,0,0,0,0,0,0,0
0,0,0,0,0,0,0,0,0,0,0,0,0,0,0,0,0,0,0,0,0,0,0,0,0,0,0,0,0,0
0,0,0,0,0,0,0,0,0,0,0,0,0,0,0,0,0,0,0,0,0,0,0,0,0,0,0,0,0,0
0,0,0,0,0,0,0,0,0,0,0,0,0,0,0,0,0,0,0,0,0,0,0,0,0,0,0,0,0,0
0,0,0,0,0,0,0,0,0,0,0,0,0,0,0,0,0,0,0,0,0,0,0,0,0,0,0,0,0,0
