500.183541276789,604.661584588835,544.779900598154,528.125013494465,1189.25168232481,700.36621777616,522.471274129093,512.554891685595,1193.51306695327,938.112707467209,532.2932008811,929.94370734524,519.437314124415,1036.60870505147,775.175537348126,382.142341530245,312.988513146637,784.970066619884,896.417863174073,991.92493869782,405.073772454035,278.669791602969,588.436643089583,1674.77554078531,457.792528044959,731.420404200194,692.867059801134,618.10186204213,652.316439280467,1140.80331399633
489.107950942817,586.175805315519,419.781842194384,518.451675618652,820.307899549973,645.146941866004,459.459754494422,457.530809871514,990.686397913867,938.109914006885,520.795915834937,379.229340462758,516.848442316579,522.814258048883,682.16479966876,313.694186635405,149.302144032393,651.799152962963,841.176899231415,987.39893302667,260.535859739551,242.963850184446,569.036773280334,858.424856200054,443.748926664146,591.611044982439,256.919627457785,548.321688064338,588.110738840253,1140.80331399633
483.240727499898,477.004938017291,364.410018083759,508.180634637903,818.75052931455,556.242687920784,288.242787066475,431.57273529912,935.248635731051,936.088537598209,514.074536387041,284.896751480828,516.848442316579,501.859524104405,667.637562695832,304.076704414193,135.555553631914,645.219955053794,841.176899231415,983.599314451447,240.830460998478,238.48211193331,564.382717233494,744.773546445754,427.298677574739,545.765721083578,226.329046872127,425.12555762033,560.971961727263,570.643091625959
483.240727499898,477.004938017291,326.278843768634,508.080394294146,810.296809157548,549.415475426898,276.741272993068,431.57273529912,886.378154543821,881.946986106175,506.346747328363,275.738649997814,516.848442316579,457.740662599693,659.838006665253,293.278648219212,117.972953641578,617.587004094482,831.515337401803,980.484116976746,229.109133615704,225.670493324181,560.40845161378,623.458302629156,425.350108842707,540.520821741738,210.826070948875,425.12555762033,540.00607436668,503.185652127897
483.240727499898,449.766397195529,321.052417160717,501.22870545018,794.288631831364,528.073107275172,265.742831917699,418.803054166795,881.332641521446,857.464855688985,503.248230809852,275.738649997814,495.169695463931,445.402570293538,657.483568516729,289.222674497887,111.548865563659,611.411127135887,829.486665220935,969.645068514973,225.870571629251,217.177583771263,554.867586082259,613.128734712392,421.646069075768,529.745542672867,210.663776324963,419.938251982809,538.114933241275,489.699288052051
483.240727499898,383.876522541278,316.011073373387,486.404375712471,786.232322746708,523.138554101989,258.422301987921,412.932084986171,875.734563990142,846.442024451127,502.151003316808,275.738649997814,485.01884145902,437.160338294973,656.825384576581,286.924903640989,105.909762430937,607.498888221883,828.707458351248,966.339887401657,224.600939214189,214.892011001097,550.959578790173,602.670734164597,418.217432985417,526.349975980674,207.067684504401,354.389751259435,537.819336070724,485.322148985239
481.690062684855,379.081177197416,311.66117704067,481.269529815851,783.964428279995,519.679738143873,252.227233221692,408.544575301108,875.354355759684,843.803341655664,502.138062964325,275.036331690127,475.802014458185,431.571769194586,656.577709933384,285.686867859863,102.994581710465,602.656242355994,828.488415331291,965.954927333151,223.630455498373,214.650483577814,550.339676919464,598.667192488121,416.657707413544,524.843517577363,206.407217934093,346.440852126803,536.04894904045,467.975319605392
481.080967244233,376.703033861765,307.103964167795,480.191838901112,783.538684785611,513.835457205468,252.00748918464,407.806146110335,875.330122848043,842.574469017067,501.844647910614,260.101689572854,475.605931446655,412.805518905692,656.547106863552,284.430499521979,99.8264746591017,602.37506762225,826.728166804276,965.913794655772,220.878991943423,214.639558048841,550.283704439518,598.439163824984,416.282041727432,523.32137193387,205.819953250883,342.283632516149,535.818509086273,466.29815446837
472.086354274781,376.387969464794,307.094732547656,480.160125777528,783.44653712896,513.692129290535,251.999746667458,401.807393383731,875.291505214708,827.037118252819,500.145594059223,257.767864736325,475.597655775559,412.765710117555,656.386082359371,284.35455690857,99.5200760707658,602.246018190776,811.277677347382,965.904695958131,220.822631403994,214.633027016611,550.280841054998,576.56330614021,416.267538355632,516.905962819984,181.641954022137,334.280328214762,535.701641994669,465.993288383748
472.065051167838,376.271001147899,307.093919781729,480.158120545961,783.442604943954,513.582218211212,251.998767448227,401.024499103118,875.282906315063,826.448041731225,480.697831791507,257.767085870809,475.587892664118,412.763797126318,656.14910685753,284.35207450672,99.5176789359057,602.244520046318,811.274131363891,965.900642414942,220.821374426652,214.629409135735,550.280205920857,576.366478569841,416.261937681629,516.29451356183,181.410711760439,334.251719777635,525.44428046857,465.991500170916
472.06462596887,376.270960364306,307.093909286973,480.158104483877,783.442566381477,513.582095553071,251.99872159065,401.02419818475,875.282817214357,826.43885970203,480.693147355827,257.767064449981,475.587709685203,412.763776515399,656.149080477893,284.352067730292,99.5176648299152,602.244456145818,811.274117861684,965.900629425097,220.821366498308,214.629207888869,550.2801971017,576.361686167802,416.26191999087,516.291896879683,181.41065159775,334.205425290838,525.442922641199,465.991361416802
472.064625666809,376.270960348589,307.09390928023,480.158104427463,783.442566260925,513.58207116011,251.99872157997,401.024076513405,875.282817210901,826.438827379064,480.693141543476,257.767064417762,475.587709649054,412.763776497757,656.149080267573,284.352067727633,99.5176648121346,602.244456145362,811.274117840124,965.900629418622,220.821366485538,214.629207875662,550.280197097391,576.361685790062,416.261919986964,516.29189625494,181.410651384877,334.205300056742,525.44292242156,465.991361396943
472.064625658308,376.270960348589,307.09390928023,480.158104427463,783.442566260925,513.582071144775,251.99872157997,401.023768552541,875.282817210901,826.438827359481,480.69314152715,257.767064417762,475.587709649054,412.763776497756,656.149080267572,284.352067727633,99.5176648121342,602.244456145361,811.274117840124,965.900629418622,220.821366485538,214.629207875662,550.280197097391,576.361685787078,416.261919986964,516.29189625494,181.410651384877,334.205300039301,525.442922421559,465.991361396943
472.064625658308,376.270960348589,307.09390928023,480.158104427463,783.442566260925,513.582071144711,251.99872157997,401.023768552528,875.282817210901,826.438827359459,480.69314152715,257.767064417762,475.587709649053,412.763776497756,656.149080267572,284.352067727633,99.5176648121342,602.244456145361,811.274117840124,965.900629418622,220.821366485538,214.629207875662,550.280197097391,576.361685787075,416.261919986963,516.291896254939,181.410651384877,334.205300039298,525.442922421559,465.991361396943
472.064625658308,376.270960348589,307.09390928023,480.158104427463,783.442566260925,513.582071144664,251.99872157997,401.023768552528,875.282817210901,826.438827359452,480.69314152715,257.767064417762,475.587709649053,412.763776497756,656.149080267572,284.352067727633,99.5176648121342,602.244456145361,811.274117840124,965.900629418622,220.821366485538,214.629207875662,550.280197097391,576.361685787073,416.261919986963,516.291896254939,181.410651384877,334.205300039297,525.442922421559,465.991361396943
472.064625658308,376.270960348589,307.09390928023,480.158104427463,783.442566260925,513.58207114459,251.99872157997,401.023768552527,875.2828172109,826.43882735944,480.69314152715,257.767064417762,475.587709649053,412.763776497756,656.149080267572,284.352067727633,99.5176648121342,602.244456145361,811.274117840124,965.900629418622,220.821366485538,214.629207875662,550.280197097391,576.361685787072,416.261919986963,516.291896254939,181.410651384877,334.205300039263,525.442922421559,465.991361396943
