236.613161867766,304.11672787376,233.038773732265,279.752201430471,300.969855627102,314.21055305391,351.353698357719,255.954921531325,246.259777057498,274.327958283059,317.050101860682,505.798396170226,365.736558219962,345.137836740385,402.739577636099,252.967274613937,286.388025528908,268.400121353332,311.5654639181,125.696811591988,497.179722244152,106.543884325614,502.961551803958,440.294994441647,473.514336616016,264.092477920034,356.553108838417,410.502988389331,391.031072418081,373.04600551034
236.613057553822,304.114927234515,214.437357098118,219.72558833517,300.969750615342,314.210464234611,351.353602817244,251.797827848559,228.847078017526,274.327683927764,317.049267195151,505.79730168689,365.663441527353,345.136519457527,402.737802492039,231.801629378509,248.220928475484,268.400064766699,311.564708073488,105.983505805948,497.178912878778,100.743011219468,502.960190242296,440.28651641239,473.51426801605,240.834748346495,355.771859909013,410.502979491543,391.030390413388,373.045719812345
236.613057553807,304.114927233722,214.437319542361,219.725410217282,300.969750615292,314.210464234575,351.353602817235,251.797827238206,228.846307413504,274.327683927391,317.049267195113,505.797301686874,365.66275914584,345.136519456623,402.737802491269,231.801608189461,248.217080358147,268.400064766652,311.564708073451,103.445138567857,497.178912878717,100.008263552696,502.960190240495,440.286507072797,473.514268016047,240.834710967064,355.771859095497,410.502979491542,391.030390412869,373.045719811826
236.613057553807,304.114927233722,214.437319542356,219.72541021724,300.969750615292,314.210464234574,351.353602817235,251.797827238205,228.846307413117,274.327683927391,317.049267195113,505.797301686874,365.662745675676,345.136519456623,402.737802491268,231.801608189442,248.217080356223,268.400064766652,311.564708073451,103.14598477902,497.178912878717,100.000000001269,502.960190240495,440.286506965575,473.514268016047,240.834710967064,355.771859095496,410.502979491542,391.030390412869,373.045719811826
236.613057553807,304.114927233722,214.437319542356,219.72541021724,300.969750615292,314.210464234574,351.353602817235,251.797827238205,228.846307413117,274.327683927391,317.049267195113,505.797301686873,365.662745675673,345.136519456623,402.737802491268,231.801608189442,248.217080356223,268.400064766652,311.564708073451,103.138292507311,497.178912878717,100,502.960190240495,440.286506965575,473.514268016047,240.834710967064,355.771859095496,410.502979491542,391.030390412869,373.045719811826
236.613057553807,304.114927233722,214.437319542356,219.72541021724,300.969750615292,314.210464234574,351.353602817235,251.797827238205,228.846307413117,274.327683927391,317.049267195113,505.797301686873,365.662745675673,345.136519456623,402.737802491268,231.801608189442,248.217080356223,268.400064766652,311.564708073451,103.138291280085,497.178912878717,100,502.960190240495,440.286506965575,473.514268016047,240.834710967064,355.771859095496,410.502979491542,391.030390412869,373.045719811826
236.613057553807,304.114927233722,214.437319542356,219.72541021724,300.969750615292,314.210464234574,351.353602817235,251.797827238205,228.846307413117,274.327683927391,317.049267195113,505.797301686873,365.662745675673,345.136519456623,402.737802491268,231.801608189442,248.217080356223,268.400064766652,311.564708073451,103.138291280085,497.178912878717,100,502.960190240495,440.286506965575,473.514268016047,240.834710967064,355.771859095496,410.502979491542,391.030390412869,373.045719811826
236.613057553807,304.114927233722,214.437319542356,219.72541021724,300.969750615292,314.210464234574,351.353602817235,251.797827238205,228.846307413117,274.327683927391,317.049267195113,505.797301686873,365.662745675673,345.136519456623,402.737802491268,231.801608189442,248.217080356223,268.400064766652,311.564708073451,103.138291280085,497.178912878717,100,502.960190240495,440.286506965575,473.514268016047,240.834710967064,355.771859095496,410.502979491542,391.030390412869,373.045719811826
236.613057553807,304.114927233722,214.437319542356,219.72541021724,300.969750615292,314.210464234574,351.353602817235,251.797827238205,228.846307413117,274.327683927391,317.049267195113,505.797301686873,365.662745675673,345.136519456623,402.737802491268,231.801608189442,248.217080356223,268.400064766652,311.564708073451,103.138291280085,497.178912878717,100,502.960190240495,440.286506965575,473.514268016047,240.834710967064,355.771859095496,410.502979491542,391.030390412869,373.045719811826
236.613057553807,304.114927233722,214.437319542356,219.72541021724,300.969750615292,314.210464234574,351.353602817235,251.797827238205,228.846307413117,274.327683927391,317.049267195113,505.797301686873,365.662745675673,345.136519456623,402.737802491268,231.801608189442,248.217080356223,268.400064766652,311.564708073451,103.138291280085,497.178912878717,100,502.960190240495,440.286506965575,473.514268016047,240.834710967064,355.771859095496,410.502979491542,391.030390412869,373.045719811826
236.613057553807,304.114927233722,214.437319542356,219.72541021724,300.969750615292,314.210464234574,351.353602817235,251.797827238205,228.846307413117,274.327683927391,317.049267195113,505.797301686873,365.662745675673,345.136519456623,402.737802491268,231.801608189442,248.217080356223,268.400064766652,311.564708073451,103.138291280085,497.178912878717,100,502.960190240495,440.286506965575,473.514268016047,240.834710967064,355.771859095496,410.502979491542,391.030390412869,373.045719811826
236.613057553807,304.114927233722,214.437319542356,219.72541021724,300.969750615292,314.210464234574,351.353602817235,251.797827238205,228.846307413117,274.327683927391,317.049267195113,505.797301686873,365.662745675673,345.136519456623,402.737802491268,231.801608189442,248.217080356223,268.400064766652,311.564708073451,103.138291280085,497.178912878717,100,502.960190240495,440.286506965575,473.514268016047,240.834710967064,355.771859095496,410.502979491542,391.030390412869,373.045719811826
236.613057553807,304.114927233722,214.437319542356,219.72541021724,300.969750615292,314.210464234574,351.353602817235,251.797827238205,228.846307413117,274.327683927391,317.049267195113,505.797301686873,365.662745675673,345.136519456623,402.737802491268,231.801608189442,248.217080356223,268.400064766652,311.564708073451,103.138291280085,497.178912878717,100,502.960190240495,440.286506965575,473.514268016047,240.834710967064,355.771859095496,410.502979491542,391.030390412869,373.045719811826
236.613057553807,304.114927233722,214.437319542356,219.72541021724,300.969750615292,314.210464234574,351.353602817235,251.797827238204,228.846307413117,274.327683927391,317.049267195113,505.797301686873,365.662745675673,345.136519456623,402.737802491268,231.801608189442,248.217080356223,268.400064766652,311.564708073451,103.138291280085,497.178912878717,100,502.960190240495,440.286506965575,473.514268016047,240.834710967064,355.771859095496,410.502979491542,391.030390412869,373.045719811826
