3282.10890177175,3266.01011966696,3106.14089380456,3254.22774442275,3216.91423028873,2772.6996370061,3901.353215176,3263.11769609516,3965.93156814073,1171.99601059805,2411.68956122235,3087.25090181346,3207.94655033823,3159.5298543795,4013.61135445763,2633.04526776456,3481.66773830114,3316.37563423767,2538.43107151372,2942.466866676,3238.41763463477,3291.29869841439,3353.47500462591,3160.06502834268,3924.03993015115,2830.20952218833,2259.80514742339,2486.17980749625,2935.13476626838,3571.65698591689
2509.88809131186,2387.81985556567,2637.88499045432,3130.6998636593,3103.54165651128,2652.53150556327,3797.16884720751,2422.65710369972,2647.57573061254,924.960424824449,2130.85257933081,2540.8746360281,2993.13969224844,2570.61826864129,3126.22711703977,2361.15679736354,3023.28917996057,2590.71427399708,2360.93232087804,2639.99010128517,2872.39024750448,2818.22611106442,3317.96446933423,2784.95973402345,3886.14746901319,2731.89678981529,1869.66699079272,2181.80447744818,2862.84860388508,3378.23014556758
2342.50049670861,2021.00110965462,2150.7509957557,2956.21027041787,2885.87459457218,2550.94986027484,3560.87935780436,1926.66258331638,2206.41112142222,279.702779121614,2000.04542297027,2066.37973625584,2820.6353328464,1994.06517278249,2501.37363241129,2114.53931323667,2483.32825504936,2227.52567898035,539.53675012642,2621.02351164036,2666.21513984438,2547.68051516325,2971.26252419749,2784.95973402345,3084.03572742038,2521.75966360424,1553.87770366441,1759.61692766198,2810.8425578419,3136.86816861675
2164.64102720777,1849.81833507594,1932.56706123891,2922.04141758468,2719.64704029022,2376.67176279291,3319.44251492125,1854.1050438616,1768.80197932502,142.128677159353,1933.85037840658,1947.47763384351,2659.27505926513,1773.57804399116,1924.90094922721,1973.17717383581,1916.64233471468,1908.81474500063,401.35093693672,2509.82975351453,2586.70165143772,2495.83719791603,2775.19724332505,2487.51517264824,2483.18592297536,2344.27080204496,1501.7682227072,1653.15679643629,2797.2764731917,2996.30044631018
2032.5679964137,1770.15257718438,1900.40449240071,2887.92214568692,2647.76671420933,2319.70060526345,3157.44911714975,1790.88227780568,1720.45909179989,113.071324763285,1909.41921917394,1898.94413698662,2648.35298543343,1650.65352967913,1788.19925957178,1925.9923734959,1755.63853766455,1824.9596347118,150.888921851912,2489.8180112517,2579.70005062452,2424.05619791954,2651.4600768949,2289.70364349279,2245.87090222683,2193.98396969803,1492.24656195841,1625.83826474517,2796.00213173022,2939.0843097835
2023.18138893807,1761.01486091527,1898.73897071852,2886.49710418399,2590.35778625689,2312.42855289069,3130.65166103308,1787.29951948409,1717.04192204831,108.772415276395,1897.24608845088,1866.79153153781,2646.61967820948,1637.94461122938,1784.50583913188,1922.47434930549,1740.0500160206,1820.24597071837,111.405633494922,2488.92904238376,2577.87624305451,2412.09070176775,2602.19547757911,2248.18929309267,2184.76657943367,2169.09349197363,1490.8637704669,1625.14231044297,2795.96731528166,2898.00586565123
2023.12149882348,1759.33247667624,1898.72609714921,2886.48732965909,2566.4070345588,2310.14897296186,3127.61974111586,1785.51476755516,1717.03138914222,100.303764790124,1830.1716705923,1858.96036771164,2645.71536150003,1635.41681565365,1784.47964693977,1921.94212208691,1739.10184794214,1818.76794986946,104.37897475332,2488.9250819022,2577.8379794991,2411.30239180901,2600.74477419758,2247.51885074019,2165.06650341459,2167.35612547276,1490.85643379196,1625.1366887186,2795.96686640633,2892.69097560857
2023.12149248183,1759.12202107278,1898.72609124803,2886.48732539423,2565.16780488275,2309.74902712538,3125.2970655923,1785.27315629048,1717.03138779904,100.287851552251,1612.39135190106,1855.31160471824,2645.47158349085,1634.03783561792,1784.47964353646,1921.88804776897,1738.81408346095,1818.30960644413,100.552939502605,2488.92508073408,2577.83795159521,2410.70983025167,2599.95805189854,2247.51848724515,2162.85467738645,2167.18034086364,1490.8564335742,1625.13668806402,2795.96686634938,2891.18692309472
2023.12149248182,1759.12175251384,1898.72609124801,2886.48732539423,2565.11432411141,2309.7366073287,3125.16180379693,1784.77228298256,1717.03138779904,100.287844979069,1605.74250844108,1853.06556618519,2645.47158349085,1633.62755777494,1784.47964353645,1921.88794421479,1738.68023835009,1818.14088672361,100.552790700629,2488.92508073408,2577.83795159505,2410.70532032939,2599.72625554499,2247.51848724382,2162.76409990679,2167.17742241489,1490.8564335742,1625.13668806402,2795.96686634936,2890.93938393281
2023.12149248182,1759.12175251384,1898.72609124801,2886.48732539423,2565.09481825423,2309.73656834368,3125.15315553071,1784.76444209695,1717.03138779904,100.287844979069,1605.45802000237,1852.53236389027,2645.47158349085,1633.23312136165,1784.47964353645,1921.88794421477,1738.67031926555,1818.14088672361,100.552790700623,2488.92508073408,2577.83795159505,2410.7053203283,2599.61837648337,2247.51848724382,2162.72882156856,2167.1774223772,1490.8564335742,1625.13668806402,2795.96686634936,2889.13330008724
2023.12149248182,1759.05623571679,1898.72609124801,2886.48732539423,2565.09472807221,2309.67817143996,3125.15203718367,1784.76403061998,1717.03138779904,100.287844979069,1605.42220028584,1852.37514383052,2645.46537493896,1633.23112194313,1784.47964353645,1921.88794421477,1738.60791839917,1818.12371875453,100.552790700623,2488.92508073408,2577.83795159505,2410.7053203283,2599.54545097178,2247.51848724382,2162.70831538104,2167.1774223772,1490.8564335742,1625.13668806402,2795.96686634936,2889.03118248661
2023.12149248182,1759.00885239311,1898.72609124801,2886.48732539423,2565.09259625709,2309.62225805398,3125.1500500213,1784.75296243899,1717.03138779904,100.287844979069,1605.39854057438,1852.3746307711,2645.46504024142,1633.05075393016,1784.47964353645,1921.88794421477,1738.6067982956,1818.11616840238,100.552790700623,2488.92508073408,2577.83795159505,2410.7053203283,2599.0286065253,2247.51848724382,2162.69373890455,2167.1774223772,1490.8564335742,1625.13668806402,2795.96686634936,2889.03080113462
2023.12149248182,1759.00785421899,1898.72609124801,2886.48732539423,2565.08045584522,2309.61978847111,3125.15001883793,1784.7509978368,1717.03138779904,100.287844979069,1605.39851868993,1852.37463061607,2645.45905740752,1633.05075234684,1784.47964353645,1921.88794421477,1738.60677687017,1818.06428022985,100.552790700623,2488.92508073408,2577.83795159505,2410.7053203283,2599.02859379084,2247.51848724382,2162.69373271601,2167.1774223772,1490.8564335742,1625.13668806402,2795.96686634936,2889.03078897805
2023.12149248182,1759.0078542133,1898.72609124801,2886.48732539423,2565.07767699534,2309.61978846867,3125.15001883292,1784.750997827,1717.03138779904,100.287844979069,1605.3985185858,1852.3746306159,2645.45905738443,1633.05075233252,1784.47964353645,1921.88794421477,1738.60677683721,1818.06413059996,100.552790700623,2488.92508073408,2577.83795159505,2410.7053203283,2599.02859378857,2247.51848724382,2162.69373271597,2167.1774223772,1490.8564335742,1625.13668806402,2795.96686634936,2889.03078897802
2023.12149248182,1759.00785421326,1898.72609124801,2886.48732539423,2565.07767699465,2309.61978846862,3125.15001883291,1784.75099782691,1717.03138779904,100.287844979069,1605.39851858577,1852.37463061586,2645.45905738338,1633.05075233249,1784.47964353645,1921.88794421477,1738.60677683674,1818.06413059978,100.552790700623,2488.92508073408,2577.83795159505,2410.7053203283,2599.02859378803,2247.51848724382,2162.69373271597,2167.17742237719,1490.8564335742,1625.13668806402,2795.96686634936,2889.030788978
2023.12149248182,1759.00785421318,1898.72609124801,2886.48732539423,2565.07767699384,2309.61978846859,3125.15001883289,1784.7509978269,1717.03138779904,100.287844979069,1605.39851858575,1852.37463061576,2645.45905738334,1633.0507523324,1784.47964353645,1921.88794421477,1738.60677683673,1818.0641305997,100.552790700623,2488.92508073408,2577.83795159505,2410.7053203283,2599.02859378696,2247.51848724382,2162.69373271594,2167.17742237719,1490.8564335742,1625.13668806402,2795.96686634936,2889.03078897799
