1824.75789607036,2281.40847723666,2150.39989749937,109.866142735211,2698.80608166639,1783.47352736029,110.927091131199,2809.16169805211,2303.46367573312,2458.91911940027,51.1780269722344,2506.44631458226,1976.78024569611,1873.23446850613,2212.47783818305,2251.9686849023,1989.33573993235,2607.92397675679,2199.11636737661,2220.81832008233,113.032447209651,2530.23429354786,2174.92368093016,2481.68399753612,2794.52264832073,2244.10302509455,4829.18458117293,1786.01365578648,112.022944542744,2869.05345704801
1818.13928402149,2179.00573779628,2145.14401749816,100.001405525747,2698.5837059821,1781.50907487771,100.413957953836,2808.77320113718,2303.33019845248,2453.17609286129,51.107162001209,2506.42610719752,1976.74295896958,1873.23259962724,2212.45651984041,2250.28415230895,1986.62270071621,2594.66689102737,2182.05945698408,2212.75673834208,100.361311451899,2486.29797668337,2170.42325985386,2480.87130225112,2793.76682294936,2241.65755375734,4827.38464377216,1786.00001588744,100.403675642115,2868.27050708348
1818.13928222375,2176.50126600342,2143.92673654987,100.000000436527,2698.58370588711,1781.31506672844,100.397469792679,2808.77320070359,2303.330197258,2452.75501487446,51.1071619396657,2506.42610712922,1976.74295896744,1873.2325996228,2212.45651983137,2250.16897552899,1986.40805165758,2593.75120128221,2180.78075768269,2212.49653345936,100.344440194325,2485.57539776811,2169.87985332514,2480.85109634011,2793.38359848688,2241.59559358944,4826.59216177826,1786.00001587797,100.399684647976,2867.72917180026
1818.13928222375,2176.49914452653,2143.48965677768,100,2698.58370588711,1780.98414247915,100.397469647853,2808.77320070358,2303.33019725799,2451.67009823593,51.1071619396657,2506.42610712922,1976.74295896744,1873.2325996228,2212.45651983137,2250.03158875231,1986.24690703097,2593.69847027366,2180.45499409175,2208.97736105,100.344439317795,2485.35616118657,2169.78009938002,2480.67305551236,2792.98408124622,2241.48615746921,4826.47224651275,1786.00001587797,100.39968400213,2867.6597957175
1818.13928222375,2176.49914452652,2143.31302902174,100,2698.58370588711,1780.73317801996,100.397469647853,2808.77320070358,2303.33019725799,2450.55435124645,51.1071619396653,2506.42610712922,1976.74295896744,1873.2325996228,2212.45651983137,2248.53688836069,1986.23701519585,2593.68895530797,2179.28060281971,2208.12762439077,100.344439317795,2485.35243642709,2169.7642193374,2480.65300063036,2792.8345370846,2241.36300336471,4826.46889065131,1786.00001587797,100.39968400213,2867.63707116018
1818.13928222375,2176.49914452652,2143.31300150272,100,2698.58370588711,1780.72392763771,100.397469647852,2808.77320070358,2303.33019725799,2450.52993546831,51.1071619396653,2506.42610712922,1976.74295896744,1873.2325996228,2212.45651983137,2248.53089172335,1986.23232527183,2593.65940443514,2179.11819445375,2208.1273126723,100.344439317795,2485.31675736538,2169.76231536974,2480.5577667004,2792.83430144336,2241.36296537662,4826.31740453047,1786.00001587797,100.39968400213,2867.51091846367
1818.13928222375,2176.49914452652,2143.31297936483,100,2698.58370588711,1780.72392723596,100.397469647852,2808.77320070358,2303.33019725799,2450.5238012237,51.1071619396653,2506.42610712922,1976.74295896744,1873.2325996228,2212.45651983137,2248.53087130406,1986.23232527183,2593.63046110013,2179.11819279738,2208.12731267175,100.344439317795,2485.31675735298,2169.76151952329,2480.55776581117,2792.83430143259,2241.36296537327,4826.25902136206,1786.00001587797,100.39968400213,2867.5108474562
1818.13928222375,2176.49914452652,2143.31297936336,100,2698.58370588711,1780.72392723482,100.397469647852,2808.77320070358,2303.33019725799,2450.52379457019,51.1071619396653,2506.42610712922,1976.74295896744,1873.2325996228,2212.45651983137,2248.53087130319,1986.23231873612,2593.63046053643,2179.11819279426,2208.12731267174,100.344439317795,2485.31456490755,2169.76151087445,2480.55776580985,2792.83430143247,2241.36296537322,4826.25902136206,1786.00001587797,100.39968400213,2867.51084571251
1818.13928222375,2176.49914452652,2143.31297936333,100,2698.58370588711,1780.72392723479,100.397469647852,2808.77320070358,2303.33019725799,2450.52378927235,51.1071619396653,2506.42610712922,1976.74295896744,1873.2325996228,2212.45651983137,2248.53087130271,1986.23231069647,2593.63046053141,2179.11819279423,2208.12731267173,100.344439317795,2485.27490230204,2169.76134585334,2480.55776580974,2792.83430143243,2241.36296537317,4826.25902136206,1786.00001587797,100.39968400213,2867.51084190617
1818.13928222375,2176.49914452652,2143.31297936331,100,2698.58370588711,1780.72392723479,100.397469647852,2808.77320070358,2303.33019725799,2450.52378927202,51.1071619396653,2506.42610712922,1976.74295896744,1873.2325996228,2212.45651983137,2248.5308713027,1986.23231069644,2593.63046052535,2179.11819279421,2208.12731267173,100.344439317795,2485.27490230044,2169.76132199071,2480.55776436878,2792.83430143241,2241.36296537312,4826.25902136206,1786.00001587797,100.39968400213,2867.51084190601
1818.13928222375,2176.49914452652,2143.31297936329,100,2698.58370588711,1780.72392723479,100.397469647852,2808.77320070358,2303.33019725799,2450.52378927128,51.1071619396653,2506.42610712922,1976.74295896744,1873.2325996228,2212.45651983137,2248.53087130268,1986.23231069642,2593.63046051546,2179.1181927942,2208.12731267172,100.344439317795,2485.27485484834,2169.76132196814,2480.55776436875,2792.8343014324,2241.36296537305,4826.25902136206,1786.00001587797,100.39968400213,2867.51084190586
1818.13928222375,2176.49914452652,2143.31297936327,100,2698.58370588711,1780.72392723479,100.397469647852,2808.77320070358,2303.33019725799,2450.52378926536,51.1071619396653,2506.42610712922,1976.74295896744,1873.2325996228,2212.45651983137,2248.53087130267,1986.23231069641,2593.63045897383,2179.11819279417,2208.12731267172,100.344439317795,2485.27485484834,2169.7613219679,2480.5577643687,2792.8343014324,2241.36296537299,4826.25902136206,1786.00001587797,100.39968400213,2867.51084190555
1818.13928222375,2176.49914452652,2143.31297936325,100,2698.58370588711,1780.72392723479,100.397469647852,2808.77320070358,2303.33019725799,2450.52378903623,51.1071619396653,2506.42610712922,1976.74295896744,1873.2325996228,2212.45651983137,2248.53087130266,1986.23231069639,2593.6304577658,2179.11819279413,2208.12731267172,100.344439317795,2485.27485484834,2169.76132196635,2480.55776436866,2792.8343014324,2241.36296537295,4826.25902136206,1786.00001587797,100.39968400213,2867.51084184041
1818.13928222375,2176.49914452652,2143.31297936322,100,2698.58370588711,1780.72392723479,100.397469647852,2808.77320070358,2303.33019725799,2450.52371391817,51.1071619396653,2506.42610712922,1976.74295896744,1873.2325996228,2212.45651983137,2248.53087130266,1986.23231069637,2593.63045077954,2179.11819279411,2208.12731267171,100.344439317795,2485.27485484831,2169.76132196522,2480.55776436862,2792.83430143238,2241.36296537289,4826.25902136206,1786.00001587797,100.39968400213,2867.51084184023
