823.266550043255,1436.25949521673,2976.59439761492,1855.56639385252,1608.44814218438,1061.4958573805,3104.08241198786,950.511541351359,513.282885648873,1962.31790560184,1160.55915687956,591.836501357119,796.528876664752,750.001786996403,1283.74881710546,785.079122582,2165.28899281091,860.497792640033,958.349364771985,676.675756625048,1100.79957034802,834.691813774135,1946.15651485711,641.087582657833,1280.55837481379,1408.48594166002,2282.6661432147,749.416442325419,2266.16649665782,2572.23803317517
746.253330627839,1196.80780719924,1875.89391087389,1752.30957479596,1220.49944689767,1002.38923867887,2845.45719879055,922.11124847208,481.906993090402,1527.50455004288,1075.76566145636,547.377051949897,673.385413807674,708.260042756024,1143.95989564932,701.978121989078,1716.64271340301,835.34513819411,752.025233483883,660.468632494791,1100.79957034802,786.080190305974,1821.72596783053,598.356867992337,1127.56572963405,1169.37143023397,1933.9867281508,728.296321696004,1918.93442134027,2204.3488838291
695.003509846093,968.301327029612,1766.24841320855,1671.11814082275,1122.83634403476,920.564985008612,2393.82728181388,895.489333314027,469.654017870483,1327.3695993806,1051.47273329444,505.24126245033,632.557519422198,670.847503194133,1143.95989564932,677.507014631014,1578.36610843335,811.092153489847,697.062065526353,596.256421795489,1074.5710026935,760.142863033331,1603.19730468553,559.31167448176,1040.03832299881,971.329753568234,1276.03917638525,652.589820655479,1620.08879505656,1682.94346082697
691.284163475481,897.858230885593,1579.15299151883,1633.17833540113,1036.7273998591,841.917571516721,1757.83247020428,845.717573551824,461.377710619647,1185.49781662329,995.853337350236,488.276024090155,612.458168581664,659.268834201212,996.125152284087,531.512400093687,1482.18570705532,767.079157161105,649.508715497546,554.273339690561,1041.65306089495,629.099525433739,1552.46938003788,552.948926379566,902.332302071634,808.775707094674,1074.42496101756,588.055141255333,1255.05725593993,1603.61474026795
689.840914839213,886.16187557589,1486.75508575327,1625.97842214205,890.628159046436,835.695678094477,1634.17665644056,841.650395222448,460.273092587795,1156.61678289064,980.533270705492,481.852516784276,590.616297599361,651.686934411838,966.658019262353,459.295610384493,1435.77585543641,760.305811949883,633.184940070317,528.159017873775,892.485068906168,603.241853677,1482.40452890701,540.760626753169,846.226828389871,787.908548467789,1053.29321240791,553.512679020051,1177.88928131062,1550.23983817141
689.764372608249,885.103951618521,1430.05144276442,1625.62200609859,815.42245273666,835.343725178715,1564.89807862687,838.918787640563,460.254075566034,1151.81795270439,970.28060877364,481.695512865066,559.348210887797,651.086081680905,965.426240425229,391.645977785702,1434.30415144443,759.368612748567,632.421962589301,524.468599328326,846.951617281004,592.524559551901,1399.87825151641,539.385520410481,841.572230343543,785.313845722679,1052.38696080912,548.970387966598,1168.83918941087,1521.55054809663
689.76388829954,885.03703975089,1429.46532031001,1625.60694817815,813.479843874394,835.339561900731,1564.17390844943,838.785893735736,460.253390434682,1150.08217641905,968.395470029786,481.694359864356,547.381966957979,651.080635768537,965.407248671371,349.454678512165,1434.28380995734,759.359380530851,632.41786317374,524.408446618989,844.066417676463,591.175267460041,1329.14489836742,539.102866376215,841.382679005936,785.29844396082,1052.36440129354,548.943228255315,1166.47874522131,1516.97409166545
689.763887643844,885.036535855239,1429.46510926245,1625.60694102452,813.467715757498,835.33956132702,1564.17311637707,838.774968948739,460.253389798058,1149.98760999775,967.877471018276,481.694358767122,547.201229629834,651.080630223444,965.407217756076,349.077437874892,1434.28379580676,759.359379361767,632.417860434376,524.408421208171,843.886473737376,591.173033909142,1326.75044817722,539.018142458607,841.239597105621,785.298436147977,1052.36439569023,548.943205749425,1165.68697250214,1515.08617047285
689.763887643841,885.036535848908,1429.46510924869,1625.6069410245,813.466880497583,835.339561327001,1564.1731163746,838.772551887774,460.253389798053,1149.93412019573,967.793799540186,481.694358767094,547.068766231195,651.080630223395,965.407217755551,349.076688758076,1434.28379580652,759.359379361753,632.417860434344,524.408421208106,843.879015647361,591.173033905477,1326.68229359055,539.009792595405,841.239458764255,785.298436147941,1052.36439569022,548.94320574942,1165.19568522583,1514.80614260679
689.763887643841,885.036535848908,1429.46510924869,1625.6069410245,813.46688004441,835.339561327001,1564.1731163746,838.770099066282,460.253389798053,1149.91313626401,967.783474896458,481.694358767094,547.067645231965,651.080630223395,965.407217755551,349.076688742714,1434.28379580652,759.359379361753,632.417860434344,524.408421208106,843.879012167088,591.173033905477,1326.54992398446,539.009791127373,841.238907292125,785.298436147941,1052.36439569022,548.94320574942,1164.97763069147,1514.50170515488
689.763887643841,885.036535848907,1429.46510924869,1625.6069410245,813.46688004441,835.339561327001,1564.1731163746,838.761947293888,460.253389798053,1149.90563511577,967.778974599978,481.694358767094,547.06764516511,651.080630223395,965.407217755551,349.076688742714,1434.28379580652,759.359379361753,632.417860434344,524.408421208106,843.879012167086,591.173033905477,1326.54598780932,539.009786858472,841.06620758791,785.29843614794,1052.36439569022,548.94320574942,1164.73399823895,1514.21333454691
689.763887643841,885.036535848907,1429.46510924869,1625.6069410245,813.46688004441,835.339561327001,1564.1731163746,838.761287118557,460.253389798053,1149.86099005837,967.777712169341,481.694358767094,547.06764516511,651.080630223395,965.407217755551,349.076688742714,1434.28379580652,759.359379361753,632.417860434344,524.408421208106,843.879012167086,591.173033905477,1326.54598780932,539.006657029582,840.502896943,785.29843614794,1052.36439569022,548.94320574942,1164.67124234017,1514.19901893095
689.763887643841,885.036535848907,1429.46510924869,1625.6069410245,813.46688004441,835.339561327001,1564.1731163746,838.760203518943,460.253389798053,1149.86088345585,967.776417753035,481.694358767094,547.06764516511,651.080630223395,965.407217755551,349.076688742714,1434.28379580652,759.359379361753,632.417860434344,524.408421208106,843.879012167086,591.173033905477,1326.54598780932,539.006645127906,840.502485443203,785.29843614794,1052.36439569022,548.94320574942,1164.53991257237,1514.19745246119
689.763887643841,885.036535848907,1429.46510924869,1625.6069410245,813.46688004441,835.339561327001,1564.1731163746,838.760203515417,460.253389798053,1149.86088344816,967.776368351426,481.694358767094,547.06764516511,651.080630223395,965.407217755551,349.076688742714,1434.28379580652,759.359379361753,632.417860434344,524.408421208106,843.879012167086,591.173033905477,1326.54598780932,539.00650798906,840.502393122883,785.29843614794,1052.36439569022,548.94320574942,1164.52184994758,1514.19745191602
689.763887643841,885.036535848907,1429.46510924869,1625.6069410245,813.46688004441,835.339561327001,1564.1731163746,838.760203515375,460.253389798053,1149.86088343237,967.776368351416,481.694358767094,547.06764516511,651.080630223395,965.407217755551,349.076688742714,1434.28379580652,759.359379361753,632.417860434344,524.408421208106,843.879012167086,591.173033905477,1326.54598780932,539.006507989045,840.50239307405,785.29843614794,1052.36439569022,548.94320574942,1164.52175540567,1514.19745191583
689.763887643841,885.036535848907,1429.46510924869,1625.6069410245,813.46688004441,835.339561327001,1564.1731163746,838.760203515371,460.253389798053,1149.86088343205,967.776368351409,481.694358767094,547.06764516511,651.080630223395,965.407217755551,349.076688742714,1434.28379580652,759.359379361753,632.417860434344,524.408421208106,843.879012167086,591.173033905477,1326.54598780932,539.006507989029,840.502393070536,785.29843614794,1052.36439569022,548.94320574942,1164.52126504323,1514.1974519156
