496.372090093222,410.698433193351,376.241534249457,108.78325259155,375.331031785287,378.614167861977,346.566821312364,205.8844375802,500.065739816,384.335301119233,555.859218592446,382.549996919824,456.631484397698,352.372049290113,120.035165437256,209.190078073259,377.738553000378,360.94716370942,209.618200855528,209.065176707749,226.294969751645,406.819197850331,191.330393480321,428.561202834659,346.025647634223,399.376499040711,377.055498091423,210.128823199629,571.063687410276,144.354167387242
496.255921100966,408.818708336522,347.279505013852,100.004814659479,371.427713161323,365.653280291415,340.39839843649,200.000232955862,500.065371018932,378.286944994989,555.858835993309,336.555282711893,404.840320555892,348.772723250536,100.01417221397,200.000301380264,352.233089586446,359.201626195263,200.002527049267,200.000554714223,200.457244147341,348.221846242169,110.796127861255,382.086549581844,344.371871165762,331.253288175168,346.513879622162,200.016244966364,571.063509275975,100.055902883155
496.251274632278,408.818707015095,347.279212971661,100.000001298956,371.427711812496,365.653253968601,340.398394214117,200.000000091475,500.065371018899,378.286941649797,555.85883599327,336.555257768111,404.839238213626,348.772720249441,100.000011787087,200.000000089416,352.232836610672,359.201619145014,200.000001396867,200.00000018864,200.407402033331,348.220897259563,100.00282560229,382.086484777586,344.371870930112,331.253132873151,346.513790304888,200.000003068334,571.063509275948,100.000020386191
496.251046786147,408.818707015095,347.279212971644,100,371.427711812496,365.653253968591,340.398394214116,200,500.065371018899,378.286941649794,555.858835993269,336.555257768108,404.839238213548,348.772720249441,100.000000000001,200,352.232836610612,359.20161914501,200,200,200.407401752444,348.220897259508,100.000000000138,382.086484777531,344.371870930112,331.253132872813,346.51379030487,200,571.063509275948,100.000000000001
496.251046786143,408.818707015095,347.279212971644,100,371.427711812496,365.653253968591,340.398394214116,200,500.065371018899,378.286941649794,555.858835993269,336.555257768107,404.839238213548,348.772720249441,100,200,352.232836610612,359.20161914501,200,200,200.407401752444,348.220897259508,100,382.086484777531,344.371870930112,331.253132872813,346.51379030487,200,571.063509275948,100
496.251046786143,408.818707015095,347.279212971644,100,371.427711812496,365.653253968591,340.398394214116,200,500.065371018898,378.286941649794,555.858835993269,336.555257768107,404.839238213548,348.772720249441,100,200,352.232836610612,359.20161914501,200,200,200.407401752444,348.220897259508,100,382.086484777531,344.371870930112,331.253132872813,346.51379030487,200,571.063509275948,100
496.251046786143,408.818707015095,347.279212971644,100,371.427711812496,365.653253968591,340.398394214116,200,500.065371018898,378.286941649794,555.858835993269,336.555257768107,404.839238213548,348.772720249441,100,200,352.232836610612,359.20161914501,200,200,200.407401752444,348.220897259508,100,382.086484777531,344.371870930112,331.253132872813,346.51379030487,200,571.063509275948,100
496.251046786142,408.818707015095,347.279212971644,100,371.427711812496,365.653253968591,340.398394214116,200,500.065371018898,378.286941649794,555.858835993269,336.555257768107,404.839238213548,348.772720249441,100,200,352.232836610612,359.20161914501,200,200,200.407401752444,348.220897259508,100,382.086484777531,344.371870930112,331.253132872813,346.51379030487,200,571.063509275948,100
496.251046786142,408.818707015095,347.279212971644,100,371.427711812496,365.653253968591,340.398394214116,200,500.065371018898,378.286941649794,555.858835993269,336.555257768107,404.839238213548,348.772720249441,100,200,352.232836610612,359.20161914501,200,200,200.407401752444,348.220897259508,100,382.086484777531,344.371870930112,331.253132872813,346.51379030487,200,571.063509275948,100
496.251046786142,408.818707015095,347.279212971644,100,371.427711812496,365.653253968591,340.398394214116,200,500.065371018898,378.286941649794,555.858835993269,336.555257768107,404.839238213548,348.772720249441,100,200,352.232836610612,359.20161914501,200,200,200.407401752444,348.220897259508,100,382.086484777531,344.371870930112,331.253132872813,346.51379030487,200,571.063509275948,100
496.251046786142,408.818707015095,347.279212971644,100,371.427711812496,365.653253968591,340.398394214116,200,500.065371018898,378.286941649794,555.858835993269,336.555257768107,404.839238213548,348.772720249441,100,200,352.232836610612,359.20161914501,200,200,200.407401752444,348.220897259508,100,382.086484777531,344.371870930112,331.253132872813,346.51379030487,200,571.063509275948,100
496.251046786142,408.818707015095,347.279212971644,100,371.427711812496,365.653253968591,340.398394214116,200,500.065371018898,378.286941649794,555.858835993269,336.555257768107,404.839238213548,348.772720249441,100,200,352.232836610612,359.20161914501,200,200,200.407401752444,348.220897259508,100,382.086484777531,344.371870930112,331.253132872813,346.51379030487,200,571.063509275948,100
496.251046786142,408.818707015095,347.279212971644,100,371.427711812496,365.653253968591,340.398394214116,200,500.065371018898,378.286941649794,555.858835993269,336.555257768107,404.839238213548,348.772720249441,100,200,352.232836610612,359.20161914501,200,200,200.407401752444,348.220897259508,100,382.086484777531,344.371870930112,331.253132872813,346.51379030487,200,571.063509275948,100
496.251046786142,408.818707015095,347.279212971644,100,371.427711812496,365.653253968591,340.398394214116,200,500.065371018898,378.286941649794,555.858835993269,336.555257768107,404.839238213548,348.772720249441,100,200,352.232836610612,359.20161914501,200,200,200.407401752444,348.220897259508,100,382.086484777531,344.371870930112,331.253132872813,346.51379030487,200,571.063509275948,100
