4917.37422990893,4437.07748736278,7868.75542014125,2020.08982410344,4980.0898178563,6689.10102227384,22987.372686438,5307.21411634342,6250.7085208219,7042.84010014565,6212.62315798968,13231.3903727009,10423.5105837848,9259.32224186453,15270.4850921186,14257.3158100682,18868.6671233998,14137.595338177,3193.29861093597,11388.8112442398,21051.9210110424,10655.2727102166,8963.35976749362,5097.70566931422,17100.6721506033,19814.7552495146,6313.19911244407,5946.30739693372,4528.29246033507,1435.16072205702
2228.62298366883,2852.86708088367,4587.90096814429,1561.63438065459,2425.68799376462,4708.34793931752,14027.9230373261,4338.99544494245,3195.60697487784,5179.49166227173,5453.41418018632,11535.620274451,6081.50825252273,5873.3545686825,10472.4318734963,7732.12291303204,6506.32077317741,9438.15835494282,2556.76841785646,9768.53018007054,12560.8284832977,8542.8461227519,7648.17968670475,3376.35748721475,7384.45266117059,14209.0674785163,5495.31811352446,3047.30180472152,3918.94999587525,1064.98912439826
840.519019825802,1515.83484527486,1406.66775578584,1043.98999958043,1635.76701130493,880.997534263749,1304.44762490601,2790.89388181993,1656.75241815716,2249.63870852157,2107.82989660674,3867.15155308356,876.038323885669,1081.92541284951,959.517166097408,2766.85883047207,2855.08359331334,3920.66971872928,1263.57740064348,2556.2345914012,1880.94143050778,2074.07809106159,4415.6045296829,986.287835708911,4035.48070824221,3030.61688569981,2219.95532383948,1240.99295309077,1088.19759309214,633.668085491004
504.73976034123,1010.86827272036,672.459513191312,578.325415524005,1128.93678091202,565.637946530359,847.223713111357,2113.5202836759,922.197002829253,1103.80609353179,1335.71276868193,727.763222990294,700.806604209173,538.119903263096,567.614340273814,621.373983929519,1355.49455261165,987.487572058808,605.122139389555,654.731424737925,635.103659563254,1055.30726463445,689.305556981481,563.995840791211,1161.02189511564,637.611820295838,617.936011725905,674.106732322357,509.246324319764,512.745856156333
464.95472953547,514.840256598929,427.543490418145,496.752363559332,768.038209204774,413.958510078067,485.673218470823,751.515775307187,624.819477167027,595.820093246833,480.80867895309,483.645052949686,535.328782763036,466.833750238839,443.836336877384,504.61244203665,566.250525421629,472.966358037886,461.084131506754,470.944600453822,457.482986393391,574.307082991483,489.322578756351,468.414518594668,650.677791015982,463.330577463338,476.683887520298,491.071383411979,451.812483389308,473.175115185273
452.54470344275,454.740857843107,401.845011083655,460.129615083191,370.845926578969,400.167923114881,448.6591597115,466.357692498535,559.875395716889,478.584773307952,445.510200229348,451.938283126989,454.987566700425,453.782092141247,404.570997634666,410.489067006006,531.779656123886,446.628572695592,449.400951889213,443.88049038987,410.325893423253,464.492818852357,453.174444014815,450.632528753237,465.740822692982,449.759759721519,450.087440908803,457.779541592696,449.073335028078,453.465895262741
448.996980313296,446.783089134421,398.51626922223,444.578939587255,202.660746001269,398.41795765717,445.468038884154,401.277074392515,532.443767918226,473.729161737588,399.256806154344,449.613203409743,446.672029651181,451.538179089725,398.492914401408,399.776100768985,524.738815140903,443.991795615003,446.225369322147,399.375073165932,399.881960450338,448.320968395053,446.375211436517,404.761277304863,402.454114936784,446.625922267429,449.397065583001,450.374103824522,447.352396055109,452.124010785316
446.283919129942,446.090631037957,398.494811405057,443.898389104862,200.000815636158,398.413835074249,444.916413611002,399.585909522093,529.627627347472,471.274733012699,397.905602004152,449.324130565429,444.253480731585,451.293601877813,398.479497039587,399.542005658764,524.278802128924,443.405985165754,445.337649717626,397.833403986569,399.615963561524,444.290562718994,445.90189778735,398.211947891345,399.586017130895,446.156431757743,449.3942790093,449.732849184482,446.578333307044,452.068519908886
446.251639717267,446.090550622187,398.494811401194,443.898380675209,200.00000000851,398.413835062342,444.916400840677,399.584967871679,529.562151892705,471.051557032032,397.886175369013,449.324126407043,444.046525744178,451.293601406889,398.479496994974,399.542004990272,524.248414086382,443.405968278911,445.337581269675,397.833387588731,399.584967871797,443.648079650737,445.901868965855,397.835685168541,399.584967871684,446.156390103059,449.394279007974,449.732778083088,446.578315914634,452.068519847437
446.251639717046,446.090550622187,398.494811401194,443.898380675209,200.000000000001,398.413835062342,444.916400840677,399.584967871679,529.562136010677,471.051186263544,397.886175368897,449.324126407043,444.046525744006,451.293601406889,398.479496994974,399.542004990272,524.248401964162,443.405968278911,445.337581269675,397.833387588731,399.584967871679,443.648079620488,445.901868965855,397.835683018444,399.584967871679,446.156390103059,449.394279007974,449.732778083088,446.578315914634,452.068519847436
446.251639717046,446.090550622187,398.494811401194,443.898380675209,200.000000000001,398.413835062342,444.916400840677,399.584967871679,529.562136010677,471.051186262926,397.886175368897,449.324126407043,444.046525744006,451.293601406889,398.479496994974,399.542004990272,524.248401964162,443.405968278911,445.337581269675,397.833387588731,399.584967871679,443.648079620488,445.901868965855,397.835683018444,399.584967871679,446.156390103059,449.394279007974,449.732778083088,446.578315914634,452.068519847436
446.251639717046,446.090550622187,398.494811401194,443.898380675209,200.000000000001,398.413835062342,444.916400840677,399.584967871679,529.562136010677,471.051186262926,397.886175368897,449.324126407043,444.046525744006,451.293601406889,398.479496994974,399.542004990272,524.248401964162,443.405968278911,445.337581269675,397.833387588731,399.584967871679,443.648079620488,445.901868965855,397.835683018444,399.584967871679,446.156390103059,449.394279007974,449.732778083088,446.578315914634,452.068519847436
446.251639717046,446.090550622187,398.494811401194,443.898380675209,200.000000000001,398.413835062342,444.916400840677,399.584967871679,529.562136010677,471.051186262926,397.886175368897,449.324126407043,444.046525744006,451.293601406889,398.479496994974,399.542004990272,524.248401964162,443.405968278911,445.337581269675,397.833387588731,399.584967871679,443.648079620488,445.901868965855,397.835683018444,399.584967871679,446.156390103059,449.394279007974,449.732778083088,446.578315914634,452.068519847436
446.251639717046,446.090550622187,398.494811401194,443.898380675209,200.000000000001,398.413835062342,444.916400840677,399.584967871679,529.562136010677,471.051186262926,397.886175368897,449.324126407043,444.046525744006,451.293601406889,398.479496994974,399.542004990272,524.248401964162,443.405968278911,445.337581269675,397.833387588731,399.584967871679,443.648079620488,445.901868965855,397.835683018444,399.584967871679,446.156390103059,449.394279007974,449.732778083088,446.578315914634,452.068519847436
446.251639717046,446.090550622187,398.494811401194,443.898380675209,200.000000000001,398.413835062342,444.916400840677,399.584967871679,529.562136010677,471.051186262926,397.886175368897,449.324126407043,444.046525744006,451.293601406889,398.479496994974,399.542004990272,524.248401964162,443.405968278911,445.337581269675,397.833387588731,399.584967871679,443.648079620488,445.901868965855,397.835683018444,399.584967871679,446.156390103059,449.394279007974,449.732778083088,446.578315914634,452.068519847436
446.251639717046,446.090550622187,398.494811401194,443.898380675209,200.000000000001,398.413835062342,444.916400840677,399.584967871679,529.562136010677,471.051186262926,397.886175368897,449.324126407043,444.046525744006,451.293601406889,398.479496994974,399.542004990272,524.248401964162,443.405968278911,445.337581269675,397.833387588731,399.584967871679,443.648079620488,445.901868965855,397.835683018444,399.584967871679,446.156390103059,449.394279007974,449.732778083088,446.578315914634,452.068519847436
