452.54470344275,454.740857843107,401.845011083655,460.129615083191,370.845926578969,400.167923114881,448.6591597115,466.357692498535,559.875395716889,478.584773307952,445.510200229348,451.938283126989,454.987566700425,453.782092141247,404.570997634666,410.489067006006,531.779656123886,446.628572695592,449.400951889213,443.88049038987,410.325893423253,464.492818852357,453.174444014815,450.632528753237,465.740822692982,449.759759721519,450.087440908803,457.779541592696,449.073335028078,453.465895262741
447.67020988376,446.151513703635,398.494826725011,443.911808258618,200.075116793661,398.413842930438,444.940987006595,399.635688533863,530.283004657782,472.309440120791,398.249194044584,449.329102709058,445.52690995436,451.296398755089,398.479555013696,399.542157519668,524.3576487487,443.444819040707,445.419902888264,397.901212869186,399.694571094254,444.686010814768,445.961380084453,399.526629671344,399.627192517595,446.204419484706,449.394281649335,449.785791257074,446.587149870867,452.068889584942
446.251729870789,446.090550701037,398.494811401201,443.8983806806,200.000016735359,398.413835062357,444.916400853746,399.584968432141,529.5633603184,471.060850624737,397.886209163466,449.324126412952,444.046835665456,451.293601407153,398.479496995026,399.542004990431,524.250051363632,443.405968287123,445.337581437546,397.833387592971,399.584990384129,443.651518682364,445.901869078915,397.868565469106,399.584969735515,446.156390117315,449.394279007976,449.732778178109,446.57831592393,452.068519847462
446.251639717046,446.090550622187,398.494811401194,443.898380675209,200.000000000003,398.413835062342,444.916400840677,399.584967871679,529.562136048773,471.05118788654,397.886175368897,449.324126407043,444.046525744006,451.293601406889,398.479496994974,399.542004990272,524.248401969942,443.405968278911,445.337581269675,397.833387588731,399.584967871679,443.648079620488,445.901868965855,397.835683018444,399.584967871679,446.156390103059,449.394279007974,449.732778083088,446.578315914634,452.068519847436
446.251639717046,446.090550622187,398.494811401194,443.898380675209,200.000000000001,398.413835062342,444.916400840677,399.584967871679,529.562136010677,471.051186262926,397.886175368897,449.324126407043,444.046525744006,451.293601406889,398.479496994974,399.542004990272,524.248401964162,443.405968278911,445.337581269675,397.833387588731,399.584967871679,443.648079620488,445.901868965855,397.835683018444,399.584967871679,446.156390103059,449.394279007974,449.732778083088,446.578315914634,452.068519847436
446.251639717046,446.090550622187,398.494811401194,443.898380675209,200.000000000001,398.413835062342,444.916400840677,399.584967871679,529.562136010677,471.051186262926,397.886175368897,449.324126407043,444.046525744006,451.293601406889,398.479496994974,399.542004990272,524.248401964162,443.405968278911,445.337581269675,397.833387588731,399.584967871679,443.648079620488,445.901868965855,397.835683018444,399.584967871679,446.156390103059,449.394279007974,449.732778083088,446.578315914634,452.068519847436
446.251639717046,446.090550622187,398.494811401194,443.898380675209,200.000000000001,398.413835062342,444.916400840677,399.584967871679,529.562136010677,471.051186262926,397.886175368897,449.324126407043,444.046525744006,451.293601406889,398.479496994974,399.542004990272,524.248401964162,443.405968278911,445.337581269675,397.833387588731,399.584967871679,443.648079620488,445.901868965855,397.835683018444,399.584967871679,446.156390103059,449.394279007974,449.732778083088,446.578315914634,452.068519847436
446.251639717046,446.090550622187,398.494811401194,443.898380675209,200.000000000001,398.413835062342,444.916400840677,399.584967871679,529.562136010677,471.051186262926,397.886175368897,449.324126407043,444.046525744006,451.293601406889,398.479496994974,399.542004990272,524.248401964162,443.405968278911,445.337581269675,397.833387588731,399.584967871679,443.648079620488,445.901868965855,397.835683018444,399.584967871679,446.156390103059,449.394279007974,449.732778083088,446.578315914634,452.068519847436
446.251639717046,446.090550622187,398.494811401194,443.898380675209,200.000000000001,398.413835062342,444.916400840677,399.584967871679,529.562136010677,471.051186262926,397.886175368897,449.324126407043,444.046525744006,451.293601406889,398.479496994974,399.542004990272,524.248401964162,443.405968278911,445.337581269675,397.833387588731,399.584967871679,443.648079620488,445.901868965855,397.835683018444,399.584967871679,446.156390103059,449.394279007974,449.732778083088,446.578315914634,452.068519847436
446.251639717046,446.090550622187,398.494811401194,443.898380675209,200.000000000001,398.413835062342,444.916400840677,399.584967871679,529.562136010677,471.051186262926,397.886175368897,449.324126407043,444.046525744006,451.293601406889,398.479496994974,399.542004990272,524.248401964162,443.405968278911,445.337581269675,397.833387588731,399.584967871679,443.648079620488,445.901868965855,397.835683018444,399.584967871679,446.156390103059,449.394279007974,449.732778083088,446.578315914634,452.068519847436
446.251639717046,446.090550622187,398.494811401194,443.898380675209,200.000000000001,398.413835062342,444.916400840677,399.584967871679,529.562136010677,471.051186262926,397.886175368897,449.324126407043,444.046525744006,451.293601406889,398.479496994974,399.542004990272,524.248401964162,443.405968278911,445.337581269675,397.833387588731,399.584967871679,443.648079620488,445.901868965855,397.835683018444,399.584967871679,446.156390103059,449.394279007974,449.732778083088,446.578315914634,452.068519847436
446.251639717046,446.090550622187,398.494811401194,443.898380675209,200.000000000001,398.413835062342,444.916400840677,399.584967871679,529.562136010677,471.051186262926,397.886175368897,449.324126407043,444.046525744006,451.293601406889,398.479496994974,399.542004990272,524.248401964162,443.405968278911,445.337581269675,397.833387588731,399.584967871679,443.648079620488,445.901868965855,397.835683018444,399.584967871679,446.156390103059,449.394279007974,449.732778083088,446.578315914634,452.068519847436
446.251639717046,446.090550622187,398.494811401194,443.898380675209,200.000000000001,398.413835062342,444.916400840677,399.584967871679,529.562136010677,471.051186262926,397.886175368897,449.324126407043,444.046525744006,451.293601406889,398.479496994974,399.542004990272,524.248401964162,443.405968278911,445.337581269675,397.833387588731,399.584967871679,443.648079620488,445.901868965855,397.835683018444,399.584967871679,446.156390103059,449.394279007974,449.732778083088,446.578315914634,452.068519847436
446.251639717046,446.090550622187,398.494811401194,443.898380675209,200.000000000001,398.413835062342,444.916400840677,399.584967871679,529.562136010677,471.051186262926,397.886175368897,449.324126407043,444.046525744006,451.293601406889,398.479496994974,399.542004990272,524.248401964162,443.405968278911,445.337581269675,397.833387588731,399.584967871679,443.648079620488,445.901868965855,397.835683018444,399.584967871679,446.156390103059,449.394279007974,449.732778083088,446.578315914634,452.068519847436
