3472.56817814803,1480.82269951348,2410.57004847149,339.036893413093,2231.93616541283,2766.37423302751,2951.73955704622,675.58112046424,1753.24373657491,3015.01797375397,502.610712717588,826.590454266095,1440.74283796878,2913.36449596297,2162.84204554949,282.298218714829,3445.10145657145,3299.72590829832,2514.64612651335,2005.76944835488,1959.90269288993,2539.73023532766,246.204704728488,2814.02167243099,430.29346048691,2628.02762421622,355.645381403074,2495.67206952645,391.308968996899,1485.44765276126
3471.91227168884,1393.99215574124,1376.94379501629,300.038729168489,2197.31047107969,1448.42811183695,2951.10570386221,300.208785083588,1643.61350717897,3014.43204359164,494.660150178202,300.145486656296,1403.15452186284,2816.93951134596,1831.24244398324,201.409848702381,3442.47927439846,3299.59821929707,2514.183666412,1764.05442291372,1421.02112782945,2523.36412794234,200.025314930425,2813.81900769673,300.051297360969,2565.52920766943,300.040026973207,2468.3838215263,347.149862829595,1475.10309198763
3471.90499558575,1390.8972291447,1348.10134413298,300.000021230063,2197.19147189731,1441.06067413781,2951.09288455829,300.000085811535,1642.77730185247,3014.43204110603,494.660103052161,300.000033241975,1390.64826208568,2816.93266845797,1830.73067893486,200.001163966975,3442.45148755853,3299.5982189827,2514.16471530823,1759.34822937935,1372.20130108738,2472.36262375592,200.000012505894,2813.81900730474,300.000020060452,2517.55870596118,300.000022141045,2467.99356977494,347.149355000437,1474.20189276628
3471.9049520999,1390.80348386492,1347.87601944225,300.000000000004,2197.10601013483,1441.05719238168,2951.09278718702,300.000000000006,1642.74169798686,3014.43204110603,494.660103051848,300.000000000002,1390.51016259107,2816.93266834932,1830.71299152274,200.000000000091,3442.44978534491,3299.59821898269,2514.16144216766,1759.25612307049,1327.39482708127,2222.67963959392,200.000000000002,2813.81900730474,300.000000000002,2514.85750540065,300.000000000003,2467.93285794653,347.149354998313,1474.1665397629
3471.90495209989,1390.80347316957,1347.87543751923,300,2197.10600945949,1441.05719238168,2951.09278718701,300,1642.74162443973,3014.43204110602,494.660103051848,300,1390.50967282947,2816.93266834932,1830.71299092022,200,3442.44978534487,3299.59821898269,2514.1614197866,1759.25596267908,1327.25885624482,2220.78278054211,200,2813.81900730474,300,2514.8252543533,300,2467.93282184855,347.149354998313,1474.16653887153
3471.90495209989,1390.80347316957,1347.87543751923,300,2197.10600945949,1441.05719238168,2951.09278718701,300,1642.74162443973,3014.43204110602,494.660103051848,300,1390.50967282947,2816.93266834932,1830.71299092022,200,3442.44978534487,3299.59821898269,2514.16141978659,1759.25596267908,1327.25885624482,2220.78278054211,200,2813.81900730474,300,2514.8252543533,300,2467.93282184855,347.149354998313,1474.16653887153
3471.90495209989,1390.80347316957,1347.87543751923,300,2197.10600945949,1441.05719238168,2951.09278718701,300,1642.74162443973,3014.43204110602,494.660103051848,300,1390.50967282947,2816.93266834932,1830.71299092022,200,3442.44978534487,3299.59821898269,2514.16141978659,1759.25596267908,1327.25885624482,2220.78278054211,200,2813.81900730474,300,2514.8252543533,300,2467.93282184855,347.149354998313,1474.16653887153
3471.90495209989,1390.80347316957,1347.87543751923,300,2197.10600945949,1441.05719238168,2951.09278718701,300,1642.74162443973,3014.43204110602,494.660103051848,300,1390.50967282947,2816.93266834932,1830.71299092022,200,3442.44978534487,3299.59821898269,2514.16141978659,1759.25596267908,1327.25885624482,2220.78278054211,200,2813.81900730474,300,2514.8252543533,300,2467.93282184855,347.149354998313,1474.16653887153
3471.90495209989,1390.80347316957,1347.87543751923,300,2197.10600945949,1441.05719238168,2951.09278718701,300,1642.74162443973,3014.43204110602,494.660103051848,300,1390.50967282947,2816.93266834932,1830.71299092022,200,3442.44978534487,3299.59821898269,2514.16141978659,1759.25596267908,1327.25885624482,2220.78278054211,200,2813.81900730474,300,2514.8252543533,300,2467.93282184855,347.149354998313,1474.16653887153
3471.90495209989,1390.80347316957,1347.87543751923,300,2197.10600945949,1441.05719238168,2951.09278718701,300,1642.74162443973,3014.43204110602,494.660103051848,300,1390.50967282947,2816.93266834932,1830.71299092022,200,3442.44978534487,3299.59821898269,2514.16141978659,1759.25596267908,1327.25885624482,2220.78278054211,200,2813.81900730474,300,2514.8252543533,300,2467.93282184855,347.149354998313,1474.16653887153
3471.90495209989,1390.80347316957,1347.87543751923,300,2197.10600945949,1441.05719238168,2951.09278718701,300,1642.74162443973,3014.43204110602,494.660103051848,300,1390.50967282947,2816.93266834932,1830.71299092022,200,3442.44978534487,3299.59821898269,2514.16141978659,1759.25596267908,1327.25885624482,2220.78278054211,200,2813.81900730474,300,2514.8252543533,300,2467.93282184855,347.149354998313,1474.16653887153
3471.90495209989,1390.80347316957,1347.87543751923,300,2197.10600945949,1441.05719238168,2951.09278718701,300,1642.74162443973,3014.43204110602,494.660103051848,300,1390.50967282947,2816.93266834932,1830.71299092022,200,3442.44978534487,3299.59821898269,2514.16141978659,1759.25596267908,1327.25885624482,2220.78278054211,200,2813.81900730474,300,2514.8252543533,300,2467.93282184855,347.149354998313,1474.16653887153
3471.90495209989,1390.80347316957,1347.87543751923,300,2197.10600945949,1441.05719238168,2951.09278718701,300,1642.74162443973,3014.43204110602,494.660103051848,300,1390.50967282947,2816.93266834932,1830.71299092022,200,3442.44978534487,3299.59821898269,2514.16141978659,1759.25596267908,1327.25885624482,2220.78278054211,200,2813.81900730474,300,2514.8252543533,300,2467.93282184855,347.149354998313,1474.16653887153
3471.90495209989,1390.80347316957,1347.87543751923,300,2197.10600945949,1441.05719238168,2951.09278718701,300,1642.74162443973,3014.43204110602,494.660103051848,300,1390.50967282947,2816.93266834932,1830.71299092022,200,3442.44978534487,3299.59821898269,2514.16141978659,1759.25596267908,1327.25885624482,2220.78278054211,200,2813.81900730474,300,2514.8252543533,300,2467.93282184855,347.149354998313,1474.16653887153
