4052.26732815973,7357.1751127257,13513.9291715394,3314.66093068952,3611.92224731405,3374.00964009379,3691.45226255678,14134.6203077377,2150.81720741037,4681.64116058934,2729.7927817492,4287.83929529909,4907.76621533963,3513.16222470929,8030.86728631416,8390.53094285243,4385.26924735562,3993.97265414611,4395.5334581785,2853.11424390313,11025.0296969294,3083.4274511764,3970.63461558895,4115.87797249389,6786.49139574415,3385.33809088668,7840.59306099967,3555.85606989299,5673.55460004912,2361.35509442353
3713.19755108522,6180.53883535766,9881.67657935896,2086.80583100648,3278.79971414414,3214.658473168,3323.41394382093,7386.28918818585,2020.38495209841,4148.80521830116,2389.04691167551,3569.36325946633,4257.20169532596,3160.44797820093,6863.23483930851,4997.62934051144,3872.09331126303,3661.66003011726,3457.91560118729,2548.71008185887,4095.75089702289,2739.32795267401,3219.90819993899,3587.95887144407,5697.51073703814,3117.70088104477,4017.71055635969,3160.62210660721,3898.08968945466,2192.91497106481
3608.92491376868,3270.05474088203,5530.44034970607,978.282340370283,2855.10739323283,2866.26131145464,3126.81919865035,2513.23130342116,1977.02815666008,3510.22931246054,2177.42193919329,2295.14197798806,2986.41343349695,3160.44797820093,4073.0097773912,3902.79745249096,3714.79813930235,3487.51654109428,2978.70023572252,2394.52143395929,3084.10818355027,2620.44393584458,1556.44743270579,3252.56964224383,3290.32126090407,2867.46631071122,2020.45958203505,3134.81591746401,1759.16885471631,2059.63589301484
3507.92340654239,2562.83585635347,4297.92498751128,769.532735726547,2730.09212071918,2850.95089283313,3023.79361065048,2195.37674704128,1878.10168574091,3159.88971967877,1850.88610140709,2199.64959983375,2035.96119970014,3100.31864733358,3494.46705414673,2485.3483838132,3618.27146089917,3359.09087382436,2686.59395020483,2316.14840348933,2808.86725728753,2573.78507856082,1306.09132026802,3104.89863194381,1205.29254110433,2715.89707207543,1363.2251481654,2893.6446291514,882.702444738828,1999.76571941376
3476.29373481846,2058.16142688003,3528.60672065859,394.762882371503,2399.64843789195,2821.45675082362,2959.33171209386,1901.45124307857,1828.50312676969,3038.45418720539,768.069607005054,1777.16455114876,1813.29101142939,3082.29380380785,2757.8905756854,795.649223371476,3481.63730940005,3313.92111267357,2522.62820182898,2213.87432389821,2506.57959304462,2555.5941294872,631.320682665053,2824.61048988582,728.88770265831,2665.42179843803,618.070010941874,2729.53934811815,498.706077589398,1776.1337577997
3472.56817814803,1480.82269951348,2410.57004847149,339.036893413093,2231.93616541283,2766.37423302751,2951.73955704622,675.58112046424,1753.24373657491,3015.01797375397,502.610712717588,826.590454266095,1440.74283796878,2913.36449596297,2162.84204554949,282.298218714829,3445.10145657145,3299.72590829832,2514.64612651335,2005.76944835488,1959.90269288993,2539.73023532766,246.204704728488,2814.02167243099,430.29346048691,2628.02762421622,355.645381403074,2495.67206952645,391.308968996899,1485.44765276126
3471.9286360747,1419.2512957106,1555.30886539958,301.145567480181,2198.08057241683,1555.23870927922,2951.15820469023,304.103337088307,1650.10959896403,3014.43260056116,494.665290521231,306.76594337432,1417.44450549935,2817.52742043078,1837.22109034241,212.090031763297,3442.52211506649,3299.59826127074,2514.20005448345,1779.96088800619,1452.33405598798,2529.97308587679,200.830270178023,2813.81908429321,303.357999588853,2592.94551468486,300.541430639234,2469.35255651212,347.216725814565,1476.32897980362
3471.90519181122,1391.63415277952,1349.22420460559,300.001117236084,2197.26970826405,1441.54088347393,2951.0939418538,300.003989626709,1642.92980015512,3014.43204110799,494.660103093959,300.002308091587,1391.06975106386,2816.9326892368,1830.77002815205,200.08028200847,3442.45847234212,3299.59821898311,2514.17084552085,1759.47845229631,1402.55712581258,2516.1894369396,200.000323197848,2813.81900730491,300.000833770498,2527.24688613468,300.000881242547,2468.10841990662,347.149355998021,1474.28931201667
3471.9049521858,1390.80655925421,1347.89300048869,300.000000004742,2197.11001319227,1441.05719248335,2951.09278729052,300.000000036482,1642.74956188294,3014.43204110603,494.660103051848,300.000000011487,1390.51732092304,2816.93266834932,1830.71380312141,200.000000383738,3442.44979234561,3299.59821898269,2514.16179389816,1759.26774162028,1328.09850087752,2227.25348216594,200.000000003651,2813.81900730474,300.000000004066,2515.34237283689,300.000000016814,2467.94196426029,347.149354998313,1474.16759709775
3471.90495209989,1390.80347316963,1347.87543753552,300,2197.10600945949,1441.05719238168,2951.09278718702,300,1642.74162445045,3014.43204110603,494.660103051848,300,1390.50967335873,2816.93266834932,1830.71299092022,200.000000000001,3442.44978534487,3299.59821898269,2514.16141983631,1759.25596269597,1327.26182793542,2221.40292798448,200,2813.81900730474,300,2514.82541804245,300,2467.93282184887,347.149354998313,1474.16653887153
3471.90495209989,1390.80347316957,1347.87543751923,300,2197.10600945949,1441.05719238168,2951.09278718701,300,1642.74162443973,3014.43204110602,494.660103051848,300,1390.50967282947,2816.93266834932,1830.71299092022,200,3442.44978534487,3299.59821898269,2514.1614197866,1759.25596267908,1327.25885624482,2220.78278054211,200,2813.81900730474,300,2514.8252543533,300,2467.93282184855,347.149354998313,1474.16653887153
3471.90495209989,1390.80347316957,1347.87543751923,300,2197.10600945949,1441.05719238168,2951.09278718701,300,1642.74162443973,3014.43204110602,494.660103051848,300,1390.50967282947,2816.93266834932,1830.71299092022,200,3442.44978534487,3299.59821898269,2514.16141978659,1759.25596267908,1327.25885624482,2220.78278054211,200,2813.81900730474,300,2514.8252543533,300,2467.93282184855,347.149354998313,1474.16653887153
3471.90495209989,1390.80347316957,1347.87543751923,300,2197.10600945949,1441.05719238168,2951.09278718701,300,1642.74162443973,3014.43204110602,494.660103051848,300,1390.50967282947,2816.93266834932,1830.71299092022,200,3442.44978534487,3299.59821898269,2514.16141978659,1759.25596267908,1327.25885624482,2220.78278054211,200,2813.81900730474,300,2514.8252543533,300,2467.93282184855,347.149354998313,1474.16653887153
3471.90495209989,1390.80347316957,1347.87543751923,300,2197.10600945949,1441.05719238168,2951.09278718701,300,1642.74162443973,3014.43204110602,494.660103051848,300,1390.50967282947,2816.93266834932,1830.71299092022,200,3442.44978534487,3299.59821898269,2514.16141978659,1759.25596267908,1327.25885624482,2220.78278054211,200,2813.81900730474,300,2514.8252543533,300,2467.93282184855,347.149354998313,1474.16653887153
3471.90495209989,1390.80347316957,1347.87543751923,300,2197.10600945949,1441.05719238168,2951.09278718701,300,1642.74162443973,3014.43204110602,494.660103051848,300,1390.50967282947,2816.93266834932,1830.71299092022,200,3442.44978534487,3299.59821898269,2514.16141978659,1759.25596267908,1327.25885624482,2220.78278054211,200,2813.81900730474,300,2514.8252543533,300,2467.93282184855,347.149354998313,1474.16653887153
3471.90495209989,1390.80347316957,1347.87543751923,300,2197.10600945949,1441.05719238168,2951.09278718701,300,1642.74162443973,3014.43204110602,494.660103051848,300,1390.50967282947,2816.93266834932,1830.71299092022,200,3442.44978534487,3299.59821898269,2514.16141978659,1759.25596267908,1327.25885624482,2220.78278054211,200,2813.81900730474,300,2514.8252543533,300,2467.93282184855,347.149354998313,1474.16653887153
