490.553617912901,960.066708150145,426.817236036541,408.587127022475,509.121861827216,463.332517006365,408.7429641586,516.20104922724,927.740864767769,733.781425584171,701.820512104341,2315.76159838735,1539.7936901068,526.01470512449,1307.71413651216,675.086535558713,816.705835742839,956.366859564132,403.820966272785,544.922073062527,503.795504393724,485.168091562223,524.782293249068,777.01456264125,526.778518367501,561.579494845473,479.478089586025,597.223764093522,865.795718693463,536.394998523429
459.858227176978,714.646531935789,415.260987714033,407.388492257845,494.590968787715,450.762027784301,406.800721963416,498.458485911066,912.590976527656,716.846334142644,691.876808471248,1406.78266752585,1539.74020026379,522.268624366712,1082.87302212852,629.432705890418,813.393758448815,940.683514143923,402.171470311479,544.604315434297,418.438659666467,477.598260791366,507.009310314253,705.650207109594,490.194630885343,474.55500018359,477.768165555629,564.683391460488,850.857250583033,530.739356318176
459.719493279949,634.784743237687,414.958839762019,407.386269075513,494.275959060275,450.429303463484,406.799694868253,498.279637383304,911.952459859644,712.812352333784,691.876528800969,1012.30281151475,1539.6958096276,522.216320210627,1081.8794092607,629.170261791342,813.086984864889,936.77093810079,402.166744488405,544.591720114885,418.069492179378,477.537917944005,504.959541375911,705.083379644639,489.584138460542,473.487971170368,477.752703077619,505.048117334771,850.678138481409,530.721686011806
459.691681463702,627.371333258451,414.694465170286,407.385660540544,494.275253309405,450.428880766855,406.799694866939,498.257186218178,911.697814599152,711.385579952122,691.876528797857,1002.43887870408,1539.65191869413,522.213454619548,1081.86745531944,629.169060990898,812.998535392137,935.544421318441,402.165780112825,544.586399356477,418.063442780853,477.53319447466,504.62794526167,704.922819296696,489.57022679396,473.423292828502,477.752280620664,497.513380229314,850.664931582518,530.714928779474
459.691674546737,627.359143227413,414.64266263463,407.385489730133,494.275253309301,450.428880766854,406.799694866939,498.257025111445,911.655951303835,711.261953779161,691.876528797857,1002.28147522118,1539.6065507875,522.186481231224,1081.86745531941,629.169060990082,812.535249233531,935.398677180763,402.165779824338,544.573021171053,418.063438145712,477.533030359817,504.614067147735,704.922818113023,489.570088287568,473.393792660469,477.75228060171,407.461540108581,850.609188394322,530.714624090753
459.691674546737,627.359143227413,414.642183827613,407.385447232489,494.275253309301,450.428880766854,406.799694866939,498.257025111445,911.638215031785,711.246937458199,691.876528797857,1002.28147522118,1539.56486245753,522.186104757789,1081.86745531941,629.169060990082,812.529256714457,935.397037137347,402.165779824338,544.573020592214,418.063164480655,477.533030359817,504.586928986795,704.922818113023,489.247089401637,473.391171432124,477.75228060171,407.453039808175,850.362139223066,530.714360492242
459.691674546737,627.359143227413,414.642183687904,407.385447231726,494.275253309301,450.428880766854,406.799694866939,498.257025111445,911.636619007526,711.246074651697,691.876528797857,1002.28147522118,1539.56476820293,522.186057994839,1081.86745531941,629.169060990082,812.529255956161,935.396603475729,402.165779824338,544.512393936815,417.967531616283,477.533030359817,504.586706869034,704.922818113023,489.232175576461,473.391116952029,477.75228060171,407.453039808175,850.36045298563,530.71436035751
459.691674546737,627.359143227413,414.642183687803,407.385447231723,494.275253309301,450.428880766854,406.799694866939,498.257025111445,911.636585920453,711.246054316904,691.876528797857,1002.28147522118,1539.56476818729,522.186057850257,1081.86745531941,629.169060990082,812.52924710593,935.396506222411,402.165779824338,544.512170610124,417.967531616283,477.533030359817,504.586706868269,704.922818113023,489.231834479473,473.391114085869,477.75228060171,407.453039808175,850.360451471985,530.714360356827
459.691674546737,627.359143227413,414.642183687752,407.385447231721,494.275253309301,450.428880766854,406.799694866939,498.257025111445,911.636564123418,711.246005649428,691.876528797857,1002.28147522118,1539.56476817502,522.186057850166,1081.86745531941,629.169060990082,812.529245621645,935.396505028367,402.165779824338,544.512158483575,417.934282980893,477.533030359817,504.586706867625,704.922818113023,489.231735544923,473.391114080455,477.75228060171,407.453039808175,850.360451471905,530.714360356823
459.691674546737,627.359143227413,414.642183687707,407.385447231718,494.275253309301,450.428880766854,406.799694866939,498.257025111445,911.636564086526,711.245990111988,691.876528797857,1002.28147522118,1539.56476817498,522.186057850085,1081.86745531941,629.169060990082,812.529245620633,935.396505028277,402.165779824338,544.512158476027,417.934237570561,477.533030359817,504.586706859899,704.922818113023,489.23173540382,473.391114080345,477.75228060171,407.453039808175,850.360451471863,530.714360356818
459.691674546737,627.359143227413,414.642183687652,407.385447231716,494.275253309301,450.428880766854,406.799694866939,498.257025111445,911.636564075248,711.24599001189,691.876528797857,1002.28147522118,1539.56476817441,522.186057842367,1081.86745531941,629.169060990082,812.529245620602,935.396505028259,402.165779824338,544.512158476007,417.934212424696,477.533030359817,504.586706855819,704.922818113023,489.231735396898,473.391114075355,477.75228060171,407.453039808175,850.360451471855,530.714360356813
459.691674546737,627.359143227413,414.642183687604,407.385447231714,494.275253309301,450.428880766854,406.799694866939,498.257025111445,911.636564075192,711.245989994945,691.876528797857,1002.28147522118,1539.56476817437,522.186055086894,1081.86745531941,629.169060990082,812.529245620578,935.39650502823,402.165779824338,544.512158475971,417.934212424696,477.533030359817,504.586705837375,704.922818113023,489.23171935211,473.391113629671,477.75228060171,407.453039808175,850.360451471854,530.714360356807
459.691674546737,627.359143227413,414.642183687569,407.385447231712,494.275253309301,450.428880766854,406.799694866939,498.257025111445,911.636564075176,711.245989961184,691.876528797856,1002.28147522118,1539.56476817435,522.186052467398,1081.86745531941,629.169060990082,812.529245620527,935.3965050282,402.165779824338,544.512158475217,417.934212424684,477.533030359817,504.586401584688,704.922818113023,489.231719350252,473.391110140576,477.75228060171,407.453039808175,850.360451471847,530.714360356797
459.691674546737,627.359143227413,414.642183687503,407.38544723171,494.275253309301,450.428880766854,406.799694866939,498.257025111445,911.636564075162,711.245989725802,691.876528797856,1002.28147522118,1539.56476817432,522.186025825467,1081.86745531941,629.169060990082,812.529245620515,935.396505028152,402.165779824337,544.512158469262,417.915857633971,477.533030359817,504.577944768024,704.922818113023,489.231719350184,473.391106738763,477.75228060171,407.453039808175,850.360451471844,530.714360356789
