430.295195377642,673.02661731981,706.987388923041,617.091975349349,710.176959724962,763.438352755961,665.927648567183,304.811300937713,439.967989133033,133.946231322181,749.460429239908,1136.52760724334,731.372809925516,666.770255751768,705.791467932911,769.528368398049,1048.07751470968,818.482852718393,687.430152732591,442.266792302403,590.711770148838,688.22997304199,652.043619291824,380.919051125353,744.525269113003,510.808245892859,847.803170540267,744.50429008975,381.590329286873,1200.26633430261
416.923523983946,625.050652317548,616.233150128176,417.085568731154,618.666425022206,691.396694756486,619.482288798445,300.000543657741,375.336628827475,0.347840101620477,636.734979259001,977.85143508468,619.553395466944,647.408106506188,518.330826390367,706.17645057818,984.128853814229,401.241674685968,603.681348169515,419.398072809422,465.837490205997,639.249816595212,604.887631590352,367.652126192191,686.138373876268,388.673012043189,595.866895608769,610.669553904399,361.906557477443,615.508305278483
388.943207059309,616.626564720248,612.351056482432,416.661808587975,613.180738613959,661.471968272926,615.902838648908,300.000000080622,369.150976468908,0.000194460316834011,594.346671840328,955.892565589673,614.890215581176,644.654777390766,419.260566148055,638.843710049428,978.018846249714,363.565500369406,601.606386535907,419.344348339281,415.295209364807,586.147497408385,595.474326063345,363.173073848493,622.615542301543,368.036406555602,583.836318885346,597.672260725452,300.897680989411,609.448518685459
367.077486990696,611.91950047693,611.841884113662,415.753725417174,611.868919768423,612.46117799305,611.938489252383,300,351.499713020738,2.04636307898909e-11,583.762886068667,941.370958988297,612.271814345295,644.199804467413,418.590401606348,612.411422284011,958.989485075749,300.000395488797,584.041734273004,419.036949914904,365.722524312247,583.763155161747,583.745780516645,300.005782456477,612.232325218415,356.586002129138,583.762216693511,583.752214785111,300.000000157673,583.827880774504
300.000000012788,611.821953530126,611.821808064661,415.727953717438,611.821808065386,611.821857230913,611.82180854613,300,300,4.54747350886464e-13,583.734041478476,934.897696626547,611.821808101298,644.131694685684,418.549228280093,611.821827252511,940.990029185349,300,583.734042066412,418.549228276616,300.00000000004,583.734041948028,583.745226265947,300,611.821812764808,300,583.745226265948,583.745226265994,300,583.734043399174
300,611.821808064656,611.821808064656,415.727953716806,611.821808064656,611.821808064656,611.821808064656,300,300,4.54747350886464e-13,583.734041404447,931.812925893555,611.821808064656,644.131694667389,418.549228276612,611.821808064656,931.922565183769,300,583.734041404447,418.549228276612,300,583.734041404447,583.745226265944,300,611.821808064656,300,583.745226265944,583.745226265944,300,583.734041404447
300,611.821808064656,611.821808064656,415.727953716806,611.821808064656,611.821808064656,611.821808064656,300,300,4.54747350886464e-13,583.734041404447,931.812925893533,611.821808064656,644.131694667389,418.549228276612,611.821808064656,931.812925893534,300,583.734041404447,418.549228276612,300,583.734041404447,583.745226265944,300,611.821808064656,300,583.745226265944,583.745226265944,300,583.734041404447
300,611.821808064656,611.821808064656,415.727953716806,611.821808064656,611.821808064656,611.821808064656,300,300,4.54747350886464e-13,583.734041404447,931.812925893533,611.821808064656,644.131694667389,418.549228276612,611.821808064656,931.812925893533,300,583.734041404447,418.549228276612,300,583.734041404447,583.745226265944,300,611.821808064656,300,583.745226265944,583.745226265944,300,583.734041404447
300,611.821808064656,611.821808064656,415.727953716806,611.821808064656,611.821808064656,611.821808064656,300,300,4.54747350886464e-13,583.734041404447,931.812925893533,611.821808064656,644.131694667389,418.549228276612,611.821808064656,931.812925893533,300,583.734041404447,418.549228276612,300,583.734041404447,583.745226265944,300,611.821808064656,300,583.745226265944,583.745226265944,300,583.734041404447
300,611.821808064656,611.821808064656,415.727953716806,611.821808064656,611.821808064656,611.821808064656,300,300,4.54747350886464e-13,583.734041404447,931.812925893533,611.821808064656,644.131694667389,418.549228276612,611.821808064656,931.812925893533,300,583.734041404447,418.549228276612,300,583.734041404447,583.745226265944,300,611.821808064656,300,583.745226265944,583.745226265944,300,583.734041404447
300,611.821808064656,611.821808064656,415.727953716806,611.821808064656,611.821808064656,611.821808064656,300,300,4.54747350886464e-13,583.734041404447,931.812925893533,611.821808064656,644.131694667389,418.549228276612,611.821808064656,931.812925893533,300,583.734041404447,418.549228276612,300,583.734041404447,583.745226265944,300,611.821808064656,300,583.745226265944,583.745226265944,300,583.734041404447
300,611.821808064656,611.821808064656,415.727953716806,611.821808064656,611.821808064656,611.821808064656,300,300,4.54747350886464e-13,583.734041404447,931.812925893533,611.821808064656,644.131694667389,418.549228276612,611.821808064656,931.812925893533,300,583.734041404447,418.549228276612,300,583.734041404447,583.745226265944,300,611.821808064656,300,583.745226265944,583.745226265944,300,583.734041404447
300,611.821808064656,611.821808064656,415.727953716806,611.821808064656,611.821808064656,611.821808064656,300,300,4.54747350886464e-13,583.734041404447,931.812925893533,611.821808064656,644.131694667389,418.549228276612,611.821808064656,931.812925893533,300,583.734041404447,418.549228276612,300,583.734041404447,583.745226265944,300,611.821808064656,300,583.745226265944,583.745226265944,300,583.734041404447
300,611.821808064656,611.821808064656,415.727953716806,611.821808064656,611.821808064656,611.821808064656,300,300,4.54747350886464e-13,583.734041404447,931.812925893533,611.821808064656,644.131694667389,418.549228276612,611.821808064656,931.812925893533,300,583.734041404447,418.549228276612,300,583.734041404447,583.745226265944,300,611.821808064656,300,583.745226265944,583.745226265944,300,583.734041404447
