5009.39090052106,6039.25877961629,6618.58996974424,6475.31843287044,3085.83661667546,3640.2091725165,2840.669730471,1879.35922140903,6279.29462398902,4104.2744721004,2762.44470386906,11398.1796381948,4602.27991837532,2467.97565977859,6468.69008119614,1478.274128398,2653.72195558729,3802.05872864589,5029.83770364997,2019.17780679106,2109.16277605811,5950.8277002599,5022.49331259009,1847.11335148296,1638.07843419641,1808.37750347054,2469.40780048357,3541.26061480583,1703.77843505691,3173.19360831935
3122.86440803027,4186.39373654998,5659.86603262449,5215.22819422451,1972.33831336499,3448.22011911133,2146.77169796308,1392.79583516716,4475.11809853881,2473.19653149541,2196.54297144699,10423.4042349967,3862.64382791842,1795.80796219115,4456.87039767827,1328.86663753377,2038.18431977966,2184.40020458677,3463.14456013019,1231.40944075236,920.72448128648,5126.49688784507,4049.68246816939,1561.51025831695,1459.3600671989,1313.08492127216,1654.73746370636,2824.28361550307,1436.72570060874,2651.61894208752
814.597329462674,1444.33106549169,2875.11886252793,2832.22774083132,1077.71868943035,2325.70316205897,1302.00179758972,859.262012902246,1782.00274648927,1778.34895700198,1479.87236466461,5436.31885162446,1807.11678604472,971.62549550323,1995.69405612842,1104.2894113613,1786.85209527197,1771.9298297896,1342.70025699236,605.110488180293,837.65211116873,2676.59022276708,1534.18277455786,1193.01108723547,1206.15810862366,1068.62894358226,1508.25624614141,1385.83714224468,1050.83512394129,2144.38749968869
651.741842182028,1050.23255940523,1367.5108148403,2107.28230880385,1077.71868943035,1394.79074653655,1133.8631393655,491.765811813643,1083.31083025571,1300.78515926004,1027.56038196125,2839.33292448612,1086.57996343665,894.470868893629,1505.61086767984,978.214818428258,1411.63703169187,1383.31987422163,1044.9718726822,507.816554881143,710.165819159469,1352.62284315496,1230.74265464655,930.021095692066,1163.10117845586,843.173791109978,1329.41072442682,1045.72583661049,594.311852042964,1984.06621630834
543.502551690478,770.749228209861,877.433890861047,1075.75069203364,959.012682855364,928.892728719522,862.298935086922,351.649881924124,809.900430250787,388.37030310831,879.306546145483,1409.64154634202,853.460109586759,721.040153665786,1021.70765252413,910.771159165587,1135.78299959547,1182.81957009368,820.152511259593,480.977328283715,636.128034142921,945.506447024016,834.981633458915,494.572258995719,946.381176941413,715.910470897034,1060.28160946225,929.624279424207,455.018997354236,1730.0605619207
430.295195377642,673.02661731981,706.987388923041,617.091975349349,710.176959724962,763.438352755961,665.927648567183,304.811300937713,439.967989133033,133.946231322181,749.460429239908,1136.52760724334,731.372809925516,666.770255751768,705.791467932911,769.528368398049,1048.07751470968,818.482852718393,687.430152732591,442.266792302403,590.711770148838,688.22997304199,652.043619291824,380.919051125353,744.525269113003,510.808245892859,847.803170540267,744.50429008975,381.590329286873,1200.26633430261
417.222700257502,631.624739988924,628.87713175947,419.386287300498,630.425987333878,698.252974729171,622.030516586743,300.028934459151,387.182581257274,6.35726414732517,660.045003609964,998.292324288342,636.952887190351,651.189647996342,605.169347605062,723.755978471366,990.346231739192,547.263683628839,614.29170284983,419.978165009985,524.649394039508,650.975490634845,608.521847555509,369.753577994434,705.183204100789,414.529533311852,610.022065195876,619.660304036477,366.666346442812,779.589719443286
416.612969326542,620.272024967418,613.049257469328,416.891989392865,614.095440497172,682.651920368272,616.826719012517,300.000004294999,371.279118734411,0.00635063429353977,605.425730988411,971.241220031915,615.56379691377,644.966228026413,427.198943060908,682.158379937139,979.186054920491,370.533126091233,601.807920507826,419.345475632706,422.151733469705,596.779719630792,601.966174315685,365.839150178004,651.937630987569,370.294463303794,584.621075923317,606.27854715435,324.962948091631,611.657497128336
369.552475704656,612.028328054795,611.884953951846,416.129683220554,611.977391965715,617.745920017024,613.083354509481,300.000000000024,365.313071565103,7.74048203311395e-08,584.544040787068,948.570538231112,614.472779412995,644.478016525424,418.65785439918,614.195765888285,970.192178505074,300.722229126358,594.796212843818,419.323615734766,367.910717178896,584.382484493482,583.7790516316,305.338341620658,612.746105786307,365.931941401064,583.782881882707,583.796711746223,300.000516206634,601.8329345197
363.109895032028,611.909286589343,611.833531822584,415.729444888138,611.826023738264,612.102978534645,611.842385089321,300,300.071575210602,9.09494701772928e-13,583.742751667149,940.059370476204,611.835734872777,644.166195724014,418.553110690617,611.948150567495,955.190259079862,300.000000013206,583.73655035769,418.549925560893,336.708741465147,583.742420514578,583.745291978139,300.00000013915,611.963321565678,300.017003815739,583.746764346023,583.750091169612,300.000000000003,583.740164389225
300.000000012788,611.821953530126,611.821808064661,415.727953717438,611.821808065386,611.821857230913,611.82180854613,300,300,4.54747350886464e-13,583.734041478476,934.897696626547,611.821808101298,644.131694685684,418.549228280093,611.821827252511,940.990029185349,300,583.734042066412,418.549228276616,300.00000000004,583.734041948028,583.745226265947,300,611.821812764808,300,583.745226265948,583.745226265994,300,583.734043399174
300,611.821808064656,611.821808064656,415.727953716806,611.821808064656,611.821808064656,611.821808064656,300,300,4.54747350886464e-13,583.734041404447,931.833042788844,611.821808064656,644.131694667389,418.549228276612,611.821808064656,940.383027566678,300,583.734041404447,418.549228276612,300,583.734041404447,583.745226265944,300,611.821808064656,300,583.745226265944,583.745226265944,300,583.734041404447
300,611.821808064656,611.821808064656,415.727953716806,611.821808064656,611.821808064656,611.821808064656,300,300,4.54747350886464e-13,583.734041404447,931.812925893533,611.821808064656,644.131694667389,418.549228276612,611.821808064656,931.814250028779,300,583.734041404447,418.549228276612,300,583.734041404447,583.745226265944,300,611.821808064656,300,583.745226265944,583.745226265944,300,583.734041404447
300,611.821808064656,611.821808064656,415.727953716806,611.821808064656,611.821808064656,611.821808064656,300,300,4.54747350886464e-13,583.734041404447,931.812925893533,611.821808064656,644.131694667389,418.549228276612,611.821808064656,931.812925893533,300,583.734041404447,418.549228276612,300,583.734041404447,583.745226265944,300,611.821808064656,300,583.745226265944,583.745226265944,300,583.734041404447
300,611.821808064656,611.821808064656,415.727953716806,611.821808064656,611.821808064656,611.821808064656,300,300,4.54747350886464e-13,583.734041404447,931.812925893533,611.821808064656,644.131694667389,418.549228276612,611.821808064656,931.812925893533,300,583.734041404447,418.549228276612,300,583.734041404447,583.745226265944,300,611.821808064656,300,583.745226265944,583.745226265944,300,583.734041404447
300,611.821808064656,611.821808064656,415.727953716806,611.821808064656,611.821808064656,611.821808064656,300,300,4.54747350886464e-13,583.734041404447,931.812925893533,611.821808064656,644.131694667389,418.549228276612,611.821808064656,931.812925893533,300,583.734041404447,418.549228276612,300,583.734041404447,583.745226265944,300,611.821808064656,300,583.745226265944,583.745226265944,300,583.734041404447
