8.46405608396759,7.80400819436989,8.68442943029805,252.139977671404,65.1807600277715,7.67382112030276,7.29717328177969,76.0195709870677,172.823394642947,119.812554488586,4.02305361812091,18.5443740362886,3.77610415694352,5.34368182869383,8.93785822854454,47.4689425885371,147.635892720734,37.0563366627828,69.7672825426401,11.848084766374,10.2065770769447,1.52030593196781,11.8526702553061,193.525717025816,91.8789840444186,5.45375863161252,138.367417558601,7.56116445896265,8.17974235822305,92.5742658660494
5.77449668022797,6.74788533446787,5.96539839379375,85.4247113371539,7.30762932989859,6.76107553556909,6.39844097630282,4.89606808217422,11.9775830438501,7.36392325327779,1.60911095220956,7.76079381527393,3.25105952167053,4.18154433058328,1.33830596858155,7.38892680122621,19.0700879614888,2.78107934280217,69.1786611512778,7.3850029920423,6.73075079143024,0.839070331656558,5.34401396449402,42.5412273471244,79.101011548996,4.76151063810886,6.53497421601702,6.48965720620686,7.01219974784726,81.4116859721029
4.59349913456617,5.43429112146634,4.89430094891446,5.38290045952539,6.30523166056838,5.91252519873103,5.4272166839059,4.20643323474116,5.03131171911741,6.4252943236225,1.24184042276681,6.73354500022526,2.50811381977621,3.41916333814299,0.973623923490322,6.340940864191,4.3292728316062,2.0632563165521,68.2368383772275,6.29358244348663,5.59107544000608,0.661329548869901,4.72142664792602,6.53513413854705,7.64876281871403,4.20314971039187,5.62537990423738,5.40364104600178,6.10935382440363,45.253078361788
3.27736127235096,3.89891325406626,3.72079180092561,3.80732174196157,4.25759502607281,4.35742995366473,3.94904167057916,2.94112814656438,3.62863642278313,4.66776117580258,0.66193741514644,4.92735533723237,1.47888720966682,1.8832628909168,0.553530656441183,4.48866018062893,2.71866885086649,1.18035717775342,20.3521124488242,4.71771388017714,4.33480479156822,0.402228861671404,3.53131175428138,4.70058524445119,5.70017270484306,3.06383542447799,4.1674955747784,4.01930771498803,4.50797045839823,5.78389568051472
0.846249745013722,1.18487651578062,1.14298260271073,1.02993425426268,1.55966232977511,1.52741521993642,1.16564530258563,0.720434915978046,1.04325339900953,1.60632410915707,0.21634722377479,2.08401245308141,0.323757414543536,0.413072919297008,0.199915575582907,1.7552806271496,0.708156752246907,0.321406900723844,4.27394488985203,1.57163900647032,1.62004432083489,0.160544607696124,0.875215833993991,1.78415871932316,2.3976893220667,0.764720236064989,1.50715935535254,1.28585786144055,1.7459291195425,2.25761296135505
0.0997541155548447,0.128972961021532,0.135492331842897,0.124525724668729,0.165821633096982,0.173967041681976,0.118665121456615,0.0984758264635275,0.12809527570613,0.169400241042922,0.0480350484252199,0.183063786233106,0.0673077306985306,0.077235631801102,0.0501903977574898,0.182178869020277,0.107648801405162,0.0637848196802793,0.342713377101234,0.161282666618831,0.13995784007534,0.0425197048363088,0.124415620180514,0.196068012714136,0.211320648468131,0.114745624281511,0.154282640383201,0.144328094697585,0.154791721050401,0.221958371947949
0.0262005563340608,0.0333110788267277,0.0423399662752217,0.0347359244822201,0.0433235736977622,0.0414416465142153,0.0336533746616396,0.0274567440020519,0.035577241344356,0.0434522258717607,0.0159417244407791,0.0479562508180038,0.0186222098373605,0.0252544351050688,0.0178792475156229,0.0487978168201266,0.0290626677099795,0.0203421914841329,0.0716830769322314,0.038735699652932,0.0374410328878412,0.0149532558796182,0.0353984339616886,0.0475020181783634,0.0511833676133051,0.0311429076130025,0.0387701786426078,0.0375991869107111,0.0362823843436217,0.0476496618917963
0.00937643771499097,0.0106615519561046,0.0141363978743243,0.0113694797445305,0.0136818157110952,0.0145516981483524,0.0118173727040016,0.00875273595988801,0.0114574326744332,0.0156099488008294,0.00552273974398076,0.0143659256534079,0.00693119326405167,0.00901432622868015,0.00669846848307998,0.0137124057584401,0.0098549306439395,0.00687285693408057,0.0222198747674156,0.0126290654016543,0.0128943231072185,0.00547714650201669,0.012001101015187,0.0140266361069621,0.0165594123793085,0.00942343544505775,0.0121650588873194,0.0123310227546085,0.0126351393524828,0.0139338609188826
0.00358398136603455,0.00359672419403978,0.00495494692597731,0.0042872152629343,0.00490816666251703,0.00540642862893037,0.00414657697535858,0.00307108624895136,0.00415906920392217,0.00519410006842236,0.00198993363335376,0.0052073096887284,0.00249142957864024,0.00308577791088283,0.0026015350358648,0.00506859998620257,0.00312361220727553,0.00255661078006142,0.00760950010777606,0.00448381924877594,0.00429212926917444,0.00181276921392737,0.00451182955248441,0.00550953892206962,0.00608136726197017,0.00354326249390624,0.00468231348122572,0.00479025107051712,0.00413849933170241,0.00490779015115095
0.0013152490784023,0.00152996530903238,0.00216539068844668,0.00173655727695632,0.00167744996878127,0.00192693418608769,0.00163351954421387,0.00116306719513659,0.00164136790857583,0.00176381431771233,0.000753066965842208,0.00190660158881428,0.00104890594735707,0.00132639407394208,0.00107913454831987,0.00188874887714974,0.00115812479248234,0.00105437270633502,0.00283932240694185,0.00172942018974709,0.00153259461603739,0.000766501215252902,0.00175801731978709,0.00187151487227766,0.00228109717511416,0.00119723074334388,0.00188722131065333,0.00183198679849284,0.00161840193209173,0.00190372261806715
0.000526159671665027,0.000598483438409403,0.000910217942248437,0.000632930483334349,0.000695284607218127,0.000698838645860178,0.000644545998284229,0.000473879616038175,0.000647955457338867,0.000658579842422569,0.000306531355477091,0.000728418774713191,0.000419149166475563,0.00052569527366586,0.000534034249199067,0.000737373826609655,0.000450135015285014,0.000381143650940885,0.0010664706412058,0.000725161243053662,0.000596100007896894,0.000312375175496982,0.000718763650695564,0.000710763624681476,0.000816579333786649,0.00048865772288309,0.000758699116772732,0.000713435207671864,0.000649811544121803,0.000705010472529466
0.000214810225315887,0.000241627818411416,0.000463854126337537,0.000247656806379837,0.000271187636656123,0.000271121759226389,0.000276417462430345,0.000187472674383571,0.000272147786745336,0.000265817350566522,0.000115099583013034,0.000281842047172631,0.000163764683293266,0.000207086461898598,0.000310188722835392,0.000294271503094024,0.000180830119461461,0.000140492956973048,0.000416671888956444,0.000250726976503302,0.000243716301270069,0.000124988369236689,0.000324222745234692,0.000256141126499188,0.000317888473830408,0.000197759016316468,0.000284769190614043,0.000292137828580508,0.000257832676766157,0.000287907355755124
8.63332436438213e-05,9.50710280562816e-05,0.000291396244904263,9.71260287201403e-05,0.000110243822859957,0.000104287765509525,0.000109568326024601,6.59457487586224e-05,0.000101755440653051,0.000113955926451581,4.61274562439939e-05,0.000106895615260783,6.17846332033878e-05,8.51984852943133e-05,0.000230118946319635,0.000113166577193624,6.95714476819376e-05,5.97325562807782e-05,0.000164234341070824,9.53143309061488e-05,0.000100941485015937,4.3262569477065e-05,0.000130593654319,9.43380117632842e-05,0.000125333213873091,8.66709891624851e-05,0.000119169605909519,0.000116700414196202,0.000101638229295986,0.00011209590661565
3.83247308946011e-05,3.7869232983212e-05,0.000229427223189305,3.75921905515497e-05,4.54799557019214e-05,4.44534276766717e-05,4.30132905648861e-05,2.66160186583875e-05,4.12606526083437e-05,4.68971695113396e-05,1.94778584727828e-05,4.08185154583407e-05,2.51234224606378e-05,3.30654144704567e-05,0.000199614635960188,4.57931974437997e-05,2.78294603504037e-05,2.19616472350026e-05,6.75421932214704e-05,3.77381371663432e-05,3.82187878358309e-05,1.78132663108954e-05,6.48758407351124e-05,4.00151965322948e-05,5.59228784595689e-05,3.55334989308176e-05,4.75462252893522e-05,4.73597223731304e-05,4.13815067190626e-05,4.62811794363915e-05
