333.292801289168,307.428040229617,287.531143962023,443.700792715027,51.1925800526274,279.593695977581,143.524572647117,325.337634686225,244.75335607291,171.34099817291,51.2036710010092,159.19050185201,273.306218645351,102.479780094487,521.318695133333,156.205089314738,213.414782880959,57.7218124789076,244.750624980906,233.811989446281,118.399266272211,431.785173151563,48.6159625979085,223.860459760208,187.043109807758,195.999831010864,49.7487245256739,220.894063735738,345.238188340296,386.026202358435
333.292627658787,307.427571269654,287.524934850507,443.700779757457,31.8391250385523,279.57672934687,132.333151012808,325.337404041043,244.753279304548,171.31190442337,36.814266089003,159.190025241138,261.673868196945,102.479534236836,521.317768411503,156.205085622693,213.326585126887,25.8732546245602,244.750527037988,233.811661103595,118.399067316363,431.784966547621,23.8818490655549,223.860298728477,187.043098443982,195.999809866977,49.7477153025249,220.875823573282,345.238056428028,386.025969776864
333.292627658667,307.427571269583,287.524934848407,443.700779757434,31.8386141707539,279.576729317299,132.327411096358,325.337404040987,244.753279304536,171.311738452591,36.8133437014216,159.190025241123,261.667853691564,102.479534236606,521.317768411367,156.20508562269,213.325457976244,25.8688901119262,244.750527037736,233.811661103068,118.399067316344,431.784966547603,23.8789568332895,223.860298728159,187.043098443981,195.999809866976,49.7477153024306,220.875823536451,345.238056427998,386.0259697768
333.292627658667,307.427571269583,287.524934848407,443.700779757434,31.8386141688229,279.576729317299,132.327411092123,325.337404040987,244.753279304536,171.311737906756,36.8133436434299,159.190025241123,261.667853677005,102.479534236606,521.317768411367,156.20508562269,213.32545293734,25.8688900986158,244.750527037736,233.811661103068,118.399067316344,431.784966547603,23.8789568255338,223.860298728159,187.043098443981,195.999809866976,49.7477153024306,220.875823536451,345.238056427998,386.0259697768
333.292627658667,307.427571269583,287.524934848407,443.700779757434,31.8386141688229,279.576729317299,132.327411092123,325.337404040987,244.753279304536,171.311737906756,36.8133436434299,159.190025241123,261.667853677005,102.479534236606,521.317768411367,156.20508562269,213.32545293734,25.8688900986158,244.750527037736,233.811661103068,118.399067316344,431.784966547603,23.8789568255338,223.860298728159,187.043098443981,195.999809866976,49.7477153024306,220.875823536451,345.238056427998,386.0259697768
333.292627658667,307.427571269583,287.524934848407,443.700779757434,31.8386141688229,279.576729317299,132.327411092123,325.337404040987,244.753279304536,171.311737906756,36.8133436434299,159.190025241123,261.667853677005,102.479534236606,521.317768411367,156.20508562269,213.32545293734,25.8688900986158,244.750527037736,233.811661103068,118.399067316344,431.784966547603,23.8789568255338,223.860298728159,187.043098443981,195.999809866976,49.7477153024306,220.875823536451,345.238056427998,386.0259697768
333.292627658667,307.427571269583,287.524934848407,443.700779757434,31.8386141688229,279.576729317299,132.327411092123,325.337404040987,244.753279304536,171.311737906756,36.8133436434299,159.190025241123,261.667853677005,102.479534236606,521.317768411367,156.20508562269,213.32545293734,25.8688900986158,244.750527037736,233.811661103068,118.399067316344,431.784966547603,23.8789568255338,223.860298728159,187.043098443981,195.999809866976,49.7477153024306,220.875823536451,345.238056427998,386.0259697768
333.292627658667,307.427571269583,287.524934848407,443.700779757434,31.8386141688229,279.576729317299,132.327411092123,325.337404040987,244.753279304536,171.311737906756,36.8133436434299,159.190025241123,261.667853677005,102.479534236606,521.317768411367,156.20508562269,213.32545293734,25.8688900986158,244.750527037736,233.811661103068,118.399067316344,431.784966547603,23.8789568255338,223.860298728159,187.043098443981,195.999809866976,49.7477153024306,220.875823536451,345.238056427998,386.0259697768
333.292627658667,307.427571269583,287.524934848407,443.700779757434,31.8386141688229,279.576729317299,132.327411092123,325.337404040987,244.753279304536,171.311737906756,36.8133436434299,159.190025241123,261.667853677005,102.479534236606,521.317768411367,156.20508562269,213.32545293734,25.8688900986158,244.750527037736,233.811661103068,118.399067316344,431.784966547603,23.8789568255338,223.860298728159,187.043098443981,195.999809866976,49.7477153024306,220.875823536451,345.238056427998,386.0259697768
333.292627658667,307.427571269583,287.524934848407,443.700779757434,31.8386141688229,279.576729317299,132.327411092123,325.337404040987,244.753279304536,171.311737906756,36.8133436434299,159.190025241123,261.667853677005,102.479534236606,521.317768411367,156.20508562269,213.32545293734,25.8688900986158,244.750527037736,233.811661103068,118.399067316344,431.784966547603,23.8789568255338,223.860298728159,187.043098443981,195.999809866976,49.7477153024306,220.875823536451,345.238056427998,386.0259697768
333.292627658667,307.427571269583,287.524934848407,443.700779757434,31.8386141688229,279.576729317299,132.327411092123,325.337404040987,244.753279304536,171.311737906756,36.8133436434299,159.190025241123,261.667853677005,102.479534236606,521.317768411367,156.20508562269,213.32545293734,25.8688900986158,244.750527037736,233.811661103068,118.399067316344,431.784966547603,23.8789568255338,223.860298728159,187.043098443981,195.999809866976,49.7477153024306,220.875823536451,345.238056427998,386.0259697768
333.292627658667,307.427571269583,287.524934848407,443.700779757434,31.8386141688229,279.576729317299,132.327411092123,325.337404040987,244.753279304536,171.311737906756,36.8133436434299,159.190025241123,261.667853677005,102.479534236606,521.317768411367,156.20508562269,213.32545293734,25.8688900986158,244.750527037736,233.811661103068,118.399067316344,431.784966547603,23.8789568255338,223.860298728159,187.043098443981,195.999809866976,49.7477153024306,220.875823536451,345.238056427998,386.0259697768
333.292627658667,307.427571269583,287.524934848407,443.700779757434,31.8386141688229,279.576729317299,132.327411092123,325.337404040987,244.753279304536,171.311737906756,36.8133436434299,159.190025241123,261.667853677005,102.479534236606,521.317768411367,156.20508562269,213.32545293734,25.8688900986158,244.750527037736,233.811661103068,118.399067316344,431.784966547603,23.8789568255338,223.860298728159,187.043098443981,195.999809866976,49.7477153024306,220.875823536451,345.238056427998,386.0259697768
333.292627658667,307.427571269583,287.524934848407,443.700779757434,31.8386141688229,279.576729317299,132.327411092123,325.337404040987,244.753279304536,171.311737906756,36.8133436434299,159.190025241123,261.667853677005,102.479534236606,521.317768411367,156.20508562269,213.32545293734,25.8688900986158,244.750527037736,233.811661103068,118.399067316344,431.784966547603,23.8789568255338,223.860298728159,187.043098443981,195.999809866976,49.7477153024306,220.875823536451,345.238056427998,386.0259697768
