387.030474508846,347.526053375447,316.430375517375,449.499486961613,305.627410731102,343.979418727768,384.324923014507,346.135875987692,266.972929605788,230.478431519206,422.18444714686,230.446032747694,618.160422531199,141.439666514509,573.187308967075,189.671481518741,235.255555785605,549.561495470808,264.750125205858,318.305686624058,160.420310591268,466.443609801948,364.683350780788,269.388230153134,219.371694791391,215.349007086843,145.392116539033,309.569490581673,396.404703863029,462.310244240497
370.026806736379,333.777953253152,306.272094294817,449.499486961613,254.695440503789,329.218644640626,378.284195559975,341.072609781365,251.452641239195,205.788645701739,391.696909583281,183.151870641733,583.828035126136,125.008186524548,543.447961222064,173.526642815258,225.743569249545,509.86698566763,260.686053492632,275.647217489807,142.766047748954,452.532282475901,343.930924178301,240.324106284683,199.709095756267,200.249504855613,100.672316849693,286.623923712581,374.471516096333,422.379295113223
342.74610189934,313.434146131624,304.989708256888,447.841118945545,164.228632990536,296.557727809655,334.611890916688,329.644430701411,247.980760236984,193.412469930802,367.222235204772,169.549791784033,527.861327724504,113.479112030237,527.427299034343,162.776329927125,220.601649942288,476.93337797712,247.813095951571,242.820316821132,137.590181341061,439.535048053025,281.134380604226,228.368780523097,188.961707637526,197.867664106136,79.6771106049631,254.064929075889,354.348959803472,400.76024312669
334.310793140384,308.489689382994,300.070552375237,444.092881981271,80.5118891171842,291.080685177383,244.015831196325,325.885082575171,245.309795056346,173.028338118593,296.510873247702,161.279480320213,465.139883030142,106.164232260775,521.658796689032,156.620205347158,214.49720853329,253.797468641715,245.099082978644,236.280306436945,119.647866697089,432.91184592766,168.232320132835,225.263778080002,187.332964128376,196.202041964416,50.983824759462,239.621644849372,345.997943259736,389.544074496352
333.347822673975,307.467976935419,288.007368599299,443.717181493515,71.3527378941685,280.702460944013,158.396034338334,325.409540371583,244.766781136057,172.270396462434,118.583312492771,159.249315892114,352.207875686341,102.534204448421,521.372263790267,156.209510299543,213.489890793316,57.7218124789076,244.768535740196,233.886910957001,118.469448754519,431.818461806683,93.0748063227903,223.902013906153,187.04544050674,196.00385985462,50.052188932038,222.036181414742,345.247235881004,386.064590485864
333.292801289168,307.428040229617,287.531143962023,443.700792715027,51.1925800526274,279.593695977581,143.524572647117,325.337634686225,244.75335607291,171.34099817291,51.2036710010092,159.19050185201,273.306218645351,102.479780094487,521.318695133333,156.205089314738,213.414782880959,57.7218124789076,244.750624980906,233.811989446281,118.399266272211,431.785173151563,48.6159625979085,223.860459760208,187.043109807758,195.999831010864,49.7487245256739,220.894063735738,345.238188340296,386.026202358435
333.292627688964,307.427571319583,287.524935697722,443.700779768762,31.968455486401,279.576733607242,132.523244582058,325.337404088226,244.753279316612,171.312970142431,36.9487785183514,159.190025272207,261.832413194053,102.479534371089,521.317768583933,156.205085624654,213.344389569863,26.078794457355,244.750527082393,233.811661136418,118.399067335013,431.784966559966,24.2357470718631,223.860298868772,187.043098444275,195.999809868114,49.7477153459038,220.875836173494,345.238056457232,386.025969862355
333.292627658667,307.427571269583,287.524934848407,443.700779757434,31.8386150675358,279.576729317306,132.3274137408,325.337404040987,244.753279304536,171.31175828753,36.8133496575481,159.190025241123,261.667866316133,102.479534236606,521.317768411367,156.20508562269,213.325550410779,25.8689009776141,244.750527037736,233.811661103069,118.399067316344,431.784966547603,23.8789635171987,223.860298728159,187.043098443981,195.999809866976,49.7477153024307,220.875823536486,345.238056427998,386.0259697768
333.292627658667,307.427571269583,287.524934848407,443.700779757434,31.8386141688229,279.576729317299,132.327411092123,325.337404040987,244.753279304536,171.311737906833,36.81334364343,159.190025241123,261.667853677005,102.479534236606,521.317768411367,156.20508562269,213.325452937435,25.8688900986158,244.750527037736,233.811661103068,118.399067316344,431.784966547603,23.8789568255338,223.860298728159,187.043098443981,195.999809866976,49.7477153024306,220.875823536451,345.238056427998,386.0259697768
333.292627658667,307.427571269583,287.524934848407,443.700779757434,31.8386141688229,279.576729317299,132.327411092123,325.337404040987,244.753279304536,171.311737906756,36.8133436434299,159.190025241123,261.667853677005,102.479534236606,521.317768411367,156.20508562269,213.32545293734,25.8688900986158,244.750527037736,233.811661103068,118.399067316344,431.784966547603,23.8789568255338,223.860298728159,187.043098443981,195.999809866976,49.7477153024306,220.875823536451,345.238056427998,386.0259697768
333.292627658667,307.427571269583,287.524934848407,443.700779757434,31.8386141688229,279.576729317299,132.327411092123,325.337404040987,244.753279304536,171.311737906756,36.8133436434299,159.190025241123,261.667853677005,102.479534236606,521.317768411367,156.20508562269,213.32545293734,25.8688900986158,244.750527037736,233.811661103068,118.399067316344,431.784966547603,23.8789568255338,223.860298728159,187.043098443981,195.999809866976,49.7477153024306,220.875823536451,345.238056427998,386.0259697768
333.292627658667,307.427571269583,287.524934848407,443.700779757434,31.8386141688229,279.576729317299,132.327411092123,325.337404040987,244.753279304536,171.311737906756,36.8133436434299,159.190025241123,261.667853677005,102.479534236606,521.317768411367,156.20508562269,213.32545293734,25.8688900986158,244.750527037736,233.811661103068,118.399067316344,431.784966547603,23.8789568255338,223.860298728159,187.043098443981,195.999809866976,49.7477153024306,220.875823536451,345.238056427998,386.0259697768
333.292627658667,307.427571269583,287.524934848407,443.700779757434,31.8386141688229,279.576729317299,132.327411092123,325.337404040987,244.753279304536,171.311737906756,36.8133436434299,159.190025241123,261.667853677005,102.479534236606,521.317768411367,156.20508562269,213.32545293734,25.8688900986158,244.750527037736,233.811661103068,118.399067316344,431.784966547603,23.8789568255338,223.860298728159,187.043098443981,195.999809866976,49.7477153024306,220.875823536451,345.238056427998,386.0259697768
333.292627658667,307.427571269583,287.524934848407,443.700779757434,31.8386141688229,279.576729317299,132.327411092123,325.337404040987,244.753279304536,171.311737906756,36.8133436434299,159.190025241123,261.667853677005,102.479534236606,521.317768411367,156.20508562269,213.32545293734,25.8688900986158,244.750527037736,233.811661103068,118.399067316344,431.784966547603,23.8789568255338,223.860298728159,187.043098443981,195.999809866976,49.7477153024306,220.875823536451,345.238056427998,386.0259697768
333.292627658667,307.427571269583,287.524934848407,443.700779757434,31.8386141688229,279.576729317299,132.327411092123,325.337404040987,244.753279304536,171.311737906756,36.8133436434299,159.190025241123,261.667853677005,102.479534236606,521.317768411367,156.20508562269,213.32545293734,25.8688900986158,244.750527037736,233.811661103068,118.399067316344,431.784966547603,23.8789568255338,223.860298728159,187.043098443981,195.999809866976,49.7477153024306,220.875823536451,345.238056427998,386.0259697768
333.292627658667,307.427571269583,287.524934848407,443.700779757434,31.8386141688229,279.576729317299,132.327411092123,325.337404040987,244.753279304536,171.311737906756,36.8133436434299,159.190025241123,261.667853677005,102.479534236606,521.317768411367,156.20508562269,213.32545293734,25.8688900986158,244.750527037736,233.811661103068,118.399067316344,431.784966547603,23.8789568255338,223.860298728159,187.043098443981,195.999809866976,49.7477153024306,220.875823536451,345.238056427998,386.0259697768
