1318.58426078544,1400.83640452823,1419.97933725328,1053.78462472526,1098.83178291349,878.141947406074,812.855799493043,675.891560485166,1046.58832468375,1062.89580161311,534.111328927105,701.650499523813,860.70463884892,1237.40431445839,1604.8585928803,869.227660165539,1301.43794949939,1690.41203320494,1573.43716425591,1015.85340677783,935.371474140336,918.498222531538,738.984760813399,873.838904595367,873.745932177056,1315.00909436234,464.064850334997,1278.63442727751,1013.51154688759,1131.57389274095
1290.94943286729,1382.79040967359,1398.561776631,1050.91444955549,1098.83178291349,764.862419990788,795.038814205766,672.798448721914,1040.17083032295,1062.89580161311,518.353112968963,696.196860529076,846.210516403464,1218.26907628822,1535.54720786994,867.550025968085,1262.36198484,1687.12773007257,1556.25191445495,1000.09472510659,928.549959796904,908.452830311715,723.69360192721,871.198704795925,873.242655819811,1311.09921002933,462.603024469565,1276.90961579618,1008.16046840758,1106.0496650013
1265.41707741323,1376.38614287637,1397.49951588406,1040.23288674261,1074.69755493615,306.475101240748,787.066077663584,665.25040373397,1033.7841093105,1053.91182048807,511.439102672896,684.994491414498,836.216736832637,1214.66043005018,1457.88191663097,859.358442588271,1252.66361889862,1679.13925058918,1455.45622394747,989.800767706052,912.944173523219,906.183927638172,700.946344821421,864.640990862367,868.667312474521,1296.90721792389,445.72792516679,1255.31309329398,1002.94034537464,1087.80354080401
1256.69825096653,1376.26783577598,1394.28250474286,1038.09847257736,1068.89731621828,190.524327463952,782.083707080454,657.903964227158,1032.2653554645,1052.3642577307,501.189344474327,681.036131225973,833.495746772739,1206.77283740985,914.835171466766,852.460705212042,1244.17430008581,1677.5309104714,774.011264094274,984.942273291497,911.024505555064,903.482677030172,693.068689494933,856.34264228254,856.205945268609,1294.88068708285,441.618130957472,1235.23027753711,1000.59948230548,1083.34621493591
1255.25910803381,1375.66792386227,1393.38601677929,1037.95821303479,1068.42142812625,103.874174389644,781.507797696135,656.629709219542,1032.15444317339,1052.20718826888,494.468831464125,680.780114779454,833.076619343816,1205.29859704774,203.871546981096,850.985665478559,1243.32011113911,1677.25148860593,209.895619601894,984.73460289996,910.527748599513,903.279951701808,691.657900911332,855.036374088366,855.743448618923,1294.25818419819,440.768226632667,1233.90015511895,1000.31973001289,1082.48157557152
1255.22381403232,1375.65892755984,1393.37103810067,1037.94976038964,1068.40207008213,66.6650548041836,781.499437735101,656.622478169008,1032.15272475307,1052.20212258771,494.374082849327,680.769810885413,833.048118130853,1205.25951102656,74.43191706256,850.959467139032,1243.2776310508,1677.24904331741,83.5892479174389,984.729974105023,910.476582750957,903.274729807392,691.644024314262,855.000684354419,855.705285219052,1294.23019988858,440.738220593198,1233.82827738112,1000.31521470639,1082.45566058968
1255.22349836376,1375.65889723726,1393.37093050557,1037.9497245934,1068.40200990857,17.8891219663432,781.499421619292,656.622429185357,1032.15271933683,1052.20209815839,494.373631258139,680.769782055591,833.048086734554,1205.25936437702,61.5401905489823,850.959337979277,1243.27760028839,1677.2490412785,53.8976611010323,984.729949026081,910.476477665576,903.274656629254,691.643967911225,855.000351765835,855.70525562714,1294.2301254649,440.738093719536,1233.82787260223,1000.31519277263,1082.45541594579
1255.22349832977,1375.65889723511,1393.37093048133,1037.94972458757,1068.40200989395,17.8614226861922,781.499421617666,656.622429169999,1032.15271933516,1052.20209815706,494.373631245978,680.769782050332,833.04808673147,1205.25936435669,36.3404804590581,850.95933796567,1243.27760028599,1677.24904127823,45.9430354968541,984.729949022503,910.476477659349,903.274656581695,691.643967899758,855.000351746351,855.705255625289,1294.23012545961,440.738093690429,1233.82787258388,1000.31519277065,1082.45541575493
1255.22349832977,1375.65889723511,1393.37093048133,1037.94972458757,1068.40200989395,17.8614224556115,781.499421617666,656.622429169999,1032.15271933516,1052.20209815706,494.373631245978,680.769782050332,833.04808673147,1205.25936435669,36.3389756471179,850.95933796567,1243.27760028599,1677.24904127823,45.9384392058664,984.729949022503,910.476477659349,903.274656581695,691.643967899758,855.000351746351,855.705255625289,1294.23012545961,440.738093690429,1233.82787258388,1000.31519277065,1082.45541575493
1255.22349832977,1375.65889723511,1393.37093048133,1037.94972458757,1068.40200989395,17.8614224556115,781.499421617666,656.622429169999,1032.15271933516,1052.20209815706,494.373631245978,680.769782050332,833.04808673147,1205.25936435669,36.3389756470038,850.95933796567,1243.27760028599,1677.24904127823,45.9384392058648,984.729949022503,910.476477659349,903.274656581695,691.643967899758,855.000351746351,855.705255625288,1294.23012545961,440.738093690429,1233.82787258388,1000.31519277065,1082.45541575493
1255.22349832977,1375.65889723511,1393.37093048133,1037.94972458757,1068.40200989395,17.8614224556115,781.499421617666,656.622429169999,1032.15271933516,1052.20209815706,494.373631245978,680.769782050331,833.04808673147,1205.25936435669,36.3389756470038,850.95933796567,1243.27760028599,1677.24904127823,45.9384392058648,984.729949022503,910.476477659349,903.274656581695,691.643967899758,855.000351746351,855.705255625288,1294.23012545961,440.738093690429,1233.82787258388,1000.31519277065,1082.45541575493
1255.22349832977,1375.65889723511,1393.37093048133,1037.94972458757,1068.40200989395,17.8614224556115,781.499421617666,656.622429169999,1032.15271933516,1052.20209815706,494.373631245978,680.769782050331,833.04808673147,1205.25936435669,36.3389756470038,850.95933796567,1243.27760028599,1677.24904127823,45.9384392058648,984.729949022503,910.476477659349,903.274656581695,691.643967899758,855.000351746351,855.705255625288,1294.23012545961,440.738093690429,1233.82787258388,1000.31519277065,1082.45541575493
1255.22349832977,1375.65889723511,1393.37093048133,1037.94972458757,1068.40200989395,17.8614224556115,781.499421617666,656.622429169999,1032.15271933516,1052.20209815706,494.373631245978,680.769782050331,833.04808673147,1205.25936435669,36.3389756470038,850.95933796567,1243.27760028599,1677.24904127823,45.9384392058648,984.729949022502,910.476477659349,903.274656581695,691.643967899758,855.000351746351,855.705255625288,1294.23012545961,440.738093690429,1233.82787258388,1000.31519277065,1082.45541575493
1255.22349832977,1375.65889723511,1393.37093048133,1037.94972458757,1068.40200989395,17.8614224556115,781.499421617666,656.622429169999,1032.15271933516,1052.20209815706,494.373631245978,680.769782050331,833.04808673147,1205.25936435669,36.3389756470038,850.95933796567,1243.27760028599,1677.24904127823,45.9384392058648,984.729949022502,910.476477659348,903.274656581695,691.643967899758,855.000351746351,855.705255625288,1294.23012545961,440.738093690429,1233.82787258388,1000.31519277065,1082.45541575493
1255.22349832977,1375.65889723511,1393.37093048133,1037.94972458757,1068.40200989395,17.8614224556115,781.499421617666,656.622429169999,1032.15271933516,1052.20209815706,494.373631245978,680.769782050331,833.04808673147,1205.25936435669,36.3389756470038,850.95933796567,1243.27760028599,1677.24904127823,45.9384392058647,984.729949022502,910.476477659348,903.274656581695,691.643967899758,855.000351746351,855.705255625288,1294.23012545961,440.738093690429,1233.82787258388,1000.31519277065,1082.45541575493
1255.22349832977,1375.65889723511,1393.37093048133,1037.94972458757,1068.40200989395,17.8614224556115,781.499421617666,656.622429169999,1032.15271933516,1052.20209815706,494.373631245978,680.769782050331,833.04808673147,1205.25936435669,36.3389756470038,850.95933796567,1243.27760028599,1677.24904127823,45.9384392058647,984.729949022502,910.476477659348,903.274656581695,691.643967899758,855.000351746351,855.705255625288,1294.23012545961,440.738093690429,1233.82787258388,1000.31519277065,1082.45541575493
