1255.22381403232,1375.65892755984,1393.37103810067,1037.94976038964,1068.40207008213,66.6650548041836,781.499437735101,656.622478169008,1032.15272475307,1052.20212258771,494.374082849327,680.769810885413,833.048118130853,1205.25951102656,74.43191706256,850.959467139032,1243.2776310508,1677.24904331741,83.5892479174389,984.729974105023,910.476582750957,903.274729807392,691.644024314262,855.000684354419,855.705285219052,1294.23019988858,440.738220593198,1233.82827738112,1000.31521470639,1082.45566058968
1255.22349832982,1375.65889723511,1393.37093048136,1037.94972458759,1068.40200989396,17.8615051073541,781.499421617672,656.622429170016,1032.15271933516,1052.20209815706,494.37363124602,680.769782050349,833.048086731474,1205.25936435672,37.4832664003725,850.959337965698,1243.27760028599,1677.24904127823,46.9626296183461,984.729949022514,910.47647765939,903.274656581732,691.643967899783,855.00035174638,855.70525562529,1294.23012545963,440.738093690487,1233.82787258389,1000.31519277065,1082.45541575548
1255.22349832977,1375.65889723511,1393.37093048133,1037.94972458757,1068.40200989395,17.8614224556825,781.499421617666,656.622429169999,1032.15271933516,1052.20209815706,494.373631245978,680.769782050332,833.04808673147,1205.25936435669,36.3389873502514,850.95933796567,1243.27760028599,1677.24904127823,45.9384441146025,984.729949022503,910.476477659349,903.274656581695,691.643967899758,855.000351746351,855.705255625289,1294.23012545961,440.738093690429,1233.82787258388,1000.31519277065,1082.45541575493
1255.22349832977,1375.65889723511,1393.37093048133,1037.94972458757,1068.40200989395,17.8614224556115,781.499421617666,656.622429169999,1032.15271933516,1052.20209815706,494.373631245978,680.769782050332,833.04808673147,1205.25936435669,36.338975647004,850.95933796567,1243.27760028599,1677.24904127823,45.9384392058648,984.729949022503,910.476477659349,903.274656581695,691.643967899758,855.000351746351,855.705255625289,1294.23012545961,440.738093690429,1233.82787258388,1000.31519277065,1082.45541575493
1255.22349832977,1375.65889723511,1393.37093048133,1037.94972458757,1068.40200989395,17.8614224556115,781.499421617666,656.622429169999,1032.15271933516,1052.20209815706,494.373631245978,680.769782050331,833.04808673147,1205.25936435669,36.3389756470038,850.95933796567,1243.27760028599,1677.24904127823,45.9384392058648,984.729949022503,910.476477659349,903.274656581695,691.643967899758,855.000351746351,855.705255625288,1294.23012545961,440.738093690429,1233.82787258388,1000.31519277065,1082.45541575493
1255.22349832977,1375.65889723511,1393.37093048133,1037.94972458757,1068.40200989395,17.8614224556115,781.499421617666,656.622429169999,1032.15271933516,1052.20209815706,494.373631245978,680.769782050331,833.04808673147,1205.25936435669,36.3389756470038,850.95933796567,1243.27760028599,1677.24904127823,45.9384392058648,984.729949022503,910.476477659349,903.274656581695,691.643967899758,855.000351746351,855.705255625288,1294.23012545961,440.738093690429,1233.82787258388,1000.31519277065,1082.45541575493
1255.22349832977,1375.65889723511,1393.37093048133,1037.94972458757,1068.40200989395,17.8614224556115,781.499421617666,656.622429169999,1032.15271933516,1052.20209815706,494.373631245978,680.769782050331,833.04808673147,1205.25936435669,36.3389756470038,850.95933796567,1243.27760028599,1677.24904127823,45.9384392058648,984.729949022502,910.476477659349,903.274656581695,691.643967899758,855.000351746351,855.705255625288,1294.23012545961,440.738093690429,1233.82787258388,1000.31519277065,1082.45541575493
1255.22349832977,1375.65889723511,1393.37093048133,1037.94972458757,1068.40200989395,17.8614224556115,781.499421617666,656.622429169999,1032.15271933516,1052.20209815706,494.373631245978,680.769782050331,833.04808673147,1205.25936435669,36.3389756470038,850.95933796567,1243.27760028599,1677.24904127823,45.9384392058648,984.729949022502,910.476477659348,903.274656581695,691.643967899758,855.000351746351,855.705255625288,1294.23012545961,440.738093690429,1233.82787258388,1000.31519277065,1082.45541575493
1255.22349832977,1375.65889723511,1393.37093048133,1037.94972458757,1068.40200989395,17.8614224556115,781.499421617666,656.622429169999,1032.15271933516,1052.20209815706,494.373631245978,680.769782050331,833.04808673147,1205.25936435669,36.3389756470038,850.95933796567,1243.27760028599,1677.24904127823,45.9384392058648,984.729949022502,910.476477659348,903.274656581695,691.643967899758,855.000351746351,855.705255625288,1294.23012545961,440.738093690429,1233.82787258388,1000.31519277065,1082.45541575493
1255.22349832977,1375.65889723511,1393.37093048133,1037.94972458757,1068.40200989395,17.8614224556115,781.499421617666,656.622429169999,1032.15271933516,1052.20209815706,494.373631245978,680.769782050331,833.04808673147,1205.25936435669,36.3389756470038,850.95933796567,1243.27760028599,1677.24904127823,45.9384392058647,984.729949022502,910.476477659348,903.274656581695,691.643967899758,855.000351746351,855.705255625288,1294.23012545961,440.738093690429,1233.82787258388,1000.31519277065,1082.45541575493
1255.22349832977,1375.65889723511,1393.37093048133,1037.94972458757,1068.40200989395,17.8614224556115,781.499421617666,656.622429169999,1032.15271933516,1052.20209815706,494.373631245978,680.769782050331,833.04808673147,1205.25936435669,36.3389756470038,850.95933796567,1243.27760028599,1677.24904127823,45.9384392058647,984.729949022502,910.476477659348,903.274656581695,691.643967899758,855.000351746351,855.705255625288,1294.23012545961,440.738093690429,1233.82787258388,1000.31519277065,1082.45541575493
1255.22349832977,1375.65889723511,1393.37093048133,1037.94972458757,1068.40200989395,17.8614224556115,781.499421617666,656.622429169999,1032.15271933516,1052.20209815706,494.373631245978,680.769782050331,833.04808673147,1205.25936435669,36.3389756470038,850.95933796567,1243.27760028599,1677.24904127823,45.9384392058647,984.729949022502,910.476477659348,903.274656581695,691.643967899758,855.000351746351,855.705255625288,1294.23012545961,440.738093690429,1233.82787258388,1000.31519277065,1082.45541575493
1255.22349832977,1375.65889723511,1393.37093048133,1037.94972458757,1068.40200989395,17.8614224556115,781.499421617666,656.622429169999,1032.15271933516,1052.20209815706,494.373631245978,680.769782050331,833.04808673147,1205.25936435669,36.3389756470038,850.95933796567,1243.27760028599,1677.24904127823,45.9384392058647,984.729949022502,910.476477659348,903.274656581695,691.643967899758,855.000351746351,855.705255625288,1294.23012545961,440.738093690429,1233.82787258388,1000.31519277065,1082.45541575493
1255.22349832977,1375.65889723511,1393.37093048133,1037.94972458757,1068.40200989395,17.8614224556115,781.499421617666,656.622429169999,1032.15271933516,1052.20209815706,494.373631245978,680.769782050331,833.04808673147,1205.25936435669,36.3389756470038,850.95933796567,1243.27760028599,1677.24904127823,45.9384392058647,984.729949022502,910.476477659348,903.274656581695,691.643967899758,855.000351746351,855.705255625288,1294.23012545961,440.738093690429,1233.82787258388,1000.31519277065,1082.45541575493
