108.449282066371,208.95059942987,267.632265565717,150.235870144316,171.130040284309,245.747627616995,252.916869999937,275.953840471903,169.941896491657,109.44428733194,318.377350481207,54.7227747410972,95.5152399369964,175.107881004011,50.4256530928717,145.262403034302,105.46517106081,90.5408462045989,146.257428221338,228.817323782986,234.811372834709,230.827131773264,169.138685967242,134.318322869639,171.129998030408,263.655338816673,249.660100278104,86.5666443901268,226.844944910266,249.169290672221
108.449202018277,208.938454302242,267.632218700673,150.235484772709,171.129716752564,245.747400084731,252.891369060787,275.930285752713,169.688272534139,109.444266369411,318.376363207094,54.7225612853501,95.515160593331,175.107710013513,16.9161781385095,145.262276781718,105.4647006952,90.5407226057632,146.257232518225,228.797055111073,234.805545973511,230.826964445234,169.138435068321,134.317989304026,171.129919347691,263.655282247689,249.572628026826,86.5605847721743,226.844881574348,249.139513429434
108.449202018266,208.938454295927,267.632218700647,150.235484772677,171.129716132987,245.747400084723,252.889730206308,275.929414666359,169.68576761742,109.444266369402,318.376363206656,54.7225612852993,95.5151605932967,175.107710013476,16.9142888626998,145.262276781675,105.464700695163,90.5407226057603,146.257232518188,228.796917884748,234.805545972175,230.82696444521,169.138435068252,134.317989303944,171.129919347687,263.655282247666,249.566474525863,86.5605847692402,226.844881574342,249.133887830278
108.449202018266,208.938454295927,267.632218700647,150.235484772677,171.129716100575,245.747400084723,252.889725697344,275.929408682494,169.685764125759,109.444266369402,318.376363206656,54.7225612852993,95.5151605932967,175.107710013476,16.9142888571288,145.262276781675,105.464700695163,90.5407226057603,146.257232518187,228.796916995454,234.805545972175,230.82696444521,169.138435068252,134.317989303944,171.129919347687,263.655282247666,249.566369834344,86.5605847692402,226.844881574342,249.133813490833
108.449202018266,208.938454295927,267.632218700647,150.235484772677,171.129716100575,245.747400084723,252.889725697343,275.929408682494,169.685764125759,109.444266369402,318.376363206656,54.7225612852993,95.5151605932967,175.107710013476,16.9142888571288,145.262276781675,105.464700695163,90.5407226057603,146.257232518187,228.796916995453,234.805545972175,230.82696444521,169.138435068252,134.317989303944,171.129919347687,263.655282247666,249.566369834344,86.5605847692402,226.844881574342,249.133813490829
108.449202018266,208.938454295927,267.632218700647,150.235484772676,171.129716100575,245.747400084723,252.889725697343,275.929408682494,169.685764125759,109.444266369402,318.376363206656,54.7225612852993,95.5151605932967,175.107710013476,16.9142888571288,145.262276781675,105.464700695163,90.5407226057603,146.257232518187,228.796916995453,234.805545972175,230.82696444521,169.138435068252,134.317989303944,171.129919347687,263.655282247666,249.566369834344,86.5605847692402,226.844881574342,249.133813490829
108.449202018266,208.938454295927,267.632218700647,150.235484772676,171.129716100575,245.747400084723,252.889725697343,275.929408682494,169.685764125759,109.444266369402,318.376363206656,54.7225612852993,95.5151605932967,175.107710013476,16.9142888571288,145.262276781675,105.464700695163,90.5407226057603,146.257232518187,228.796916995453,234.805545972175,230.82696444521,169.138435068252,134.317989303944,171.129919347687,263.655282247666,249.566369834344,86.5605847692402,226.844881574342,249.133813490829
108.449202018266,208.938454295927,267.632218700647,150.235484772676,171.129716100575,245.747400084723,252.889725697343,275.929408682494,169.685764125759,109.444266369402,318.376363206656,54.7225612852993,95.5151605932967,175.107710013476,16.9142888571288,145.262276781675,105.464700695163,90.5407226057603,146.257232518187,228.796916995453,234.805545972175,230.82696444521,169.138435068252,134.317989303944,171.129919347687,263.655282247666,249.566369834344,86.5605847692402,226.844881574342,249.133813490829
108.449202018266,208.938454295927,267.632218700647,150.235484772676,171.129716100575,245.747400084723,252.889725697343,275.929408682494,169.685764125759,109.444266369402,318.376363206656,54.7225612852993,95.5151605932967,175.107710013476,16.9142888571288,145.262276781675,105.464700695163,90.5407226057603,146.257232518187,228.796916995453,234.805545972175,230.82696444521,169.138435068252,134.317989303944,171.129919347687,263.655282247666,249.566369834344,86.5605847692402,226.844881574342,249.133813490829
108.449202018266,208.938454295927,267.632218700647,150.235484772676,171.129716100575,245.747400084723,252.889725697343,275.929408682494,169.685764125759,109.444266369402,318.376363206656,54.7225612852993,95.5151605932967,175.107710013476,16.9142888571288,145.262276781675,105.464700695163,90.5407226057603,146.257232518187,228.796916995453,234.805545972175,230.82696444521,169.138435068252,134.317989303944,171.129919347687,263.655282247666,249.566369834344,86.5605847692402,226.844881574342,249.133813490829
108.449202018266,208.938454295927,267.632218700647,150.235484772676,171.129716100575,245.747400084723,252.889725697343,275.929408682494,169.685764125759,109.444266369402,318.376363206656,54.7225612852993,95.5151605932967,175.107710013476,16.9142888571288,145.262276781675,105.464700695163,90.5407226057603,146.257232518187,228.796916995453,234.805545972175,230.82696444521,169.138435068252,134.317989303944,171.129919347687,263.655282247666,249.566369834344,86.5605847692402,226.844881574342,249.133813490829
108.449202018266,208.938454295927,267.632218700647,150.235484772676,171.129716100575,245.747400084723,252.889725697343,275.929408682494,169.685764125759,109.444266369402,318.376363206656,54.7225612852993,95.5151605932967,175.107710013476,16.9142888571288,145.262276781675,105.464700695163,90.5407226057603,146.257232518187,228.796916995453,234.805545972175,230.82696444521,169.138435068252,134.317989303944,171.129919347687,263.655282247666,249.566369834344,86.5605847692402,226.844881574342,249.133813490829
108.449202018266,208.938454295927,267.632218700647,150.235484772676,171.129716100575,245.747400084723,252.889725697343,275.929408682494,169.685764125759,109.444266369402,318.376363206656,54.7225612852993,95.5151605932967,175.107710013476,16.9142888571288,145.262276781675,105.464700695163,90.5407226057603,146.257232518187,228.796916995453,234.805545972175,230.82696444521,169.138435068252,134.317989303944,171.129919347687,263.655282247666,249.566369834344,86.5605847692402,226.844881574342,249.133813490829
108.449202018266,208.938454295927,267.632218700647,150.235484772676,171.129716100575,245.747400084723,252.889725697343,275.929408682494,169.685764125759,109.444266369402,318.376363206656,54.7225612852993,95.5151605932967,175.107710013476,16.9142888571288,145.262276781675,105.464700695163,90.5407226057603,146.257232518187,228.796916995453,234.805545972175,230.82696444521,169.138435068252,134.317989303944,171.129919347687,263.655282247666,249.566369834344,86.5605847692402,226.844881574342,249.133813490829
