3006.07795785667,1744.32143887203,4176.20972837416,3534.99769058028,4592.63194880148,4526.2075655758,6080.19396533454,3289.03039620637,4495.82982466899,3990.77854335077,2574.6170797253,4261.05692609807,2842.90609681308,2627.27777798543,2533.03761481519,2833.48260696654,1714.55123483048,2992.99643048999,2911.47163117738,2717.90990820587,2880.48683817992,5369.09029219509,4247.21458493098,7828.67131802905,4650.92342010104,3352.65666105148,1715.75842828826,6000.95409185744,5479.1146705845,3026.42104382719
3003.22960018189,1743.20439472211,4110.20159163427,3529.63538138035,4529.79530585022,4395.42132891236,6000.88941577574,3281.2620957428,4494.84265504766,3986.12622589503,2563.60283927704,4260.03686615467,2839.2348782546,2620.49474297607,2531.18349751756,2815.71454982038,1653.82047887997,2972.60991326263,2911.41042146147,2716.47460940934,2878.14004878239,5353.06751710062,4246.06562715856,7787.70133608699,4563.98550858084,3321.05964765882,1713.37022309432,5997.65542302446,5461.77841868431,2988.26365471581
3003.21490014461,1743.20270604845,4109.54329356636,3528.57383083106,4529.24546012352,4175.63675540872,5999.88307262254,3274.34338726339,4494.84256207501,3986.06565180374,2563.6014718536,4260.03678282065,2839.21213096494,2620.4945681953,2531.11313003938,2815.56948971426,1653.42084353425,2970.70530974047,2911.4104202776,2716.1935388334,2877.98594234681,5340.92112391741,4245.80783042585,7787.69719094699,4523.51189906042,3319.94801574494,1713.36907559926,5995.3896023185,5461.75881511924,2979.67280868311
3003.21488816691,1743.2027059297,4109.54271657937,3528.02147114669,4529.24541257962,4162.29879460308,5999.88295788887,3274.01055128259,4494.84256207377,3986.06559578285,2563.60147184619,4260.03678281821,2839.20282505923,2620.49456819468,2530.85177609282,2815.56932581751,1653.42012220538,2970.31773322732,2911.41042027759,2715.87742865158,2876.89712541028,5340.86223478945,4245.6080414305,7787.69719039993,4520.28043922776,3319.63339475614,1713.36475815934,5988.83753981367,5461.75881507969,2977.44785297279
3003.2148881669,1743.2027059297,4109.54271657812,3527.9656420455,4529.24541257961,4159.02393431804,5999.88295788887,3273.95265238,4494.84256207377,3986.06559578284,2563.60147184619,4260.03678281821,2839.20270006242,2620.49456819468,2530.46013818015,2815.56932581744,1653.42012220536,2970.30448304021,2911.41042027759,2715.36152556956,2874.99567117046,5340.86222682348,4245.56095562148,7787.69719039993,4520.2780760797,3319.61686287644,1713.35709282758,5988.68684171974,5461.75881507969,2975.86966154909
3003.2148881669,1743.2027059297,4109.54271657812,3527.96495318004,4529.24541257961,4158.99304977331,5999.88295788887,3273.94990935532,4494.84256207377,3986.06559578284,2563.60147184619,4260.03678281821,2839.20270006204,2620.49456819468,2530.39365722452,2815.56932581744,1653.42012220536,2970.30448175896,2911.41042027759,2715.27634761646,2874.99567104286,5340.86222682348,4245.5562074953,7787.69719039993,4520.2780760797,3319.61685568949,1713.35104050038,5988.68509966441,5461.75881507969,2975.78362330838
3003.2148881669,1743.2027059297,4109.54271657812,3527.96495255379,4529.24541257961,4158.99304797504,5999.88295788887,3273.94972943506,4494.84256207377,3986.06559578284,2563.60147184619,4260.03678281821,2839.20270006204,2620.49456819468,2530.39359939617,2815.56932581744,1653.42012220536,2970.30448175896,2911.41042027759,2715.27463472441,2874.99567104286,5340.86222682348,4245.55602096309,7787.69719039993,4520.2780760797,3319.61685568949,1713.34949579159,5988.68508067301,5461.75881507969,2975.77781978015
3003.2148881669,1743.2027059297,4109.54271657812,3527.96495254761,4529.24541257961,4158.99304797503,5999.88295788887,3273.94972901774,4494.84256207377,3986.06559578284,2563.60147184619,4260.03678281821,2839.20270006204,2620.49456819468,2530.39359937871,2815.56932581744,1653.42012220536,2970.30448175896,2911.41042027759,2715.27462397571,2874.99567104286,5340.86222682348,4245.55600534222,7787.69719039993,4520.2780760797,3319.61685568949,1713.34890592951,5988.68507832964,5461.75881507969,2975.77697731349
3003.2148881669,1743.2027059297,4109.54271657812,3527.96495254759,4529.24541257961,4158.99304797503,5999.88295788887,3273.94972901412,4494.84256207377,3986.06559578284,2563.60147184619,4260.03678281821,2839.20270006204,2620.49456819468,2530.3935993787,2815.56932581744,1653.42012220536,2970.30448175896,2911.41042027759,2715.27462384181,2874.99567104286,5340.86222682348,4245.55600061437,7787.69719039993,4520.2780760797,3319.61685568949,1713.34854330146,5988.68507832171,5461.75881507969,2975.77671510011
3003.2148881669,1743.2027059297,4109.54271657812,3527.96495254759,4529.24541257961,4158.99304797503,5999.88295788887,3273.94972901397,4494.84256207377,3986.06559578284,2563.60147184619,4260.03678281821,2839.20270006204,2620.49456819468,2530.3935993787,2815.56932581744,1653.42012220536,2970.30448175896,2911.41042027759,2715.2746238403,2874.99567104286,5340.86222682348,4245.55600024023,7787.69719039993,4520.2780760797,3319.61685568949,1713.34843070741,5988.68507832148,5461.75881507969,2975.77664136682
3003.2148881669,1743.2027059297,4109.54271657812,3527.96495254759,4529.24541257961,4158.99304797503,5999.88295788887,3273.94972901397,4494.84256207377,3986.06559578284,2563.60147184619,4260.03678281821,2839.20270006204,2620.49456819468,2530.3935993787,2815.56932581744,1653.42012220536,2970.30448175896,2911.41042027759,2715.2746238403,2874.99567104286,5340.86222682348,4245.5560001731,7787.69719039993,4520.2780760797,3319.61685568949,1713.34836455805,5988.68507832147,5461.75881507969,2975.77661626196
3003.2148881669,1743.2027059297,4109.54271657812,3527.96495254759,4529.24541257961,4158.99304797503,5999.88295788887,3273.94972901396,4494.84256207377,3986.06559578284,2563.60147184619,4260.03678281821,2839.20270006204,2620.49456819468,2530.3935993787,2815.56932581744,1653.42012220536,2970.30448175896,2911.41042027759,2715.2746238403,2874.99567104286,5340.86222682348,4245.55600016002,7787.69719039993,4520.2780760797,3319.61685568949,1713.34833460939,5988.68507832147,5461.75881507969,2975.77660961573
3003.2148881669,1743.2027059297,4109.54271657812,3527.96495254759,4529.24541257961,4158.99304797503,5999.88295788887,3273.94972901396,4494.84256207377,3986.06559578284,2563.60147184619,4260.03678281821,2839.20270006204,2620.49456819468,2530.3935993787,2815.56932581744,1653.42012220536,2970.30448175896,2911.41042027759,2715.2746238403,2874.99567104286,5340.86222682348,4245.55600015838,7787.69719039993,4520.2780760797,3319.61685568949,1713.34832175363,5988.68507832146,5461.75881507969,2975.7766075912
3003.2148881669,1743.2027059297,4109.54271657812,3527.96495254759,4529.24541257961,4158.99304797503,5999.88295788887,3273.94972901396,4494.84256207377,3986.06559578284,2563.60147184619,4260.03678281821,2839.20270006204,2620.49456819468,2530.3935993787,2815.56932581744,1653.42012220536,2970.30448175896,2911.41042027759,2715.2746238403,2874.99567104286,5340.86222682348,4245.55600015787,7787.69719039993,4520.2780760797,3319.61685568949,1713.34831599297,5988.68507832146,5461.75881507969,2975.7766066786
