8339.25181481583
656.676063842265
1115.66970731991
4510.07791977701
4936.17704588024
2650.72528453363
0.903844795173015
644.933170062449
1586.20070744537
1350.45332062931
2139.11559751192
1143.403828923
184.793711434174
637.632262706562
8988.81684349036
87.639076863316
6949.99143069223
2981.07118576372
4201.09123732615
4287.36365460419
961.320389717439
1994.23549851882
1148.58914395895
7937.5989903713
1516.88258693005
1977.33427400958
4290.76080849494
3070.68569395013
5211.01836711975
100.474437294303
