1305.57252461143
1668.78882687611
1856.29007085658
1731.15029027744
1798.2218579573
1116.65357896182
2255.29156708875
1224.60950853099
2183.15696245031
1596.5979286246
1998.0552402063
2304.7789114729
1056.00835689575
2371.45187695837
1768.56041262492
2608.27171898258
2006.0844137379
2324.05147733142
1868.30699260454
2324.11241495759
1918.62894851539
1786.3988235054
2398.76917611528
1119.91692488641
1740.28201555405
1616.51835753055
1029.78681220563
1542.14474325144
2312.28737946878
1379.69902283682
