20.8940340401105
108.169866427349
55.4382985631498
223.853969782972
141.280612977063
134.316936552778
105.463647944488
93.5245859557285
110.436143758878
244.467208865253
144.262630430271
89.2651169677943
145.978007347594
125.361696027282
240.772237380262
125.36042849424
40.7927821804749
110.438417994929
117.401849099629
44.7726133710037
50.7419109772529
57.428827769475
65.666256404387
73.6257157161497
41.788047883505
90.2615767584534
13.9293914891364
32.8334466420165
98.4989388696081
88.5498159048063
