8397.44835824364
14958.0966635217
6312.08490830688
12579.4758346108
12493.0012462099
20535.4889594845
3936.74190914532
3630.70648882406
4031.1957854978
4392.1700349586
6223.5629711183
1173.07013705639
1885.62824899447
580.528402952829
5910.63788758905
3333.84221551279
2484.96631074093
7514.1176577605
11947.916352197
1012.86579210969
9957.2178625268
16764.13680903
22906.4018044173
11302.4018583979
2667.75350368187
20927.7392463735
2119.72480500217
2718.33635683082
5985.80598336124
9901.73613683244
