7366.73340314117
3545.12862038916
911.3487039021
9228.97824422484
21294.4788031373
9882.47158119204
317.761539840785
10063.2523338696
644.404596687748
16418.3082978474
12285.2435695873
13257.7880056083
1935.62600546413
22097.5893432412
612.241047502023
133.374695835585
2238.8656667896
14760.5340789026
846.17348861842
3773.26226451589
1380.92116573533
3094.61282523643
4917.26058307284
1537.00764554772
23570.2138129442
3639.18260381047
8850.50267780179
5962.42419965649
1124.19890173358
1892.23486382296
