708.267774644331
407.292161648623
359.955631480282
729.370042908552
577.355752001728
812.532795723201
249.427304026654
436.572562712239
563.970799501181
179.470474213304
566.884108326867
221.672282222171
717.796789899905
598.479052697323
121.157211261141
567.739857777067
454.987268850384
576.635047827612
313.711228954291
550.347599656528
609.9361536818
359.693441374815
1.70224314013694
581.854501228591
253.409638089453
636.445293196252
669.172141821138
703.591396773503
657.490799160244
481.997438962344
