347.917036312273
351.760080017339
381.520237256725
72.8091437775388
546.271655466662
371.402690472676
652.97462510902
360.303807826402
266.79893580045
813.395103505708
431.426165239237
887.710146257498
191.033594970718
74.3628208129442
374.663949994021
147.402221615979
89.2164123537639
311.606904240195
336.482780011837
913.133644672052
243.248071388191
176.431881498605
500.297965519809
372.185877604288
783.223044622159
375.960318216569
367.447738892231
444.061455281793
401.645779955845
505.503507174769
