11047.6082686178
4874.11626328436
8193.43329426043
8468.74039855734
364.13961749251
5603.84036323592
1080.7627917466
13320.8175079512
2409.67969938239
5858.55266461071
3330.50544479703
10169.7845928239
8151.80980559025
166.537033999793
6834.3279658459
6458.78225257711
7427.36776250055
2602.98606452371
2537.58639238056
8951.42858984
11536.7603742863
862.066406640181
11890.2276008683
7289.51480898274
14475.2507392528
10298.0370103061
6547.81017023891
29382.6834227116
5482.11227921754
5089.09857901891
