472.064625658308
376.270960348589
307.09390928023
480.158104427463
783.442566260925
513.58207114459
251.99872157997
401.023768552527
875.2828172109
826.43882735944
480.69314152715
257.767064417762
475.587709649053
412.763776497756
656.149080267572
284.352067727633
99.5176648121342
602.244456145361
811.274117840124
965.900629418622
220.821366485538
214.629207875662
550.280197097391
576.361685787072
416.261919986963
516.291896254939
181.410651384877
334.205300039263
525.442922421559
465.991361396943
