2023.12149248182
1759.00785421318
1898.72609124801
2886.48732539423
2565.07767699384
2309.61978846859
3125.15001883289
1784.7509978269
1717.03138779904
100.287844979069
1605.39851858575
1852.37463061576
2645.45905738334
1633.0507523324
1784.47964353645
1921.88794421477
1738.60677683673
1818.0641305997
100.552790700623
2488.92508073408
2577.83795159505
2410.7053203283
2599.02859378696
2247.51848724382
2162.69373271594
2167.17742237719
1490.8564335742
1625.13668806402
2795.96686634936
2889.03078897799
