446.251639717046
446.090550622187
398.494811401194
443.898380675209
200.000000000001
398.413835062342
444.916400840677
399.584967871679
529.562136010677
471.051186262926
397.886175368897
449.324126407043
444.046525744006
451.293601406889
398.479496994974
399.542004990272
524.248401964162
443.405968278911
445.337581269675
397.833387588731
399.584967871679
443.648079620488
445.901868965855
397.835683018444
399.584967871679
446.156390103059
449.394279007974
449.732778083088
446.578315914634
452.068519847436
