1354.10160175708
594.11218990115
564.329895743547
446.138693928845
920.615513414869
398.433363805883
406.768014017364
493.341195710401
495.791228030766
1090.0651068628
404.651304791551
909.198356478459
415.13882231565
2068.72269213481
485.98124688081
404.976092000527
416.617218806894
445.538302658365
803.360156132157
568.325040513101
438.529888245293
983.578614805388
402.27039436086
518.932742335739
449.224471391793
407.102889946572
709.016173396806
575.846258660722
1793.24033486927
606.035083534841
