520.517519359127
433.840246025145
764.648291443026
826.968832521592
917.282092361667
772.761038297119
419.788039960767
613.544090183151
600.372507777531
791.698435112664
790.717830957993
732.203533987078
714.563984061608
502.300090113158
489.777432104557
941.008215827596
528.108013314056
326.539314044192
774.844007835828
574.378248980033
587.310053087617
657.435934972402
565.467906916937
449.428332733404
380.786123754259
491.139762858692
532.538655207063
349.52696332561
447.868617657386
517.607728417309
