2204.67726924656
2493.51308469856
6365.29845933821
1360997.26947632
2168.38192561291
11155.7549440783
8564.58775974454
1268049.46135255
19551.8012205735
4669.72523022361
951636.464323534
11613.7371590549
1287351.81087886
1230655.95792631
1361584.01479889
5037.63017659175
11284.7489735863
5081.77703642381
4650.38033509056
22430.5434164606
10513.0263094724
4997.23431611031
1530179.93930947
1311581.26487363
917470.088756454
1597.82411861999
4160.20752786711
4479.79419016812
12556.7197289871
1425818.73305675
