333.292627658667
307.427571269583
287.524934848407
443.700779757434
31.8386141688229
279.576729317299
132.327411092123
325.337404040987
244.753279304536
171.311737906756
36.8133436434299
159.190025241123
261.667853677005
102.479534236606
521.317768411367
156.20508562269
213.32545293734
25.8688900986158
244.750527037736
233.811661103068
118.399067316344
431.784966547603
23.8789568255338
223.860298728159
187.043098443981
195.999809866976
49.7477153024306
220.875823536451
345.238056427998
386.0259697768
