117.634330177741
76.7145749443379
69.8180474845836
84.6552842336069
103.906837105604
126.328170278226
127.392104675408
93.4039415085098
97.2540856699749
113.279203805715
95.6068155074945
85.6489237795585
87.7332679942776
67.5484794161911
110.13902655548
103.446053567731
62.2492885696033
69.4607691666417
83.2869971961336
132.671072613983
119.006743871265
76.1613060196524
61.2522400324317
79.1765642482374
115.743131159091
78.4475561952647
81.6125967153699
103.91486480062
73.9271044838449
76.0835815111457
