3003.2148881669
1743.2027059297
4109.54271657812
3527.96495254759
4529.24541257961
4158.99304797503
5999.88295788887
3273.94972901396
4494.84256207377
3986.06559578284
2563.60147184619
4260.03678281821
2839.20270006204
2620.49456819468
2530.3935993787
2815.56932581744
1653.42012220536
2970.30448175896
2911.41042027759
2715.2746247085
2874.99567104286
5340.86222682348
4245.55600015787
7787.69719039993
4520.2780760797
3319.61685568949
1713.34831599297
5988.68507832146
5461.75881507969
2975.7766066786
