17.939148788208
2242.13746272038
3945.75080948225
423.734821314534
1452.92916882275
172.92323156598
69.2505411584962
153.829895971391
155.037610892987
4998.54412984837
3176.19292989148
729.193330867245
15.8514846377101
2474.07615229872
5369.6055361293
1559.69633515833
381.709838439184
273.126627777387
2268.19121550407
1049.4715244347
1958.30475906269
4495.03555478387
1016.87074789435
1225.32517854002
3558.43133320365
280.319489113878
213.543708079698
803.651946752741
565.718917634358
2961.89852553556
