130.341746600074
55.7210905111422
118.402014439291
121.10427126466
172.841029638676
80.5996622721159
124.379851025079
132.561982115125
41.7940986014919
90.5394834796698
48.7775367440338
54.721748951167
65.3881058402649
58.7025755830998
106.486700060309
38.8119235929057
24.8836978710799
59.7186712501073
88.5522109818853
58.7144574745196
112.568871431877
34.8268091116604
26.8780850239382
126.357683226548
141.280602290307
188.04580928179
125.372520624079
39.802503905478
84.5755376677066
116.129162643722
