577.291279701687
3391.80220092361
33449.7234726528
18526.2695936346
20613.9150556274
694.523480085819
7328.13461509021
9919.44917529986
5299.22033449495
4059.37128754163
17714.7644042981
721.578268128812
1702.3745696042
5712.44446482326
22466.258490037
21001.3660222597
25765.0938627566
2254.12786405294
21414.4547375006
15949.9587790562
1448.9103457568
2288.07605372147
3289.04251371632
18518.2854012809
14650.1682872375
945.180572283379
4037.94155252796
6256.7243822214
34238.573447435
13136.660598297
