495.411646540112
7539.23761777968
9362.77614035979
12523.8780694601
96.6615716136168
138.254702195258
3864.58174623973
4933.55313656201
18566.3152770845
930.213070907777
98.3681988534229
13496.1928305609
5721.45676761958
942.608696056016
145.356495165791
632.360503910571
2037.97632582034
150.017514406175
14477.9295963909
148.293189993368
350.089306175
5701.28363054538
13801.2865406616
16144.2897562091
3500.34491873629
1168.78696601706
16214.6876523988
12277.7444595507
867.797628251221
471.928524736719
