9412.12907515356
16179.2626041923
22811.1763085423
4490.26788353815
10691.0424934108
11958.8808492503
4563.73845095604
2417.24756779047
351.498060024354
235.824481905024
72.0966432632031
75.6949524937927
6325.18313314243
1935.37382441488
14863.9132294887
14709.3091435196
126.903937112501
4116.98811577777
21925.9893633533
117.015489401398
456.232130350769
6465.22046718005
29688.1359288612
6930.01730609153
14317.7772320415
6873.4324143028
3734.98725102758
23208.2979368044
1625.73209267396
295.805724854466
