600.18582920596
935.516021819039
553.299483784413
763.897405393797
619.873313035188
646.348848305788
364.495841650058
404.178675098756
571.510009758052
556.704044038332
603.387657722489
422.338156423857
661.059346994536
2.12612281962129
417.615660880974
911.83373149867
241.999760261683
423.252641113754
643.884624809265
619.210558981627
749.33037003068
407.374930321633
828.243204270165
611.141370016194
517.627190601851
644.90707514936
306.520216118952
419.724333362667
432.464589400209
474.783992673619
