6133.57865119434
6472.76883813338
3169.26693829499
3394.22039139883
1291.52476857541
14816.5196313212
11350.5754011833
24706.0864670149
1867.44208673745
11832.1891402646
3402.57719600951
216.930398330912
5066.21789528419
3762.63075013358
3578.76299670867
1588.27644455393
16667.4363177458
23385.6051178669
3286.54785662326
10065.3731253609
3448.70335169349
6143.7420370255
2003.08227184901
22309.6830620285
9429.02580082566
9286.65188864494
12983.8394961936
4804.43909448068
22458.6769318538
11205.0162550443
