7255.62796441746
2123.74886129758
58.5749158485855
307.647222405854
2131.17935833436
10289.7490890292
26784.2983248221
3557.29777377053
6116.78341600913
11055.0768465923
619.88414366607
14869.9969652637
10834.4805962237
326.981611597974
3189.71975695873
26604.1927683769
29111.6643881457
25698.6432807786
7302.07768960612
7946.47526589059
26658.0586762501
6297.16389139786
28384.9662163331
260.244426188332
15786.0679941223
22069.0644982775
6647.84094871115
91.134006232676
13679.8008079077
186.41262277972
