408.173539500517
502.484608938133
229.553905876025
277.601575039137
478.390828960899
494.261778113975
532.050383086641
682.377370950014
549.251015649983
694.802612080463
1039.7224703985
544.77865911343
515.613409986832
1002.74422589989
796.879868731987
341.667320663989
548.776944091003
584.598331059808
579.69065372583
671.542921766364
717.564684830817
661.053493291442
189.148218852105
484.224151119114
607.37671855868
841.170081810224
530.874488984065
841.08906495474
433.783756773445
719.531239674413
