485.603923044229
337.617269198803
220.783592600526
359.581852396461
375.094740008294
289.368119377013
368.731596799044
336.163690090556
445.750136080082
650.300899000566
438.347267996446
102.230555036827
470.609875597611
366.777557648452
370.040844221801
298.777631455738
336.98923410135
102.457194126854
343.460843039546
242.026870074691
461.098606284952
384.694677646878
339.594204217397
103.033974739333
221.352522993615
502.915829997246
264.698915901795
315.082842944757
271.992813670854
254.359972474365
