2330.45690252195
2241.40577596543
2608.00384491895
2112.2255722001
1558.79675969775
3068.97341368583
2019.53193115521
3249.6304514084
4305.8553251673
2295.2644474637
2495.20144258733
2880.95824814308
3667.58187114383
2456.76185215237
100.861610710626
101.070010773671
2606.26278994946
1667.31414641046
1985.94251365501
1439.93906758619
2171.38662751598
2036.68316285705
1808.30431952055
2892.95675478819
1699.43151815488
112.059048368448
2010.88781115151
2165.17690872769
2253.87688724703
1844.44977022165
