2567.34334485156
1034.8119136609
526.64896089718
1399.74185534485
722.550013606069
1074.01803689785
380.921967773172
1023.77371265811
582.582550844955
969.045366805826
1712.45347594304
1483.55057533294
447.734500157093
1744.36150009302
1613.58760248656
853.776319950901
868.147855913443
1620.32735295075
770.75204691348
464.150913960674
798.580501015178
1057.45564085775
535.214433232445
845.971863431248
1014.0396275871
426.084595494426
803.070462256801
1112.39150061137
561.627765126895
663.645566634345
