445.949905039304
446.084514480939
447.058369625377
444.79289844941
446.567989692432
452.201263172662
1263.17597460077
455.173553780912
399.584967871679
444.51350044579
399.609990033281
399.609990033281
399.609990033281
445.941654303492
399.639294977871
446.578736534627
406.45472875758
452.903774488825
448.16362964988
447.771455659264
397.991411953605
444.378739943621
100.513722867411
447.616668565623
444.608946577028
399.609990033281
445.294219041381
445.11979903182
399.584967871679
399.584967871679
