463.474524933628
499.51378025965
622.794826068876
1088.33942676592
513.090828382018
439.926035766176
628.520716656835
1102.82557890529
619.309333585416
1750.12508173563
509.035987135764
1032.12764482376
784.184302846748
602.915659527539
903.192007149432
653.332304552651
637.966728838335
484.39257269275
593.428981358501
507.586349402703
551.079229407018
755.653172360744
529.663692481716
1133.41642510749
475.047382499212
471.432474727457
1332.37999663567
475.360935811415
544.240216147374
795.133062202893
