730.909361058915
488.987278791197
597.375178518843
301.646065307607
1085.2536380131
452.631245963882
659.24285999521
472.43770685869
550.088622182389
391.899169398327
819.895645073106
840.255444223609
435.192340968046
677.971746636918
596.575866693469
661.815603345287
525.717511076752
622.858129069367
614.251723271371
510.486502581949
757.493899097771
572.877074638016
583.783252384988
930.083986194736
699.011402852444
809.40918361257
744.564552581943
454.216134668945
764.560791242659
1281.44505142161
