2.10362824923601
0.831022846116582
2.07095012424509
0.633816448373409
0.250693813373914
42.0367165413626
0.563197256564592
2.1138545225283
0.390601396185787
0.98562287643324
2.18230468617423
0.447180791311553
1.0033822064072
0.546952734964975
2.14622501131339
0.568869204332032
0.512845218090661
66.8905680880407
70.7130877118234
0.472567706181849
2.18167611072693
2.09727773801808
2.12835049989633
3.72949809018149
0.413918362870447
2.05763323893342
0.465199320439467
0.381054782790727
2.14550314039656
0.452589566080576
