88.3758158554523
90.6649468894598
107.533006197847
59.0829744149581
74.4594082619433
80.137168438356
83.59290235711
73.6472648484253
80.3278558902466
100.530547223081
113.354626095461
92.9886893260378
83.5073231034013
122.343208166257
58.9435984533226
66.0658901794936
106.416794781783
104.483667574653
67.1403271889817
112.607701052846
91.1644498612244
70.1694659364263
95.5514194833474
87.0154883526989
76.9128062617567
142.431106905389
101.411387512841
44.9840209343794
74.8282171966883
75.9362849844729
