170.987769085601
128.347574151193
183.067556941143
222.866929579631
176.105224005497
105.464391211171
302.459141058565
227.503140619723
204.95641594747
164.19148300711
135.313025967086
81.5858760446732
171.130269408005
293.499074115051
113.423931492873
138.297140200149
273.462881704498
90.5401470521286
167.151308808735
90.5399185655371
134.318234623544
89.5458243217074
120.388985430531
246.742249210873
217.068667934953
198.988497057001
340.268672292053
135.312714808982
91.5354313054345
129.34315508862
