3871.60181678861
5167.00752838677
4001.69015210588
4063.77745435322
2207.14409304434
3335.01929488873
3619.52170665792
1881.21995354661
3801.67296598627
5922.78686867835
8332.79860825442
3854.66323467452
2221.24677325333
2852.29011969341
2751.05472689342
1464.98690733365
3700.40285186219
3328.59737611072
1835.39366439669
2237.35231080719
2582.64196814063
1940.42599237879
3513.58190248113
3037.21234531982
2626.82791447186
3438.31212141306
7424.16477701607
3130.87877771017
4448.03804168245
3912.19156812553
